10 0 0 0 0 24 -95 0
20 0 0 0 0 11 -95 0
55 0 0 0 0 11 -95 0
110 0 0 0 0 12 -95 0
10 0 0 0 0 13 -95 1
20 0 0 0 0 12 -95 1
55 0 0 0 0 11 -95 1
110 0 0 0 0 10 -95 1
10 0 0 0 0 13 -95 2
20 0 0 0 0 12 -95 2
55 0 0 0 0 11 -95 2
110 0 0 0 0 08 -95 2
150 1 0 1 1 10 -95 2
10 0 0 0 0 13 -95 3
20 0 0 0 0 11 -95 3
55 0 0 0 0 12 -95 3
110 0 0 0 0 12 -95 3
20 0 0 0 0 12 -95 4
55 0 0 0 0 12 -95 4
110 0 0 0 0 12 -95 4
10 0 0 0 0 12 -95 5
20 0 0 0 0 12 -95 5
55 0 0 0 0 11 -95 5
110 0 0 0 0 11 -95 5
10 0 0 0 0 13 -95 6
20 0 0 0 0 12 -95 6
55 0 0 0 0 11 -95 6
110 0 0 0 0 11 -95 6
10 0 0 0 0 12 -95 7
20 0 0 0 0 12 -95 7
55 0 0 0 0 11 -95 7
110 0 0 0 0 11 -95 7
10 0 0 0 0 12 -95 8
20 0 0 0 0 10 -95 8
55 0 0 0 0 10 -95 8
110 0 0 0 0 12 -95 8
10 0 0 0 0 12 -95 9
20 0 0 0 0 11 -95 9
55 0 0 0 0 12 -95 9
110 0 0 0 0 11 -95 9
10 0 0 0 0 13 -95 10
55 0 0 0 0 11 -95 10
110 0 0 0 0 12 -95 10
10 0 0 0 0 12 -95 11
20 0 0 0 0 13 -95 11
55 0 0 0 0 12 -95 11
110 0 0 0 0 12 -95 11
10 0 0 0 0 12 -95 12
20 0 0 0 0 13 -95 12
55 0 0 0 0 13 -95 12
110 0 0 0 0 10 -95 12
10 0 0 0 0 12 -95 13
20 0 0 0 0 12 -95 13
55 0 0 0 0 12 -95 13
110 0 0 0 0 10 -95 13
10 0 0 0 0 12 -95 14
20 0 0 0 0 12 -95 14
55 0 0 0 0 12 -95 14
110 0 0 0 0 10 -95 14
10 0 0 0 0 12 -95 15
20 0 0 0 0 12 -95 15
55 0 0 0 0 11 -95 15
110 0 0 0 0 12 -95 15
10 0 0 0 0 12 -95 16
20 0 0 0 0 12 -95 16
55 0 0 0 0 11 -95 16
110 0 0 0 0 12 -95 16
10 0 0 0 0 12 -95 17
20 0 0 0 0 13 -95 17
55 0 0 0 0 11 -95 17
110 0 0 0 0 11 -95 17
10 0 0 0 0 12 -95 18
20 0 0 0 0 13 -95 18
55 0 0 0 0 11 -95 18
110 0 0 0 0 11 -95 18
10 0 0 0 0 11 -95 19
20 0 0 0 0 11 -95 19
55 0 0 0 0 12 -95 19
110 0 0 0 0 10 -95 19
10 0 0 0 0 11 -95 20
20 0 0 0 0 13 -95 20
55 0 0 0 0 11 -95 20
110 0 0 0 0 12 -95 20
600 1 9 1 1 10 -95 20
10 0 0 0 0 13 -95 21
20 0 0 0 0 12 -95 21
55 0 0 0 0 11 -95 21
110 0 0 0 0 12 -95 21
10 0 0 0 0 12 -95 22
20 0 0 0 0 11 -95 22
55 0 0 0 0 12 -95 22
110 0 0 0 0 11 -95 22
10 0 0 0 0 12 -95 23
20 0 0 0 0 11 -95 23
55 0 0 0 0 12 -95 23
110 0 0 0 0 12 -95 23
10 0 0 0 0 12 -95 24
20 0 0 0 0 11 -95 24
55 0 0 0 0 11 -95 24
110 0 0 0 0 12 -95 24
10 0 0 0 0 13 -95 25
20 0 0 0 0 12 -95 25
55 0 0 0 0 12 -95 25
110 0 0 0 0 12 -95 25
10 0 0 0 0 11 -95 26
20 0 0 0 0 12 -95 26
55 0 0 0 0 12 -95 26
110 0 0 0 0 12 -95 26
10 0 0 0 0 12 -95 27
20 0 0 0 0 12 -95 27
55 0 0 0 0 11 -95 27
110 0 0 0 0 11 -95 27
10 0 0 0 0 13 -95 28
20 0 0 0 0 13 -95 28
55 0 0 0 0 11 -95 28
110 0 0 0 0 11 -95 28
10 0 0 0 0 12 -95 29
20 0 0 0 0 13 -95 29
55 0 0 0 0 13 -95 29
110 0 0 0 0 12 -95 29
260 1 3 0 0 12 -95 29
10 0 0 0 0 11 -95 30
20 0 0 0 0 12 -95 30
55 0 0 0 0 12 -95 30
110 0 0 0 0 11 -95 30
10 0 0 0 0 12 -95 31
20 0 0 0 0 13 -95 31
55 0 0 0 0 11 -95 31
110 0 0 0 0 11 -95 31
10 0 0 0 0 12 -95 32
20 0 0 0 0 12 -95 32
55 0 0 0 0 10 -95 32
110 0 0 0 0 11 -95 32
10 0 0 0 0 13 -95 33
20 0 0 0 0 12 -95 33
55 0 0 0 0 12 -95 33
110 0 0 0 0 11 -95 33
10 0 0 0 0 12 -95 34
20 0 0 0 0 11 -95 34
55 0 0 0 0 11 -95 34
110 0 0 0 0 12 -95 34
10 0 0 0 0 12 -95 35
20 0 0 0 0 12 -95 35
55 0 0 0 0 11 -95 35
110 0 0 0 0 11 -95 35
10 0 0 0 0 12 -95 36
20 0 0 0 0 12 -95 36
55 0 0 0 0 12 -95 36
110 0 0 0 0 13 -95 36
10 0 0 0 0 11 -95 37
20 0 0 0 0 11 -95 37
55 0 0 0 0 12 -95 37
110 0 0 0 0 12 -95 37
260 1 3 0 0 12 -95 37
10 0 0 0 0 12 -95 38
20 0 0 0 0 10 -95 38
55 0 0 0 0 11 -95 38
110 0 0 0 0 10 -95 38
10 0 0 0 0 13 -95 39
20 0 0 0 0 13 -95 39
55 0 0 0 0 11 -95 39
110 0 0 0 0 12 -95 39
10 0 0 0 0 13 -95 40
20 0 0 0 0 12 -95 40
55 0 0 0 0 12 -95 40
110 0 0 0 0 13 -95 40
180 0 0 0 0 13 -95 40
10 0 0 0 0 12 -95 41
20 0 0 0 0 12 -95 41
55 0 0 0 0 12 -95 41
110 0 0 0 0 12 -95 41
10 0 0 0 0 13 -95 42
55 0 0 0 0 11 -95 42
110 0 0 0 0 11 -95 42
10 0 0 0 0 13 -95 43
20 0 0 0 0 12 -95 43
55 0 0 0 0 12 -95 43
110 0 0 0 0 12 -95 43
10 0 0 0 0 13 -95 44
20 0 0 0 0 13 -95 44
55 0 0 0 0 11 -95 44
110 0 0 0 0 12 -95 44
10 0 0 0 0 12 -95 45
20 0 0 0 0 13 -95 45
55 0 0 0 0 11 -95 45
110 0 0 0 0 12 -95 45
600 1 3 1 1 09 -95 45
10 0 0 0 0 13 -95 46
20 0 0 0 0 12 -95 46
55 0 0 0 0 12 -95 46
110 0 0 0 0 12 -95 46
10 0 0 0 0 12 -95 47
20 0 0 0 0 12 -95 47
55 0 0 0 0 12 -95 47
110 0 0 0 0 11 -95 47
10 0 0 0 0 13 -95 48
20 0 0 0 0 12 -95 48
55 0 0 0 0 11 -95 48
110 0 0 0 0 11 -95 48
10 0 0 0 0 13 -95 49
20 0 0 0 0 12 -95 49
55 0 0 0 0 10 -95 49
110 0 0 0 0 11 -95 49
10 0 0 0 0 12 -95 50
20 0 0 0 0 12 -95 50
55 0 0 0 0 11 -95 50
10 0 0 0 0 12 -95 51
20 0 0 0 0 10 -95 51
55 0 0 0 0 11 -95 51
110 0 0 0 0 11 -95 51
10 0 0 0 0 12 -95 52
20 0 0 0 0 12 -95 52
55 0 0 0 0 11 -95 52
110 0 0 0 0 11 -95 52
10 0 0 0 0 13 -95 53
20 0 0 0 0 11 -95 53
55 0 0 0 0 10 -95 53
110 0 0 0 0 11 -95 53
10 0 0 0 0 13 -95 54
20 0 0 0 0 12 -95 54
55 0 0 0 0 12 -95 54
110 0 0 0 0 11 -95 54
10 0 0 0 0 12 -95 55
20 0 0 0 0 09 -95 55
55 0 0 0 0 12 -95 55
110 0 0 0 0 11 -95 55
10 0 0 0 0 13 -95 56
20 0 0 0 0 12 -95 56
55 0 0 0 0 12 -95 56
110 0 0 0 0 12 -95 56
10 0 0 0 0 12 -95 57
20 0 0 0 0 11 -95 57
55 0 0 0 0 11 -95 57
110 0 0 0 0 12 -95 57
10 0 0 0 0 12 -95 58
20 0 0 0 0 12 -95 58
55 0 0 0 0 12 -95 58
110 0 0 0 0 11 -95 58
10 0 0 0 0 13 -95 59
20 0 0 0 0 13 -95 59
55 0 0 0 0 11 -95 59
110 0 0 0 0 11 -95 59
10 0 0 0 0 10 -95 60
20 0 0 0 0 11 -95 60
55 0 0 0 0 11 -95 60
110 0 0 0 0 11 -95 60
10 0 0 0 0 12 -95 61
20 0 0 0 0 12 -95 61
55 0 0 0 0 13 -95 61
110 0 0 0 0 11 -95 61
10 0 0 0 0 11 -95 62
20 0 0 0 0 12 -95 62
55 0 0 0 0 13 -95 62
110 0 0 0 0 12 -95 62
10 0 0 0 0 11 -95 63
20 0 0 0 0 12 -95 63
55 0 0 0 0 12 -95 63
110 0 0 0 0 12 -95 63
10 0 0 0 0 12 -95 64
20 0 0 0 0 12 -95 64
55 0 0 0 0 12 -95 64
110 0 0 0 0 11 -95 64
10 0 0 0 0 11 -95 65
20 0 0 0 0 12 -95 65
55 0 0 0 0 11 -95 65
110 0 0 0 0 12 -95 65
10 0 0 0 0 12 -95 66
20 0 0 0 0 13 -95 66
55 0 0 0 0 11 -95 66
110 0 0 0 0 12 -95 66
10 0 0 0 0 12 -95 67
20 0 0 0 0 11 -95 67
55 0 0 0 0 10 -95 67
110 0 0 0 0 11 -95 67
10 0 0 0 0 12 -95 68
20 0 0 0 0 11 -95 68
55 0 0 0 0 11 -95 68
110 0 0 0 0 12 -95 68
10 0 0 0 0 11 -95 69
20 0 0 0 0 11 -95 69
55 0 0 0 0 11 -95 69
110 0 0 0 0 12 -95 69
10 0 0 0 0 12 -95 70
20 0 0 0 0 13 -95 70
55 0 0 0 0 12 -95 70
110 0 0 0 0 13 -95 70
10 0 0 0 0 14 -95 71
20 0 0 0 0 12 -95 71
55 0 0 0 0 11 -95 71
110 0 0 0 0 10 -95 71
10 0 0 0 0 12 -95 72
20 0 0 0 0 11 -95 72
55 0 0 0 0 11 -95 72
110 0 0 0 0 11 -95 72
10 0 0 0 0 12 -95 73
20 0 0 0 0 12 -95 73
55 0 0 0 0 11 -95 73
110 0 0 0 0 12 -95 73
10 0 0 0 0 12 -95 74
55 0 0 0 0 12 -95 74
110 0 0 0 0 12 -95 74
10 0 0 0 0 11 -95 75
20 0 0 0 0 12 -95 75
55 0 0 0 0 12 -95 75
110 0 0 0 0 12 -95 75
10 0 0 0 0 11 -95 76
20 0 0 0 0 11 -95 76
55 0 0 0 0 12 -95 76
110 0 0 0 0 12 -95 76
10 0 0 0 0 12 -95 77
20 0 0 0 0 12 -95 77
55 0 0 0 0 13 -95 77
110 0 0 0 0 10 -95 77
60 0 0 0 0 13 -95 77
10 0 0 0 0 12 -95 78
20 0 0 0 0 12 -95 78
55 0 0 0 0 12 -95 78
110 0 0 0 0 12 -95 78
10 0 0 0 0 13 -95 79
20 0 0 0 0 13 -95 79
55 0 0 0 0 12 -95 79
110 0 0 0 0 13 -95 79
10 0 0 0 0 12 -95 80
20 0 0 0 0 10 -95 80
55 0 0 0 0 11 -95 80
110 0 0 0 0 10 -95 80
10 0 0 0 0 12 -95 81
20 0 0 0 0 11 -95 81
55 0 0 0 0 11 -95 81
110 0 0 0 0 11 -95 81
10 0 0 0 0 12 -95 82
20 0 0 0 0 10 -95 82
55 0 0 0 0 11 -95 82
110 0 0 0 0 12 -95 82
10 0 0 0 0 12 -95 83
20 0 0 0 0 12 -95 83
55 0 0 0 0 11 -95 83
110 0 0 0 0 11 -95 83
10 0 0 0 0 12 -95 84
20 0 0 0 0 13 -95 84
55 0 0 0 0 10 -95 84
110 0 0 0 0 11 -95 84
10 0 0 0 0 11 -95 85
20 0 0 0 0 11 -95 85
55 0 0 0 0 12 -95 85
110 0 0 0 0 12 -95 85
10 0 0 0 0 12 -95 86
20 0 0 0 0 10 -95 86
55 0 0 0 0 11 -95 86
110 0 0 0 0 11 -95 86
10 0 0 0 0 13 -95 87
20 0 0 0 0 11 -95 87
55 0 0 0 0 12 -95 87
110 0 0 0 0 11 -95 87
10 0 0 0 0 13 -95 88
20 0 0 0 0 11 -95 88
55 0 0 0 0 10 -95 88
110 0 0 0 0 12 -95 88
10 0 0 0 0 12 -95 89
20 0 0 0 0 13 -95 89
55 0 0 0 0 12 -95 89
110 0 0 0 0 11 -95 89
10 0 0 0 0 12 -95 90
20 0 0 0 0 11 -95 90
55 0 0 0 0 12 -95 90
110 0 0 0 0 10 -95 90
10 0 0 0 0 12 -95 91
20 0 0 0 0 11 -95 91
55 0 0 0 0 12 -95 91
110 0 0 0 0 12 -95 91
10 0 0 0 0 12 -95 92
20 0 0 0 0 11 -95 92
55 0 0 0 0 11 -95 92
110 0 0 0 0 12 -95 92
10 0 0 0 0 12 -95 93
20 0 0 0 0 12 -95 93
55 0 0 0 0 12 -95 93
110 0 0 0 0 11 -95 93
10 0 0 0 0 12 -95 94
20 0 0 0 0 12 -95 94
55 0 0 0 0 13 -95 94
110 0 0 0 0 12 -95 94
10 0 0 0 0 12 -95 95
20 0 0 0 0 12 -95 95
55 0 0 0 0 11 -95 95
110 0 0 0 0 10 -95 95
10 0 0 0 0 13 -95 96
20 0 0 0 0 12 -95 96
55 0 0 0 0 12 -95 96
110 0 0 0 0 11 -95 96
10 0 0 0 0 13 -95 97
20 0 0 0 0 12 -95 97
55 0 0 0 0 11 -95 97
110 0 0 0 0 12 -95 97
10 0 0 0 0 13 -95 98
20 0 0 0 0 12 -95 98
55 0 0 0 0 11 -95 98
110 0 0 0 0 12 -95 98
10 0 0 0 0 12 -95 99
20 0 0 0 0 11 -95 99
55 0 0 0 0 12 -95 99
110 0 0 0 0 10 -95 99
