10 0 0 0 0 25 -95 0
20 0 0 0 0 18 -95 0
55 0 0 0 0 19 -95 0
110 0 0 0 0 20 -95 0
180 0 0 0 0 19 -95 0
195 1 2 0 0 18 -95 0
585 1 6 0 0 20 -95 0
650 1 7 0 0 19 -95 0
520 1 11 0 0 19 -95 0
780 1 12 0 0 19 -95 0
270 1 8 1 0 17 -95 0
10 0 0 0 0 19 -95 1
20 0 0 0 0 19 -95 1
55 0 0 0 0 18 -95 1
110 0 0 0 0 17 -95 1
180 0 0 0 0 20 -95 1
240 0 0 0 0 20 -95 1
480 0 0 0 0 20 -95 1
540 0 0 0 0 20 -95 1
520 1 5 0 0 19 -95 1
585 1 6 0 0 20 -95 1
260 1 9 0 0 19 -95 1
390 1 10 0 0 19 -95 1
10 0 0 0 0 18 -95 2
20 0 0 0 0 19 -95 2
55 0 0 0 0 19 -95 2
110 0 0 0 0 19 -95 2
60 0 0 0 0 19 -95 2
240 0 0 0 0 20 -95 2
390 1 4 0 0 19 -95 2
390 1 10 0 0 20 -95 2
540 1 9 1 0 17 -95 2
150 1 0 1 1 16 -95 2
300 1 1 1 1 17 -95 2
10 0 0 0 0 19 -95 3
20 0 0 0 0 19 -95 3
55 0 0 0 0 19 -95 3
110 0 0 0 0 18 -95 3
60 0 0 0 0 19 -95 3
240 0 0 0 0 20 -95 3
195 1 2 0 0 19 -95 3
260 1 3 0 0 20 -95 3
390 1 4 0 0 20 -95 3
520 1 5 0 0 19 -95 3
585 1 6 0 0 19 -95 3
130 1 8 0 0 20 -95 3
270 1 1 1 0 17 -95 3
540 1 3 1 0 17 -95 3
810 1 4 1 0 16 -95 3
450 1 2 1 1 17 -95 3
10 0 0 0 0 19 -95 4
20 0 0 0 0 19 -95 4
55 0 0 0 0 19 -95 4
110 0 0 0 0 20 -95 4
240 0 0 0 0 19 -95 4
360 0 0 0 0 20 -95 4
480 0 0 0 0 20 -95 4
540 0 0 0 0 20 -95 4
130 1 1 0 0 19 -95 4
195 1 2 0 0 20 -95 4
130 1 8 0 0 20 -95 4
520 1 11 0 0 19 -95 4
780 1 12 0 0 19 -95 4
540 1 3 1 0 17 -95 4
810 1 4 1 0 18 -95 4
300 1 1 1 1 17 -95 4
900 1 10 1 1 17 -95 4
10 0 0 0 0 19 -95 5
20 0 0 0 0 19 -95 5
55 0 0 0 0 20 -95 5
110 0 0 0 0 19 -95 5
120 0 0 0 0 21 -95 5
540 0 0 0 0 20 -95 5
130 1 1 0 0 19 -95 5
195 1 2 0 0 20 -95 5
585 1 6 0 0 20 -95 5
390 1 10 0 0 19 -95 5
520 1 11 0 0 20 -95 5
780 1 12 0 0 20 -95 5
540 1 9 1 0 18 -95 5
1080 1 11 1 0 18 -95 5
10 0 0 0 0 20 -95 6
20 0 0 0 0 20 -95 6
55 0 0 0 0 20 -95 6
110 0 0 0 0 21 -95 6
60 0 0 0 0 20 -95 6
90 0 0 0 0 20 -95 6
120 0 0 0 0 20 -95 6
240 0 0 0 0 20 -95 6
360 0 0 0 0 20 -95 6
130 1 1 0 0 21 -95 6
260 1 3 0 0 20 -95 6
390 1 4 0 0 20 -95 6
520 1 5 0 0 20 -95 6
585 1 6 0 0 20 -95 6
130 1 8 0 0 20 -95 6
390 1 10 0 0 20 -95 6
600 1 3 1 1 18 -95 6
900 1 4 1 1 17 -95 6
1200 1 5 1 1 17 -95 6
600 1 9 1 1 18 -95 6
10 0 0 0 0 19 -95 7
20 0 0 0 0 20 -95 7
55 0 0 0 0 20 -95 7
110 0 0 0 0 19 -95 7
60 0 0 0 0 20 -95 7
90 0 0 0 0 20 -95 7
390 1 4 0 0 20 -95 7
585 1 6 0 0 21 -95 7
650 1 7 0 0 20 -95 7
260 1 9 0 0 20 -95 7
405 1 2 1 0 18 -95 7
300 1 1 1 1 18 -95 7
600 1 3 1 1 17 -95 7
900 1 4 1 1 17 -95 7
10 0 0 0 0 20 -95 8
20 0 0 0 0 20 -95 8
55 0 0 0 0 20 -95 8
110 0 0 0 0 19 -95 8
60 0 0 0 0 21 -95 8
90 0 0 0 0 21 -95 8
180 0 0 0 0 20 -95 8
240 0 0 0 0 20 -95 8
65 1 0 0 0 20 -95 8
130 1 1 0 0 21 -95 8
195 1 2 0 0 20 -95 8
260 1 3 0 0 20 -95 8
390 1 4 0 0 21 -95 8
520 1 5 0 0 20 -95 8
585 1 6 0 0 20 -95 8
135 1 0 1 0 18 -95 8
1200 1 11 1 1 16 -95 8
10 0 0 0 0 18 -95 9
20 0 0 0 0 19 -95 9
110 0 0 0 0 20 -95 9
180 0 0 0 0 20 -95 9
240 0 0 0 0 20 -95 9
480 0 0 0 0 20 -95 9
540 0 0 0 0 19 -95 9
130 1 1 0 0 20 -95 9
390 1 10 0 0 20 -95 9
405 1 2 1 0 18 -95 9
540 1 3 1 0 18 -95 9
810 1 10 1 0 18 -95 9
300 1 8 1 1 17 -95 9
600 1 9 1 1 18 -95 9
10 0 0 0 0 19 -95 10
20 0 0 0 0 18 -95 10
55 0 0 0 0 19 -95 10
110 0 0 0 0 20 -95 10
120 0 0 0 0 20 -95 10
240 0 0 0 0 20 -95 10
480 0 0 0 0 19 -95 10
540 0 0 0 0 20 -95 10
65 1 0 0 0 19 -95 10
130 1 1 0 0 19 -95 10
195 1 2 0 0 19 -95 10
260 1 9 0 0 19 -95 10
900 1 10 1 1 17 -95 10
10 0 0 0 0 18 -95 11
20 0 0 0 0 19 -95 11
55 0 0 0 0 18 -95 11
110 0 0 0 0 16 -95 11
60 0 0 0 0 19 -95 11
90 0 0 0 0 19 -95 11
120 0 0 0 0 19 -95 11
180 0 0 0 0 20 -95 11
240 0 0 0 0 19 -95 11
195 1 2 0 0 20 -95 11
390 1 4 0 0 20 -95 11
390 1 10 0 0 19 -95 11
540 1 9 1 0 17 -95 11
450 1 2 1 1 17 -95 11
10 0 0 0 0 19 -95 12
20 0 0 0 0 20 -95 12
55 0 0 0 0 19 -95 12
110 0 0 0 0 18 -95 12
360 0 0 0 0 19 -95 12
390 1 4 0 0 19 -95 12
520 1 5 0 0 19 -95 12
390 1 10 0 0 20 -95 12
270 1 1 1 0 17 -95 12
540 1 3 1 0 17 -95 12
150 1 0 1 1 17 -95 12
300 1 1 1 1 17 -95 12
10 0 0 0 0 18 -95 13
20 0 0 0 0 20 -95 13
55 0 0 0 0 18 -95 13
110 0 0 0 0 19 -95 13
90 0 0 0 0 20 -95 13
540 0 0 0 0 19 -95 13
65 1 0 0 0 19 -95 13
195 1 2 0 0 20 -95 13
260 1 3 0 0 20 -95 13
585 1 6 0 0 20 -95 13
390 1 10 0 0 19 -95 13
780 1 12 0 0 20 -95 13
10 0 0 0 0 18 -95 14
20 0 0 0 0 17 -95 14
55 0 0 0 0 19 -95 14
110 0 0 0 0 18 -95 14
90 0 0 0 0 20 -95 14
120 0 0 0 0 19 -95 14
240 0 0 0 0 19 -95 14
360 0 0 0 0 20 -95 14
480 0 0 0 0 18 -95 14
540 0 0 0 0 20 -95 14
65 1 0 0 0 19 -95 14
585 1 6 0 0 19 -95 14
780 1 12 0 0 20 -95 14
270 1 8 1 0 17 -95 14
300 1 8 1 1 17 -95 14
600 1 9 1 1 15 -95 14
10 0 0 0 0 18 -95 15
20 0 0 0 0 19 -95 15
55 0 0 0 0 19 -95 15
110 0 0 0 0 18 -95 15
90 0 0 0 0 19 -95 15
120 0 0 0 0 20 -95 15
240 0 0 0 0 20 -95 15
540 0 0 0 0 20 -95 15
65 1 0 0 0 19 -95 15
130 1 1 0 0 19 -95 15
130 1 8 0 0 19 -95 15
260 1 9 0 0 19 -95 15
520 1 11 0 0 19 -95 15
10 0 0 0 0 17 -95 16
20 0 0 0 0 17 -95 16
55 0 0 0 0 18 -95 16
110 0 0 0 0 18 -95 16
90 0 0 0 0 19 -95 16
120 0 0 0 0 19 -95 16
180 0 0 0 0 19 -95 16
240 0 0 0 0 19 -95 16
540 0 0 0 0 19 -95 16
195 1 2 0 0 20 -95 16
260 1 3 0 0 19 -95 16
520 1 5 0 0 19 -95 16
650 1 7 0 0 19 -95 16
130 1 8 0 0 20 -95 16
150 1 0 1 1 16 -95 16
300 1 1 1 1 17 -95 16
10 0 0 0 0 18 -95 17
20 0 0 0 0 18 -95 17
55 0 0 0 0 19 -95 17
110 0 0 0 0 18 -95 17
540 0 0 0 0 19 -95 17
65 1 0 0 0 20 -95 17
130 1 1 0 0 19 -95 17
260 1 3 0 0 20 -95 17
260 1 9 0 0 20 -95 17
520 1 11 0 0 20 -95 17
270 1 1 1 0 18 -95 17
540 1 3 1 0 17 -95 17
810 1 10 1 0 17 -95 17
10 0 0 0 0 18 -95 18
20 0 0 0 0 20 -95 18
55 0 0 0 0 19 -95 18
110 0 0 0 0 15 -95 18
480 0 0 0 0 19 -95 18
540 0 0 0 0 19 -95 18
65 1 0 0 0 20 -95 18
130 1 1 0 0 20 -95 18
260 1 3 0 0 19 -95 18
585 1 6 0 0 19 -95 18
390 1 10 0 0 19 -95 18
520 1 11 0 0 20 -95 18
135 1 0 1 0 17 -95 18
20 0 0 0 0 19 -95 19
55 0 0 0 0 18 -95 19
110 0 0 0 0 18 -95 19
90 0 0 0 0 20 -95 19
120 0 0 0 0 19 -95 19
240 0 0 0 0 20 -95 19
360 0 0 0 0 20 -95 19
480 0 0 0 0 19 -95 19
130 1 8 0 0 19 -95 19
390 1 10 0 0 20 -95 19
540 1 3 1 0 17 -95 19
10 0 0 0 0 19 -95 20
20 0 0 0 0 19 -95 20
55 0 0 0 0 20 -95 20
110 0 0 0 0 19 -95 20
240 0 0 0 0 20 -95 20
360 0 0 0 0 19 -95 20
480 0 0 0 0 20 -95 20
65 1 0 0 0 20 -95 20
130 1 1 0 0 20 -95 20
195 1 2 0 0 20 -95 20
585 1 6 0 0 19 -95 20
650 1 7 0 0 20 -95 20
130 1 8 0 0 20 -95 20
260 1 9 0 0 20 -95 20
520 1 11 0 0 20 -95 20
540 1 3 1 0 18 -95 20
1080 1 5 1 0 18 -95 20
270 1 8 1 0 17 -95 20
300 1 8 1 1 17 -95 20
10 0 0 0 0 20 -95 21
20 0 0 0 0 20 -95 21
55 0 0 0 0 20 -95 21
110 0 0 0 0 19 -95 21
60 0 0 0 0 21 -95 21
90 0 0 0 0 20 -95 21
180 0 0 0 0 20 -95 21
360 0 0 0 0 20 -95 21
65 1 0 0 0 21 -95 21
130 1 1 0 0 20 -95 21
585 1 6 0 0 20 -95 21
130 1 8 0 0 20 -95 21
390 1 10 0 0 20 -95 21
405 1 2 1 0 18 -95 21
540 1 9 1 0 18 -95 21
150 1 0 1 1 17 -95 21
300 1 1 1 1 18 -95 21
1200 1 11 1 1 17 -95 21
10 0 0 0 0 19 -95 22
20 0 0 0 0 19 -95 22
55 0 0 0 0 19 -95 22
110 0 0 0 0 20 -95 22
480 0 0 0 0 20 -95 22
540 0 0 0 0 19 -95 22
260 1 3 0 0 20 -95 22
585 1 6 0 0 19 -95 22
130 1 8 0 0 19 -95 22
390 1 10 0 0 20 -95 22
135 1 0 1 0 18 -95 22
10 0 0 0 0 19 -95 23
20 0 0 0 0 18 -95 23
55 0 0 0 0 18 -95 23
110 0 0 0 0 18 -95 23
60 0 0 0 0 20 -95 23
240 0 0 0 0 19 -95 23
360 0 0 0 0 20 -95 23
480 0 0 0 0 19 -95 23
65 1 0 0 0 20 -95 23
260 1 9 0 0 20 -95 23
520 1 11 0 0 20 -95 23
780 1 12 0 0 19 -95 23
10 0 0 0 0 18 -95 24
20 0 0 0 0 19 -95 24
55 0 0 0 0 19 -95 24
110 0 0 0 0 19 -95 24
60 0 0 0 0 20 -95 24
90 0 0 0 0 20 -95 24
120 0 0 0 0 20 -95 24
240 0 0 0 0 20 -95 24
130 1 8 0 0 19 -95 24
390 1 10 0 0 19 -95 24
540 1 9 1 0 17 -95 24
1080 1 11 1 0 18 -95 24
600 1 9 1 1 17 -95 24
10 0 0 0 0 18 -95 25
20 0 0 0 0 19 -95 25
55 0 0 0 0 18 -95 25
110 0 0 0 0 19 -95 25
120 0 0 0 0 19 -95 25
180 0 0 0 0 19 -95 25
360 0 0 0 0 19 -95 25
390 1 4 0 0 20 -95 25
520 1 5 0 0 19 -95 25
585 1 6 0 0 19 -95 25
650 1 7 0 0 20 -95 25
130 1 8 0 0 19 -95 25
390 1 10 0 0 19 -95 25
270 1 1 1 0 16 -95 25
10 0 0 0 0 19 -95 26
20 0 0 0 0 19 -95 26
55 0 0 0 0 19 -95 26
110 0 0 0 0 19 -95 26
60 0 0 0 0 19 -95 26
90 0 0 0 0 19 -95 26
480 0 0 0 0 19 -95 26
540 0 0 0 0 19 -95 26
65 1 0 0 0 19 -95 26
130 1 1 0 0 19 -95 26
195 1 2 0 0 20 -95 26
520 1 5 0 0 19 -95 26
810 1 4 1 0 17 -95 26
150 1 0 1 1 17 -95 26
900 1 10 1 1 17 -95 26
10 0 0 0 0 18 -95 27
20 0 0 0 0 17 -95 27
55 0 0 0 0 19 -95 27
110 0 0 0 0 19 -95 27
180 0 0 0 0 18 -95 27
480 0 0 0 0 19 -95 27
65 1 0 0 0 19 -95 27
195 1 2 0 0 19 -95 27
260 1 3 0 0 19 -95 27
585 1 6 0 0 19 -95 27
130 1 8 0 0 18 -95 27
780 1 12 0 0 20 -95 27
1200 1 11 1 1 17 -95 27
10 0 0 0 0 17 -95 28
20 0 0 0 0 18 -95 28
55 0 0 0 0 18 -95 28
110 0 0 0 0 18 -95 28
65 1 0 0 0 20 -95 28
130 1 1 0 0 19 -95 28
650 1 7 0 0 19 -95 28
260 1 9 0 0 19 -95 28
520 1 11 0 0 19 -95 28
900 1 10 1 1 16 -95 28
1200 1 11 1 1 17 -95 28
10 0 0 0 0 17 -95 29
20 0 0 0 0 18 -95 29
55 0 0 0 0 18 -95 29
110 0 0 0 0 19 -95 29
60 0 0 0 0 18 -95 29
90 0 0 0 0 19 -95 29
120 0 0 0 0 20 -95 29
180 0 0 0 0 19 -95 29
240 0 0 0 0 19 -95 29
480 0 0 0 0 19 -95 29
900 1 4 1 1 17 -95 29
10 0 0 0 0 19 -95 30
20 0 0 0 0 18 -95 30
55 0 0 0 0 18 -95 30
110 0 0 0 0 18 -95 30
60 0 0 0 0 19 -95 30
90 0 0 0 0 19 -95 30
360 0 0 0 0 19 -95 30
540 0 0 0 0 20 -95 30
390 1 4 0 0 19 -95 30
520 1 5 0 0 19 -95 30
130 1 8 0 0 19 -95 30
780 1 12 0 0 19 -95 30
405 1 2 1 0 17 -95 30
810 1 10 1 0 16 -95 30
10 0 0 0 0 19 -95 31
20 0 0 0 0 19 -95 31
55 0 0 0 0 19 -95 31
110 0 0 0 0 19 -95 31
60 0 0 0 0 19 -95 31
360 0 0 0 0 20 -95 31
540 0 0 0 0 19 -95 31
65 1 0 0 0 20 -95 31
130 1 1 0 0 19 -95 31
195 1 2 0 0 19 -95 31
390 1 4 0 0 18 -95 31
810 1 4 1 0 16 -95 31
1080 1 5 1 0 17 -95 31
600 1 9 1 1 17 -95 31
900 1 10 1 1 17 -95 31
10 0 0 0 0 19 -95 32
20 0 0 0 0 20 -95 32
55 0 0 0 0 20 -95 32
110 0 0 0 0 19 -95 32
480 0 0 0 0 19 -95 32
65 1 0 0 0 20 -95 32
260 1 3 0 0 19 -95 32
390 1 4 0 0 19 -95 32
585 1 6 0 0 20 -95 32
780 1 12 0 0 20 -95 32
540 1 3 1 0 17 -95 32
540 1 9 1 0 17 -95 32
810 1 10 1 0 18 -95 32
10 0 0 0 0 18 -95 33
20 0 0 0 0 18 -95 33
55 0 0 0 0 17 -95 33
110 0 0 0 0 19 -95 33
90 0 0 0 0 19 -95 33
120 0 0 0 0 19 -95 33
180 0 0 0 0 19 -95 33
240 0 0 0 0 19 -95 33
360 0 0 0 0 19 -95 33
480 0 0 0 0 19 -95 33
540 0 0 0 0 19 -95 33
520 1 5 0 0 19 -95 33
585 1 6 0 0 20 -95 33
130 1 8 0 0 19 -95 33
260 1 9 0 0 20 -95 33
390 1 10 0 0 20 -95 33
520 1 11 0 0 20 -95 33
780 1 12 0 0 20 -95 33
540 1 9 1 0 16 -95 33
150 1 0 1 1 17 -95 33
10 0 0 0 0 18 -95 34
20 0 0 0 0 20 -95 34
55 0 0 0 0 19 -95 34
110 0 0 0 0 19 -95 34
60 0 0 0 0 20 -95 34
90 0 0 0 0 20 -95 34
120 0 0 0 0 20 -95 34
180 0 0 0 0 20 -95 34
260 1 3 0 0 20 -95 34
390 1 4 0 0 20 -95 34
585 1 6 0 0 19 -95 34
650 1 7 0 0 20 -95 34
520 1 11 0 0 19 -95 34
780 1 12 0 0 20 -95 34
1080 1 5 1 0 17 -95 34
540 1 9 1 0 16 -95 34
150 1 0 1 1 17 -95 34
450 1 2 1 1 18 -95 34
10 0 0 0 0 19 -95 35
20 0 0 0 0 19 -95 35
55 0 0 0 0 19 -95 35
110 0 0 0 0 20 -95 35
60 0 0 0 0 20 -95 35
90 0 0 0 0 19 -95 35
195 1 2 0 0 19 -95 35
260 1 3 0 0 20 -95 35
390 1 4 0 0 19 -95 35
520 1 5 0 0 20 -95 35
130 1 8 0 0 20 -95 35
260 1 9 0 0 20 -95 35
520 1 11 0 0 19 -95 35
780 1 12 0 0 19 -95 35
270 1 1 1 0 16 -95 35
900 1 4 1 1 17 -95 35
10 0 0 0 0 19 -95 36
20 0 0 0 0 19 -95 36
55 0 0 0 0 19 -95 36
110 0 0 0 0 19 -95 36
240 0 0 0 0 20 -95 36
540 0 0 0 0 20 -95 36
65 1 0 0 0 20 -95 36
130 1 1 0 0 20 -95 36
195 1 2 0 0 20 -95 36
260 1 3 0 0 20 -95 36
520 1 5 0 0 19 -95 36
780 1 12 0 0 19 -95 36
810 1 4 1 0 18 -95 36
1080 1 11 1 0 18 -95 36
900 1 10 1 1 18 -95 36
1200 1 11 1 1 17 -95 36
10 0 0 0 0 19 -95 37
20 0 0 0 0 19 -95 37
55 0 0 0 0 20 -95 37
110 0 0 0 0 20 -95 37
120 0 0 0 0 20 -95 37
360 0 0 0 0 19 -95 37
480 0 0 0 0 20 -95 37
540 0 0 0 0 21 -95 37
130 1 1 0 0 19 -95 37
390 1 4 0 0 20 -95 37
260 1 9 0 0 21 -95 37
390 1 10 0 0 20 -95 37
520 1 11 0 0 20 -95 37
780 1 12 0 0 20 -95 37
270 1 8 1 0 18 -95 37
540 1 9 1 0 18 -95 37
10 0 0 0 0 18 -95 38
20 0 0 0 0 18 -95 38
55 0 0 0 0 18 -95 38
110 0 0 0 0 19 -95 38
60 0 0 0 0 19 -95 38
90 0 0 0 0 20 -95 38
120 0 0 0 0 19 -95 38
180 0 0 0 0 19 -95 38
240 0 0 0 0 20 -95 38
360 0 0 0 0 19 -95 38
480 0 0 0 0 20 -95 38
65 1 0 0 0 20 -95 38
260 1 3 0 0 19 -95 38
390 1 4 0 0 20 -95 38
585 1 6 0 0 20 -95 38
130 1 8 0 0 19 -95 38
520 1 11 0 0 20 -95 38
10 0 0 0 0 19 -95 39
20 0 0 0 0 19 -95 39
55 0 0 0 0 19 -95 39
110 0 0 0 0 19 -95 39
60 0 0 0 0 20 -95 39
90 0 0 0 0 19 -95 39
120 0 0 0 0 20 -95 39
195 1 2 0 0 19 -95 39
585 1 6 0 0 20 -95 39
650 1 7 0 0 19 -95 39
260 1 9 0 0 20 -95 39
600 1 3 1 1 17 -95 39
10 0 0 0 0 19 -95 40
20 0 0 0 0 19 -95 40
55 0 0 0 0 18 -95 40
110 0 0 0 0 19 -95 40
60 0 0 0 0 20 -95 40
90 0 0 0 0 20 -95 40
120 0 0 0 0 19 -95 40
240 0 0 0 0 19 -95 40
65 1 0 0 0 19 -95 40
130 1 1 0 0 19 -95 40
195 1 2 0 0 20 -95 40
260 1 3 0 0 20 -95 40
390 1 4 0 0 19 -95 40
520 1 5 0 0 19 -95 40
585 1 6 0 0 19 -95 40
780 1 12 0 0 19 -95 40
135 1 0 1 0 17 -95 40
540 1 3 1 0 16 -95 40
10 0 0 0 0 19 -95 41
20 0 0 0 0 18 -95 41
55 0 0 0 0 19 -95 41
180 0 0 0 0 18 -95 41
480 0 0 0 0 20 -95 41
130 1 1 0 0 20 -95 41
195 1 2 0 0 20 -95 41
520 1 11 0 0 20 -95 41
1080 1 11 1 0 16 -95 41
150 1 0 1 1 17 -95 41
300 1 8 1 1 16 -95 41
600 1 9 1 1 17 -95 41
10 0 0 0 0 18 -95 42
20 0 0 0 0 19 -95 42
55 0 0 0 0 18 -95 42
110 0 0 0 0 19 -95 42
240 0 0 0 0 20 -95 42
130 1 8 0 0 19 -95 42
260 1 9 0 0 19 -95 42
270 1 8 1 0 17 -95 42
540 1 9 1 0 17 -95 42
10 0 0 0 0 18 -95 43
20 0 0 0 0 18 -95 43
55 0 0 0 0 19 -95 43
110 0 0 0 0 18 -95 43
60 0 0 0 0 19 -95 43
90 0 0 0 0 20 -95 43
180 0 0 0 0 20 -95 43
240 0 0 0 0 19 -95 43
360 0 0 0 0 19 -95 43
480 0 0 0 0 19 -95 43
260 1 3 0 0 19 -95 43
390 1 4 0 0 19 -95 43
520 1 5 0 0 19 -95 43
585 1 6 0 0 19 -95 43
130 1 8 0 0 20 -95 43
810 1 10 1 0 17 -95 43
450 1 2 1 1 16 -95 43
600 1 3 1 1 17 -95 43
10 0 0 0 0 19 -95 44
20 0 0 0 0 18 -95 44
55 0 0 0 0 18 -95 44
110 0 0 0 0 18 -95 44
60 0 0 0 0 20 -95 44
260 1 3 0 0 19 -95 44
585 1 6 0 0 19 -95 44
130 1 8 0 0 19 -95 44
300 1 1 1 1 16 -95 44
10 0 0 0 0 18 -95 45
20 0 0 0 0 19 -95 45
55 0 0 0 0 19 -95 45
110 0 0 0 0 19 -95 45
60 0 0 0 0 19 -95 45
240 0 0 0 0 19 -95 45
65 1 0 0 0 19 -95 45
195 1 2 0 0 19 -95 45
260 1 3 0 0 19 -95 45
390 1 4 0 0 19 -95 45
520 1 5 0 0 19 -95 45
520 1 11 0 0 19 -95 45
135 1 0 1 0 17 -95 45
10 0 0 0 0 17 -95 46
20 0 0 0 0 19 -95 46
55 0 0 0 0 19 -95 46
110 0 0 0 0 19 -95 46
240 0 0 0 0 19 -95 46
480 0 0 0 0 19 -95 46
65 1 0 0 0 19 -95 46
300 1 8 1 1 17 -95 46
10 0 0 0 0 18 -95 47
20 0 0 0 0 19 -95 47
55 0 0 0 0 18 -95 47
110 0 0 0 0 18 -95 47
180 0 0 0 0 20 -95 47
480 0 0 0 0 18 -95 47
540 0 0 0 0 19 -95 47
65 1 0 0 0 20 -95 47
260 1 3 0 0 19 -95 47
130 1 8 0 0 19 -95 47
260 1 9 0 0 19 -95 47
10 0 0 0 0 17 -95 48
20 0 0 0 0 19 -95 48
55 0 0 0 0 18 -95 48
110 0 0 0 0 18 -95 48
60 0 0 0 0 19 -95 48
90 0 0 0 0 20 -95 48
120 0 0 0 0 20 -95 48
360 0 0 0 0 20 -95 48
130 1 1 0 0 19 -95 48
195 1 2 0 0 19 -95 48
260 1 3 0 0 20 -95 48
520 1 5 0 0 19 -95 48
585 1 6 0 0 19 -95 48
130 1 8 0 0 19 -95 48
780 1 12 0 0 19 -95 48
300 1 1 1 1 17 -95 48
10 0 0 0 0 18 -95 49
20 0 0 0 0 16 -95 49
55 0 0 0 0 18 -95 49
110 0 0 0 0 17 -95 49
480 0 0 0 0 19 -95 49
540 0 0 0 0 19 -95 49
130 1 1 0 0 19 -95 49
390 1 4 0 0 19 -95 49
270 1 1 1 0 17 -95 49
270 1 8 1 0 16 -95 49
900 1 10 1 1 17 -95 49
10 0 0 0 0 18 -95 50
20 0 0 0 0 19 -95 50
55 0 0 0 0 19 -95 50
110 0 0 0 0 18 -95 50
60 0 0 0 0 20 -95 50
360 0 0 0 0 19 -95 50
480 0 0 0 0 19 -95 50
540 0 0 0 0 20 -95 50
65 1 0 0 0 20 -95 50
130 1 1 0 0 20 -95 50
195 1 2 0 0 20 -95 50
260 1 3 0 0 20 -95 50
390 1 4 0 0 20 -95 50
520 1 5 0 0 20 -95 50
650 1 7 0 0 20 -95 50
260 1 9 0 0 20 -95 50
390 1 10 0 0 19 -95 50
780 1 12 0 0 20 -95 50
135 1 0 1 0 18 -95 50
300 1 1 1 1 17 -95 50
300 1 8 1 1 18 -95 50
1200 1 11 1 1 18 -95 50
10 0 0 0 0 19 -95 51
20 0 0 0 0 20 -95 51
55 0 0 0 0 19 -95 51
110 0 0 0 0 18 -95 51
60 0 0 0 0 20 -95 51
90 0 0 0 0 19 -95 51
120 0 0 0 0 20 -95 51
180 0 0 0 0 20 -95 51
240 0 0 0 0 20 -95 51
480 0 0 0 0 20 -95 51
540 0 0 0 0 20 -95 51
260 1 9 0 0 20 -95 51
390 1 10 0 0 20 -95 51
135 1 0 1 0 17 -95 51
810 1 10 1 0 17 -95 51
900 1 4 1 1 18 -95 51
300 1 8 1 1 18 -95 51
10 0 0 0 0 19 -95 52
20 0 0 0 0 20 -95 52
55 0 0 0 0 19 -95 52
110 0 0 0 0 20 -95 52
60 0 0 0 0 20 -95 52
90 0 0 0 0 20 -95 52
120 0 0 0 0 20 -95 52
240 0 0 0 0 21 -95 52
480 0 0 0 0 20 -95 52
520 1 5 0 0 21 -95 52
585 1 6 0 0 20 -95 52
130 1 8 0 0 20 -95 52
260 1 9 0 0 21 -95 52
390 1 10 0 0 20 -95 52
520 1 11 0 0 21 -95 52
780 1 12 0 0 20 -95 52
135 1 0 1 0 18 -95 52
270 1 1 1 0 17 -95 52
405 1 2 1 0 18 -95 52
1080 1 5 1 0 17 -95 52
450 1 2 1 1 18 -95 52
600 1 3 1 1 17 -95 52
10 0 0 0 0 20 -95 53
20 0 0 0 0 19 -95 53
55 0 0 0 0 18 -95 53
110 0 0 0 0 20 -95 53
60 0 0 0 0 21 -95 53
90 0 0 0 0 20 -95 53
120 0 0 0 0 20 -95 53
360 0 0 0 0 20 -95 53
195 1 2 0 0 20 -95 53
260 1 3 0 0 19 -95 53
390 1 4 0 0 19 -95 53
585 1 6 0 0 20 -95 53
650 1 7 0 0 20 -95 53
390 1 10 0 0 19 -95 53
135 1 0 1 0 18 -95 53
540 1 3 1 0 17 -95 53
450 1 2 1 1 18 -95 53
10 0 0 0 0 19 -95 54
20 0 0 0 0 19 -95 54
55 0 0 0 0 20 -95 54
110 0 0 0 0 19 -95 54
60 0 0 0 0 19 -95 54
480 0 0 0 0 19 -95 54
65 1 0 0 0 20 -95 54
130 1 1 0 0 20 -95 54
260 1 3 0 0 20 -95 54
520 1 5 0 0 19 -95 54
650 1 7 0 0 19 -95 54
130 1 8 0 0 20 -95 54
270 1 1 1 0 16 -95 54
150 1 0 1 1 17 -95 54
10 0 0 0 0 18 -95 55
20 0 0 0 0 18 -95 55
55 0 0 0 0 19 -95 55
110 0 0 0 0 20 -95 55
240 0 0 0 0 19 -95 55
540 0 0 0 0 20 -95 55
65 1 0 0 0 20 -95 55
130 1 1 0 0 20 -95 55
195 1 2 0 0 19 -95 55
260 1 3 0 0 19 -95 55
130 1 8 0 0 20 -95 55
260 1 9 0 0 20 -95 55
390 1 10 0 0 19 -95 55
520 1 11 0 0 20 -95 55
780 1 12 0 0 19 -95 55
810 1 10 1 0 17 -95 55
10 0 0 0 0 19 -95 56
20 0 0 0 0 18 -95 56
55 0 0 0 0 20 -95 56
110 0 0 0 0 19 -95 56
120 0 0 0 0 19 -95 56
180 0 0 0 0 20 -95 56
240 0 0 0 0 19 -95 56
360 0 0 0 0 19 -95 56
480 0 0 0 0 20 -95 56
390 1 4 0 0 19 -95 56
585 1 6 0 0 19 -95 56
260 1 9 0 0 20 -95 56
900 1 4 1 1 17 -95 56
10 0 0 0 0 20 -95 57
20 0 0 0 0 19 -95 57
55 0 0 0 0 19 -95 57
110 0 0 0 0 19 -95 57
60 0 0 0 0 19 -95 57
90 0 0 0 0 20 -95 57
240 0 0 0 0 20 -95 57
480 0 0 0 0 19 -95 57
390 1 4 0 0 20 -95 57
520 1 5 0 0 19 -95 57
585 1 6 0 0 20 -95 57
130 1 8 0 0 19 -95 57
260 1 9 0 0 19 -95 57
390 1 10 0 0 20 -95 57
270 1 1 1 0 17 -95 57
540 1 3 1 0 15 -95 57
10 0 0 0 0 19 -95 58
20 0 0 0 0 18 -95 58
55 0 0 0 0 18 -95 58
110 0 0 0 0 18 -95 58
60 0 0 0 0 20 -95 58
90 0 0 0 0 20 -95 58
480 0 0 0 0 19 -95 58
195 1 2 0 0 20 -95 58
520 1 5 0 0 19 -95 58
585 1 6 0 0 19 -95 58
300 1 1 1 1 18 -95 58
900 1 4 1 1 17 -95 58
1200 1 11 1 1 18 -95 58
10 0 0 0 0 19 -95 59
20 0 0 0 0 19 -95 59
55 0 0 0 0 18 -95 59
110 0 0 0 0 19 -95 59
120 0 0 0 0 19 -95 59
360 0 0 0 0 19 -95 59
480 0 0 0 0 19 -95 59
260 1 3 0 0 20 -95 59
585 1 6 0 0 19 -95 59
130 1 8 0 0 20 -95 59
780 1 12 0 0 20 -95 59
405 1 2 1 0 17 -95 59
810 1 10 1 0 17 -95 59
10 0 0 0 0 18 -95 60
20 0 0 0 0 19 -95 60
55 0 0 0 0 19 -95 60
110 0 0 0 0 18 -95 60
240 0 0 0 0 19 -95 60
480 0 0 0 0 19 -95 60
540 0 0 0 0 19 -95 60
65 1 0 0 0 19 -95 60
130 1 8 0 0 20 -95 60
260 1 9 0 0 20 -95 60
390 1 10 0 0 20 -95 60
780 1 12 0 0 20 -95 60
10 0 0 0 0 18 -95 61
20 0 0 0 0 20 -95 61
55 0 0 0 0 18 -95 61
110 0 0 0 0 19 -95 61
120 0 0 0 0 20 -95 61
240 0 0 0 0 20 -95 61
130 1 1 0 0 20 -95 61
260 1 3 0 0 19 -95 61
130 1 8 0 0 21 -95 61
390 1 10 0 0 19 -95 61
1080 1 5 1 0 18 -95 61
1080 1 11 1 0 17 -95 61
300 1 1 1 1 18 -95 61
600 1 3 1 1 18 -95 61
10 0 0 0 0 19 -95 62
20 0 0 0 0 19 -95 62
55 0 0 0 0 20 -95 62
110 0 0 0 0 20 -95 62
90 0 0 0 0 20 -95 62
240 0 0 0 0 20 -95 62
540 0 0 0 0 20 -95 62
260 1 3 0 0 19 -95 62
390 1 4 0 0 21 -95 62
520 1 5 0 0 19 -95 62
585 1 6 0 0 20 -95 62
130 1 8 0 0 20 -95 62
390 1 10 0 0 20 -95 62
780 1 12 0 0 20 -95 62
10 0 0 0 0 20 -95 63
20 0 0 0 0 20 -95 63
55 0 0 0 0 19 -95 63
110 0 0 0 0 20 -95 63
60 0 0 0 0 20 -95 63
240 0 0 0 0 20 -95 63
360 0 0 0 0 19 -95 63
130 1 1 0 0 20 -95 63
195 1 2 0 0 20 -95 63
260 1 3 0 0 20 -95 63
390 1 4 0 0 20 -95 63
520 1 5 0 0 19 -95 63
150 1 0 1 1 17 -95 63
10 0 0 0 0 19 -95 64
20 0 0 0 0 20 -95 64
55 0 0 0 0 18 -95 64
110 0 0 0 0 20 -95 64
90 0 0 0 0 20 -95 64
240 0 0 0 0 20 -95 64
65 1 0 0 0 20 -95 64
260 1 3 0 0 20 -95 64
520 1 5 0 0 20 -95 64
520 1 11 0 0 19 -95 64
780 1 12 0 0 20 -95 64
270 1 8 1 0 17 -95 64
540 1 9 1 0 16 -95 64
10 0 0 0 0 18 -95 65
20 0 0 0 0 19 -95 65
55 0 0 0 0 18 -95 65
110 0 0 0 0 20 -95 65
120 0 0 0 0 20 -95 65
180 0 0 0 0 19 -95 65
240 0 0 0 0 21 -95 65
360 0 0 0 0 20 -95 65
480 0 0 0 0 20 -95 65
540 0 0 0 0 19 -95 65
65 1 0 0 0 20 -95 65
520 1 5 0 0 19 -95 65
130 1 8 0 0 20 -95 65
260 1 9 0 0 20 -95 65
390 1 10 0 0 20 -95 65
520 1 11 0 0 20 -95 65
780 1 12 0 0 20 -95 65
10 0 0 0 0 19 -95 66
20 0 0 0 0 19 -95 66
55 0 0 0 0 19 -95 66
110 0 0 0 0 19 -95 66
60 0 0 0 0 19 -95 66
120 0 0 0 0 18 -95 66
260 1 3 0 0 20 -95 66
390 1 4 0 0 19 -95 66
520 1 5 0 0 20 -95 66
130 1 8 0 0 20 -95 66
260 1 9 0 0 20 -95 66
780 1 12 0 0 20 -95 66
540 1 3 1 0 17 -95 66
1080 1 5 1 0 17 -95 66
1350 1 6 1 1 17 -95 66
10 0 0 0 0 18 -95 67
20 0 0 0 0 19 -95 67
55 0 0 0 0 19 -95 67
110 0 0 0 0 18 -95 67
60 0 0 0 0 20 -95 67
90 0 0 0 0 20 -95 67
120 0 0 0 0 20 -95 67
130 1 1 0 0 19 -95 67
195 1 2 0 0 20 -95 67
260 1 3 0 0 20 -95 67
390 1 4 0 0 19 -95 67
130 1 8 0 0 19 -95 67
260 1 9 0 0 19 -95 67
300 1 1 1 1 17 -95 67
300 1 8 1 1 17 -95 67
10 0 0 0 0 19 -95 68
20 0 0 0 0 20 -95 68
55 0 0 0 0 19 -95 68
110 0 0 0 0 19 -95 68
60 0 0 0 0 19 -95 68
65 1 0 0 0 19 -95 68
130 1 1 0 0 20 -95 68
260 1 3 0 0 19 -95 68
520 1 11 0 0 19 -95 68
540 1 3 1 0 17 -95 68
300 1 1 1 1 17 -95 68
300 1 8 1 1 17 -95 68
1200 1 11 1 1 17 -95 68
10 0 0 0 0 19 -95 69
20 0 0 0 0 19 -95 69
55 0 0 0 0 18 -95 69
110 0 0 0 0 19 -95 69
90 0 0 0 0 19 -95 69
480 0 0 0 0 19 -95 69
540 0 0 0 0 19 -95 69
520 1 5 0 0 19 -95 69
260 1 9 0 0 19 -95 69
390 1 10 0 0 20 -95 69
520 1 11 0 0 20 -95 69
780 1 12 0 0 19 -95 69
540 1 9 1 0 17 -95 69
600 1 9 1 1 17 -95 69
10 0 0 0 0 19 -95 70
20 0 0 0 0 19 -95 70
55 0 0 0 0 19 -95 70
110 0 0 0 0 19 -95 70
60 0 0 0 0 20 -95 70
90 0 0 0 0 20 -95 70
120 0 0 0 0 20 -95 70
240 0 0 0 0 19 -95 70
360 0 0 0 0 19 -95 70
480 0 0 0 0 20 -95 70
65 1 0 0 0 19 -95 70
130 1 1 0 0 20 -95 70
195 1 2 0 0 19 -95 70
585 1 6 0 0 20 -95 70
130 1 8 0 0 20 -95 70
390 1 10 0 0 19 -95 70
520 1 11 0 0 20 -95 70
780 1 12 0 0 20 -95 70
600 1 3 1 1 16 -95 70
900 1 4 1 1 17 -95 70
600 1 9 1 1 16 -95 70
10 0 0 0 0 18 -95 71
20 0 0 0 0 19 -95 71
55 0 0 0 0 18 -95 71
110 0 0 0 0 18 -95 71
90 0 0 0 0 19 -95 71
585 1 6 0 0 19 -95 71
390 1 10 0 0 19 -95 71
780 1 12 0 0 20 -95 71
405 1 2 1 0 17 -95 71
10 0 0 0 0 18 -95 72
20 0 0 0 0 19 -95 72
55 0 0 0 0 18 -95 72
110 0 0 0 0 17 -95 72
120 0 0 0 0 19 -95 72
65 1 0 0 0 19 -95 72
130 1 1 0 0 18 -95 72
195 1 2 0 0 19 -95 72
260 1 3 0 0 19 -95 72
390 1 4 0 0 19 -95 72
520 1 5 0 0 18 -95 72
585 1 6 0 0 18 -95 72
780 1 12 0 0 18 -95 72
810 1 4 1 0 17 -95 72
1200 1 11 1 1 17 -95 72
10 0 0 0 0 18 -95 73
20 0 0 0 0 20 -95 73
55 0 0 0 0 18 -95 73
180 0 0 0 0 19 -95 73
480 0 0 0 0 19 -95 73
130 1 1 0 0 20 -95 73
195 1 2 0 0 19 -95 73
780 1 12 0 0 19 -95 73
1200 1 11 1 1 17 -95 73
10 0 0 0 0 18 -95 74
20 0 0 0 0 18 -95 74
55 0 0 0 0 19 -95 74
110 0 0 0 0 18 -95 74
90 0 0 0 0 20 -95 74
180 0 0 0 0 20 -95 74
540 0 0 0 0 19 -95 74
195 1 2 0 0 20 -95 74
260 1 3 0 0 19 -95 74
585 1 6 0 0 19 -95 74
130 1 8 0 0 20 -95 74
390 1 10 0 0 19 -95 74
135 1 0 1 0 17 -95 74
1080 1 5 1 0 16 -95 74
540 1 9 1 0 16 -95 74
10 0 0 0 0 18 -95 75
20 0 0 0 0 20 -95 75
55 0 0 0 0 19 -95 75
110 0 0 0 0 19 -95 75
60 0 0 0 0 20 -95 75
120 0 0 0 0 19 -95 75
240 0 0 0 0 20 -95 75
360 0 0 0 0 19 -95 75
130 1 1 0 0 19 -95 75
520 1 5 0 0 20 -95 75
585 1 6 0 0 20 -95 75
650 1 7 0 0 19 -95 75
130 1 8 0 0 19 -95 75
10 0 0 0 0 19 -95 76
20 0 0 0 0 19 -95 76
55 0 0 0 0 19 -95 76
110 0 0 0 0 19 -95 76
120 0 0 0 0 20 -95 76
130 1 1 0 0 20 -95 76
195 1 2 0 0 19 -95 76
260 1 3 0 0 20 -95 76
520 1 11 0 0 19 -95 76
405 1 2 1 0 17 -95 76
150 1 0 1 1 16 -95 76
10 0 0 0 0 18 -95 77
20 0 0 0 0 19 -95 77
55 0 0 0 0 19 -95 77
110 0 0 0 0 18 -95 77
120 0 0 0 0 19 -95 77
360 0 0 0 0 20 -95 77
480 0 0 0 0 20 -95 77
130 1 1 0 0 18 -95 77
195 1 2 0 0 19 -95 77
260 1 3 0 0 19 -95 77
520 1 5 0 0 20 -95 77
585 1 6 0 0 18 -95 77
520 1 11 0 0 20 -95 77
10 0 0 0 0 17 -95 78
20 0 0 0 0 19 -95 78
55 0 0 0 0 19 -95 78
110 0 0 0 0 19 -95 78
120 0 0 0 0 19 -95 78
180 0 0 0 0 20 -95 78
240 0 0 0 0 20 -95 78
480 0 0 0 0 20 -95 78
540 0 0 0 0 19 -95 78
520 1 5 0 0 19 -95 78
540 1 9 1 0 17 -95 78
10 0 0 0 0 18 -95 79
20 0 0 0 0 18 -95 79
55 0 0 0 0 18 -95 79
110 0 0 0 0 19 -95 79
60 0 0 0 0 20 -95 79
180 0 0 0 0 19 -95 79
240 0 0 0 0 19 -95 79
130 1 1 0 0 20 -95 79
585 1 6 0 0 19 -95 79
650 1 7 0 0 19 -95 79
130 1 8 0 0 20 -95 79
260 1 9 0 0 19 -95 79
390 1 10 0 0 19 -95 79
600 1 9 1 1 17 -95 79
10 0 0 0 0 19 -95 80
20 0 0 0 0 19 -95 80
55 0 0 0 0 18 -95 80
110 0 0 0 0 18 -95 80
60 0 0 0 0 19 -95 80
90 0 0 0 0 18 -95 80
120 0 0 0 0 19 -95 80
240 0 0 0 0 19 -95 80
360 0 0 0 0 19 -95 80
195 1 2 0 0 19 -95 80
260 1 3 0 0 19 -95 80
520 1 5 0 0 19 -95 80
585 1 6 0 0 19 -95 80
130 1 8 0 0 20 -95 80
810 1 4 1 0 17 -95 80
810 1 10 1 0 17 -95 80
450 1 2 1 1 16 -95 80
10 0 0 0 0 18 -95 81
20 0 0 0 0 19 -95 81
55 0 0 0 0 18 -95 81
110 0 0 0 0 18 -95 81
60 0 0 0 0 19 -95 81
540 0 0 0 0 18 -95 81
65 1 0 0 0 18 -95 81
195 1 2 0 0 19 -95 81
260 1 9 0 0 20 -95 81
520 1 11 0 0 20 -95 81
810 1 4 1 0 17 -95 81
10 0 0 0 0 18 -95 82
20 0 0 0 0 19 -95 82
55 0 0 0 0 18 -95 82
110 0 0 0 0 19 -95 82
60 0 0 0 0 20 -95 82
240 0 0 0 0 20 -95 82
360 0 0 0 0 18 -95 82
480 0 0 0 0 19 -95 82
65 1 0 0 0 19 -95 82
130 1 1 0 0 18 -95 82
195 1 2 0 0 19 -95 82
260 1 3 0 0 18 -95 82
390 1 4 0 0 20 -95 82
390 1 10 0 0 20 -95 82
520 1 11 0 0 20 -95 82
780 1 12 0 0 19 -95 82
270 1 1 1 0 17 -95 82
600 1 3 1 1 17 -95 82
300 1 8 1 1 17 -95 82
900 1 10 1 1 17 -95 82
10 0 0 0 0 19 -95 83
20 0 0 0 0 19 -95 83
55 0 0 0 0 19 -95 83
110 0 0 0 0 19 -95 83
90 0 0 0 0 19 -95 83
180 0 0 0 0 19 -95 83
480 0 0 0 0 19 -95 83
540 0 0 0 0 19 -95 83
65 1 0 0 0 20 -95 83
390 1 4 0 0 19 -95 83
130 1 8 0 0 20 -95 83
390 1 10 0 0 18 -95 83
520 1 11 0 0 20 -95 83
150 1 0 1 1 17 -95 83
300 1 8 1 1 16 -95 83
10 0 0 0 0 19 -95 84
20 0 0 0 0 18 -95 84
55 0 0 0 0 18 -95 84
110 0 0 0 0 19 -95 84
60 0 0 0 0 19 -95 84
90 0 0 0 0 19 -95 84
180 0 0 0 0 20 -95 84
360 0 0 0 0 20 -95 84
480 0 0 0 0 20 -95 84
540 0 0 0 0 20 -95 84
130 1 1 0 0 19 -95 84
520 1 5 0 0 20 -95 84
585 1 6 0 0 20 -95 84
260 1 9 0 0 20 -95 84
390 1 10 0 0 19 -95 84
520 1 11 0 0 19 -95 84
1080 1 5 1 0 17 -95 84
540 1 9 1 0 17 -95 84
600 1 3 1 1 17 -95 84
10 0 0 0 0 19 -95 85
20 0 0 0 0 19 -95 85
55 0 0 0 0 20 -95 85
110 0 0 0 0 19 -95 85
60 0 0 0 0 19 -95 85
90 0 0 0 0 19 -95 85
180 0 0 0 0 20 -95 85
480 0 0 0 0 20 -95 85
130 1 1 0 0 19 -95 85
195 1 2 0 0 21 -95 85
260 1 3 0 0 19 -95 85
520 1 5 0 0 20 -95 85
130 1 8 0 0 20 -95 85
150 1 0 1 1 17 -95 85
300 1 1 1 1 17 -95 85
10 0 0 0 0 20 -95 86
20 0 0 0 0 20 -95 86
55 0 0 0 0 19 -95 86
110 0 0 0 0 19 -95 86
540 0 0 0 0 20 -95 86
260 1 3 0 0 20 -95 86
520 1 5 0 0 20 -95 86
135 1 0 1 0 18 -95 86
270 1 1 1 0 16 -95 86
405 1 2 1 0 17 -95 86
810 1 4 1 0 18 -95 86
1080 1 5 1 0 18 -95 86
10 0 0 0 0 19 -95 87
20 0 0 0 0 19 -95 87
55 0 0 0 0 18 -95 87
110 0 0 0 0 20 -95 87
240 0 0 0 0 19 -95 87
480 0 0 0 0 19 -95 87
540 0 0 0 0 19 -95 87
65 1 0 0 0 20 -95 87
130 1 1 0 0 19 -95 87
195 1 2 0 0 19 -95 87
260 1 3 0 0 20 -95 87
390 1 4 0 0 20 -95 87
130 1 8 0 0 19 -95 87
260 1 9 0 0 20 -95 87
390 1 10 0 0 20 -95 87
520 1 11 0 0 20 -95 87
780 1 12 0 0 19 -95 87
135 1 0 1 0 18 -95 87
900 1 10 1 1 16 -95 87
1200 1 11 1 1 17 -95 87
10 0 0 0 0 18 -95 88
20 0 0 0 0 18 -95 88
55 0 0 0 0 19 -95 88
110 0 0 0 0 19 -95 88
180 0 0 0 0 19 -95 88
480 0 0 0 0 20 -95 88
585 1 6 0 0 19 -95 88
390 1 10 0 0 19 -95 88
520 1 11 0 0 20 -95 88
780 1 12 0 0 19 -95 88
1080 1 5 1 0 17 -95 88
450 1 2 1 1 17 -95 88
600 1 3 1 1 17 -95 88
900 1 4 1 1 17 -95 88
300 1 8 1 1 17 -95 88
600 1 9 1 1 16 -95 88
10 0 0 0 0 18 -95 89
20 0 0 0 0 18 -95 89
55 0 0 0 0 18 -95 89
110 0 0 0 0 18 -95 89
390 1 4 0 0 19 -95 89
520 1 5 0 0 19 -95 89
130 1 8 0 0 18 -95 89
260 1 9 0 0 20 -95 89
520 1 11 0 0 18 -95 89
780 1 12 0 0 19 -95 89
540 1 3 1 0 16 -95 89
900 1 4 1 1 17 -95 89
10 0 0 0 0 19 -95 90
20 0 0 0 0 19 -95 90
55 0 0 0 0 20 -95 90
110 0 0 0 0 19 -95 90
60 0 0 0 0 19 -95 90
120 0 0 0 0 20 -95 90
180 0 0 0 0 19 -95 90
360 0 0 0 0 19 -95 90
130 1 1 0 0 20 -95 90
520 1 5 0 0 19 -95 90
10 0 0 0 0 19 -95 91
20 0 0 0 0 19 -95 91
55 0 0 0 0 19 -95 91
110 0 0 0 0 18 -95 91
360 0 0 0 0 19 -95 91
480 0 0 0 0 20 -95 91
260 1 3 0 0 20 -95 91
780 1 12 0 0 20 -95 91
270 1 1 1 0 17 -95 91
540 1 3 1 0 17 -95 91
1080 1 11 1 0 17 -95 91
150 1 0 1 1 17 -95 91
900 1 10 1 1 18 -95 91
10 0 0 0 0 20 -95 92
20 0 0 0 0 19 -95 92
55 0 0 0 0 20 -95 92
110 0 0 0 0 18 -95 92
120 0 0 0 0 20 -95 92
240 0 0 0 0 20 -95 92
360 0 0 0 0 20 -95 92
480 0 0 0 0 21 -95 92
65 1 0 0 0 20 -95 92
130 1 1 0 0 21 -95 92
195 1 2 0 0 20 -95 92
585 1 6 0 0 20 -95 92
650 1 7 0 0 20 -95 92
130 1 8 0 0 20 -95 92
260 1 9 0 0 21 -95 92
520 1 11 0 0 20 -95 92
780 1 12 0 0 19 -95 92
150 1 0 1 1 17 -95 92
10 0 0 0 0 19 -95 93
20 0 0 0 0 19 -95 93
55 0 0 0 0 19 -95 93
110 0 0 0 0 19 -95 93
60 0 0 0 0 19 -95 93
90 0 0 0 0 20 -95 93
180 0 0 0 0 20 -95 93
360 0 0 0 0 20 -95 93
540 0 0 0 0 19 -95 93
195 1 2 0 0 19 -95 93
520 1 5 0 0 20 -95 93
260 1 9 0 0 19 -95 93
390 1 10 0 0 20 -95 93
520 1 11 0 0 20 -95 93
405 1 2 1 0 16 -95 93
810 1 4 1 0 16 -95 93
540 1 9 1 0 17 -95 93
300 1 8 1 1 16 -95 93
10 0 0 0 0 18 -95 94
20 0 0 0 0 18 -95 94
55 0 0 0 0 20 -95 94
110 0 0 0 0 19 -95 94
240 0 0 0 0 19 -95 94
360 0 0 0 0 19 -95 94
480 0 0 0 0 19 -95 94
195 1 2 0 0 19 -95 94
260 1 3 0 0 20 -95 94
390 1 4 0 0 20 -95 94
520 1 5 0 0 19 -95 94
130 1 8 0 0 19 -95 94
260 1 9 0 0 20 -95 94
390 1 10 0 0 20 -95 94
520 1 11 0 0 19 -95 94
405 1 2 1 0 16 -95 94
810 1 4 1 0 17 -95 94
450 1 2 1 1 16 -95 94
10 0 0 0 0 18 -95 95
20 0 0 0 0 19 -95 95
55 0 0 0 0 19 -95 95
110 0 0 0 0 20 -95 95
120 0 0 0 0 19 -95 95
480 0 0 0 0 20 -95 95
540 0 0 0 0 19 -95 95
130 1 1 0 0 19 -95 95
195 1 2 0 0 20 -95 95
390 1 4 0 0 19 -95 95
520 1 5 0 0 19 -95 95
450 1 2 1 1 17 -95 95
600 1 9 1 1 17 -95 95
10 0 0 0 0 19 -95 96
20 0 0 0 0 18 -95 96
55 0 0 0 0 18 -95 96
110 0 0 0 0 18 -95 96
360 0 0 0 0 19 -95 96
480 0 0 0 0 19 -95 96
65 1 0 0 0 19 -95 96
195 1 2 0 0 19 -95 96
260 1 3 0 0 19 -95 96
390 1 4 0 0 19 -95 96
520 1 5 0 0 19 -95 96
260 1 9 0 0 20 -95 96
390 1 10 0 0 19 -95 96
780 1 12 0 0 19 -95 96
10 0 0 0 0 15 -95 97
20 0 0 0 0 19 -95 97
55 0 0 0 0 19 -95 97
110 0 0 0 0 18 -95 97
60 0 0 0 0 19 -95 97
120 0 0 0 0 19 -95 97
240 0 0 0 0 20 -95 97
540 0 0 0 0 19 -95 97
65 1 0 0 0 19 -95 97
130 1 1 0 0 19 -95 97
585 1 6 0 0 20 -95 97
390 1 10 0 0 19 -95 97
520 1 11 0 0 19 -95 97
780 1 12 0 0 19 -95 97
540 1 9 1 0 17 -95 97
1200 1 5 1 1 17 -95 97
300 1 8 1 1 17 -95 97
10 0 0 0 0 18 -95 98
20 0 0 0 0 19 -95 98
55 0 0 0 0 19 -95 98
110 0 0 0 0 18 -95 98
60 0 0 0 0 20 -95 98
90 0 0 0 0 18 -95 98
120 0 0 0 0 20 -95 98
180 0 0 0 0 19 -95 98
240 0 0 0 0 19 -95 98
390 1 4 0 0 19 -95 98
260 1 9 0 0 19 -95 98
405 1 2 1 0 16 -95 98
270 1 8 1 0 17 -95 98
1080 1 11 1 0 16 -95 98
600 1 3 1 1 18 -95 98
10 0 0 0 0 18 -95 99
20 0 0 0 0 18 -95 99
55 0 0 0 0 18 -95 99
110 0 0 0 0 19 -95 99
90 0 0 0 0 19 -95 99
360 0 0 0 0 19 -95 99
65 1 0 0 0 19 -95 99
130 1 1 0 0 19 -95 99
195 1 2 0 0 20 -95 99
260 1 3 0 0 20 -95 99
650 1 7 0 0 20 -95 99
130 1 8 0 0 18 -95 99
260 1 9 0 0 19 -95 99
390 1 10 0 0 19 -95 99
810 1 4 1 0 17 -95 99
