9 1344420701900000 -2157016 54168 -246152 0
9 1344420701902500 -2156248 54800 -246440 0
9 1344420701905000 -2156992 53872 -246904 0
9 1344420701907500 -2156160 54288 -247096 0
9 1344420701910000 -2156848 54392 -246536 0
9 1344420701912500 -2158096 53456 -246752 0
9 1344420701915000 -2156736 54040 -247216 0
9 1344420701917500 -2157304 53720 -247248 0
9 1344420701920000 -2155712 54744 -246072 0
9 1344420701922500 -2156312 53992 -247128 0
9 1344420701925000 -2156912 52656 -247512 0
9 1344420701927500 -2158368 54000 -247056 0
9 1344420701930000 -2155288 54056 -246760 0
9 1344420701932500 -2157296 53888 -247984 0
9 1344420701935000 -2157056 53024 -247440 0
9 1344420701937500 -2156848 53096 -246144 0
9 1344420701940000 -2157280 54008 -246808 0
9 1344420701942500 -2156856 53536 -245568 0
9 1344420701945000 -2156864 52432 -247480 0
9 1344420701947500 -2155648 53120 -246896 0
9 1344420701950000 -2157280 53656 -247104 0
9 1344420701952500 -2157464 53624 -246560 0
9 1344420701955000 -2156328 54416 -247656 0
9 1344420701957500 -2156416 54176 -246664 0
9 1344420701960000 -2156536 53496 -246448 0
9 1344420701962500 -2156640 53424 -246680 0
9 1344420701965000 -2156632 53208 -247128 0
9 1344420701967500 -2156928 52704 -246768 0
9 1344420701970000 -2157224 53616 -246896 0
9 1344420701972500 -2156216 53288 -247128 0
9 1344420701975000 -2157888 54328 -248200 0
9 1344420701977500 -2154784 52696 -247896 0
9 1344420701980000 -2156416 53544 -246904 0
9 1344420701982500 -2156448 53776 -247712 0
9 1344420701985000 -2157376 53152 -247448 0
9 1344420701987500 -2156840 53768 -247544 0
9 1344420701990000 -2157936 52576 -246096 0
9 1344420701992500 -2157504 53184 -247000 0
9 1344420701995000 -2155448 53824 -247632 0
9 1344420701997500 -2156184 53824 -246480 0
