9 1344420690400000 -2157736 55496 -245928 0
9 1344420690402500 -2157040 55520 -247728 0
9 1344420690405000 -2156520 55056 -245952 0
9 1344420690407500 -2156352 54008 -246120 0
9 1344420690410000 -2157008 53888 -247824 0
9 1344420690412500 -2157016 54104 -246504 0
9 1344420690415000 -2157664 54112 -246904 0
9 1344420690417500 -2156696 53296 -246568 0
9 1344420690420000 -2158184 53336 -247672 0
9 1344420690422500 -2158048 53040 -247368 0
9 1344420690425000 -2156504 54104 -246944 0
9 1344420690427500 -2156184 55256 -248160 0
9 1344420690430000 -2158304 54624 -246408 0
9 1344420690432500 -2157176 54704 -247704 0
9 1344420690435000 -2156144 54976 -246784 0
9 1344420690437500 -2156040 53832 -247656 0
9 1344420690440000 -2157312 51808 -246672 0
9 1344420690442500 -2157384 54000 -247392 0
9 1344420690445000 -2156992 52448 -247256 0
9 1344420690447500 -2156368 53648 -247112 0
9 1344420690450000 -2157264 54104 -246912 0
9 1344420690452500 -2157208 53904 -247168 0
9 1344420690455000 -2156544 52928 -246064 0
9 1344420690457500 -2156928 53488 -246880 0
9 1344420690460000 -2156960 53544 -246000 0
9 1344420690462500 -2157384 54176 -245736 0
9 1344420690465000 -2156888 52544 -245504 0
9 1344420690467500 -2156448 53360 -246976 0
9 1344420690470000 -2156136 54296 -246320 0
9 1344420690472500 -2157264 54512 -246464 0
9 1344420690475000 -2156992 53648 -247032 0
9 1344420690477500 -2157328 54936 -246096 0
9 1344420690480000 -2156448 53608 -246280 0
9 1344420690482500 -2156816 53104 -246616 0
9 1344420690485000 -2156912 54600 -247968 0
9 1344420690487500 -2157056 54472 -246616 0
9 1344420690490000 -2157192 54248 -246760 0
9 1344420690492500 -2157304 52864 -246592 0
9 1344420690495000 -2156728 54296 -246208 0
9 1344420690497500 -2156064 54256 -247176 0
