9 1344420716000000 -2157368 53736 -246056 0
9 1344420716002500 -2156944 53384 -246512 0
9 1344420716005000 -2157504 53216 -246128 0
9 1344420716007500 -2156696 54128 -246664 0
9 1344420716010000 -2157216 53616 -246072 0
9 1344420716012500 -2156688 54176 -247288 0
9 1344420716015000 -2156552 54200 -247160 0
9 1344420716017500 -2156168 53760 -245656 0
9 1344420716020000 -2156056 55208 -246904 0
9 1344420716022500 -2157880 53720 -247264 0
9 1344420716025000 -2157376 54944 -246120 0
9 1344420716027500 -2157176 55384 -245968 0
9 1344420716030000 -2156944 54872 -247424 0
9 1344420716032500 -2156744 53872 -247168 0
9 1344420716035000 -2156688 52640 -245768 0
9 1344420716037500 -2156472 55136 -246072 0
9 1344420716040000 -2155984 54992 -246112 0
9 1344420716042500 -2155856 54720 -247120 0
9 1344420716045000 -2157480 53656 -247024 0
9 1344420716047500 -2156480 54352 -245464 0
9 1344420716050000 -2158312 54000 -246384 0
9 1344420716052500 -2157640 54776 -247128 0
9 1344420716055000 -2156808 54816 -246696 0
9 1344420716057500 -2156464 54312 -245888 0
9 1344420716060000 -2156016 54392 -246928 0
9 1344420716062500 -2157808 53008 -246960 0
9 1344420716065000 -2157240 54032 -247616 0
9 1344420716067500 -2157488 53600 -246216 0
9 1344420716070000 -2157176 53432 -245608 0
9 1344420716072500 -2156016 53184 -246160 0
9 1344420716075000 -2157296 54504 -245800 0
9 1344420716077500 -2156720 54056 -245560 0
9 1344420716080000 -2157032 54888 -247128 0
9 1344420716082500 -2157200 54056 -245744 0
9 1344420716085000 -2156856 53552 -246184 0
9 1344420716087500 -2156968 53184 -246184 0
9 1344420716090000 -2157528 54920 -248000 0
9 1344420716092500 -2155952 53888 -248496 0
9 1344420716095000 -2155776 53656 -248600 0
9 1344420716097500 -2157656 54464 -246496 0
