9 1344420680700000 -2157552 54120 -247000 0
9 1344420680702500 -2156120 54104 -248456 0
9 1344420680705000 -2156856 54384 -246456 0
9 1344420680707500 -2157016 55128 -246464 0
9 1344420680710000 -2157880 53544 -246832 0
9 1344420680712500 -2158096 53368 -246456 0
9 1344420680715000 -2156120 52816 -246056 0
9 1344420680717500 -2157304 53288 -247256 0
9 1344420680720000 -2157552 55248 -246536 0
9 1344420680722500 -2156880 54432 -248176 0
9 1344420680725000 -2157352 53752 -247896 0
9 1344420680727500 -2157656 52752 -247408 0
9 1344420680730000 -2157064 52632 -246976 0
9 1344420680732500 -2156888 53760 -247584 0
9 1344420680735000 -2157264 53272 -246096 0
9 1344420680737500 -2156656 53864 -247464 0
9 1344420680740000 -2155736 55216 -246264 0
9 1344420680742500 -2157192 54952 -247288 0
9 1344420680745000 -2156296 53432 -246288 0
9 1344420680747500 -2156760 53544 -246616 0
9 1344420680750000 -2157288 54696 -246712 0
9 1344420680752500 -2157352 53848 -247672 0
9 1344420680755000 -2156896 53904 -246672 0
9 1344420680757500 -2158672 54264 -247352 0
9 1344420680760000 -2156832 53440 -246392 0
9 1344420680762500 -2156912 52976 -246640 0
9 1344420680765000 -2156784 55400 -248072 0
9 1344420680767500 -2157928 53096 -246432 0
9 1344420680770000 -2157496 54184 -247208 0
9 1344420680772500 -2156664 53368 -247064 0
9 1344420680775000 -2157400 54208 -246880 0
9 1344420680777500 -2158024 54312 -246808 0
9 1344420680780000 -2158624 54416 -248048 0
9 1344420680782500 -2156696 53056 -246704 0
9 1344420680785000 -2157152 53608 -247288 0
9 1344420680787500 -2157176 54016 -246560 0
9 1344420680790000 -2156768 53800 -246552 0
9 1344420680792500 -2157944 53824 -246128 0
9 1344420680795000 -2156256 53928 -247304 0
9 1344420680797500 -2158016 53544 -246032 0
