9 1344420689800000 -2157144 54936 -247136 0
9 1344420689802500 -2157056 55040 -246496 0
9 1344420689805000 -2156728 52904 -246216 0
9 1344420689807500 -2156680 54416 -247008 0
9 1344420689810000 -2155824 53432 -246696 0
9 1344420689812500 -2156960 55280 -247272 0
9 1344420689815000 -2157816 54232 -245848 0
9 1344420689817500 -2157424 53040 -245368 0
9 1344420689820000 -2157216 53304 -246704 0
9 1344420689822500 -2157136 54832 -245792 0
9 1344420689825000 -2157880 55072 -246240 0
9 1344420689827500 -2157496 53840 -246168 0
9 1344420689830000 -2158600 53968 -247448 0
9 1344420689832500 -2157496 54984 -246312 0
9 1344420689835000 -2156624 54720 -245432 0
9 1344420689837500 -2157640 54664 -246528 0
9 1344420689840000 -2155552 54272 -246832 0
9 1344420689842500 -2156808 54024 -246272 0
9 1344420689845000 -2156896 54128 -247088 0
9 1344420689847500 -2157808 55496 -246752 0
9 1344420689850000 -2156664 54912 -246080 0
9 1344420689852500 -2157136 54520 -246352 0
9 1344420689855000 -2157488 54048 -245456 0
9 1344420689857500 -2157136 54752 -248056 0
9 1344420689860000 -2158416 53960 -247264 0
9 1344420689862500 -2157784 54088 -247832 0
9 1344420689865000 -2157120 53840 -247000 0
9 1344420689867500 -2158568 54064 -246224 0
9 1344420689870000 -2157896 53408 -247744 0
9 1344420689872500 -2157384 53576 -246680 0
9 1344420689875000 -2158080 55032 -247024 0
9 1344420689877500 -2156696 53560 -247248 0
9 1344420689880000 -2156656 53720 -246488 0
9 1344420689882500 -2156904 54184 -246816 0
9 1344420689885000 -2157032 54680 -246728 0
9 1344420689887500 -2157928 54040 -246048 0
9 1344420689890000 -2158072 53656 -247064 0
9 1344420689892500 -2156512 54808 -246560 0
9 1344420689895000 -2156096 54920 -246936 0
9 1344420689897500 -2156128 54960 -247152 0
