9 1344420697400000 -2154848 54584 -245072 0
9 1344420697402500 -2157512 54744 -247712 0
9 1344420697405000 -2155312 52480 -245744 0
9 1344420697407500 -2159576 54528 -248248 0
9 1344420697410000 -2153408 54040 -247136 0
9 1344420697412500 -2160048 55824 -246832 0
9 1344420697415000 -2155008 53520 -244192 0
9 1344420697417500 -2161448 55144 -246600 0
9 1344420697420000 -2153640 52560 -246280 0
9 1344420697422500 -2157840 54280 -247016 0
9 1344420697425000 -2157704 54016 -247184 0
9 1344420697427500 -2154464 54976 -245128 0
9 1344420697430000 -2157896 56496 -247328 0
9 1344420697432500 -2154920 54136 -245920 0
9 1344420697435000 -2159800 54736 -248944 0
9 1344420697437500 -2153928 53928 -246640 0
9 1344420697440000 -2158848 54520 -246256 0
9 1344420697442500 -2156768 54080 -246352 0
9 1344420697445000 -2155672 53720 -245472 0
9 1344420697447500 -2157528 53824 -248016 0
9 1344420697450000 -2155152 53352 -245640 0
9 1344420697452500 -2158696 54440 -248408 0
9 1344420697455000 -2154360 53192 -245856 0
9 1344420697457500 -2159680 54424 -245920 0
9 1344420697460000 -2155264 53368 -246592 0
9 1344420697462500 -2156784 53784 -246480 0
9 1344420697465000 -2157528 54256 -246816 0
9 1344420697467500 -2154800 53880 -246016 0
9 1344420697470000 -2160048 55808 -247672 0
9 1344420697472500 -2153376 51392 -248160 0
9 1344420697475000 -2155744 55808 -244304 0
9 1344420697477500 -2162256 53896 -250832 0
9 1344420697480000 -2143432 51920 -241240 0
9 1344420697482500 -2173272 58152 -249816 0
9 1344420697485000 -2148584 49904 -245440 0
9 1344420697487500 -2159568 56736 -248208 0
9 1344420697490000 -2153904 53168 -246360 0
9 1344420697492500 -2163704 53696 -244360 0
9 1344420697495000 -2153920 54352 -247520 0
9 1344420697497500 -2158296 53816 -245560 0
