9 1344420670500000 -2157328 54528 -246392 0
9 1344420670502500 -2157736 53792 -246608 0
9 1344420670505000 -2158064 54368 -248040 0
9 1344420670507500 -2157800 53584 -247448 0
9 1344420670510000 -2156464 53776 -246184 0
9 1344420670512500 -2156928 54080 -245528 0
9 1344420670515000 -2157384 54232 -246576 0
9 1344420670517500 -2157264 54544 -247352 0
9 1344420670520000 -2156952 54368 -245784 0
9 1344420670522500 -2157192 53472 -246512 0
9 1344420670525000 -2157664 54392 -247152 0
9 1344420670527500 -2157072 53856 -246704 0
9 1344420670530000 -2157032 54232 -246976 0
9 1344420670532500 -2157336 53400 -247504 0
9 1344420670535000 -2157184 53040 -247432 0
9 1344420670537500 -2156792 53568 -247352 0
9 1344420670540000 -2158632 54912 -246632 0
9 1344420670542500 -2158144 55176 -246136 0
9 1344420670545000 -2157584 53992 -246912 0
9 1344420670547500 -2157400 54528 -245880 0
9 1344420670550000 -2157512 55320 -245512 0
9 1344420670552500 -2158792 53504 -246248 0
9 1344420670555000 -2156592 53856 -246800 0
9 1344420670557500 -2157400 53128 -247120 0
9 1344420670560000 -2156376 53984 -246312 0
9 1344420670562500 -2156744 54456 -246440 0
9 1344420670565000 -2156952 53936 -246416 0
9 1344420670567500 -2158904 53200 -246176 0
9 1344420670570000 -2156576 54464 -246704 0
9 1344420670572500 -2157168 54384 -246736 0
9 1344420670575000 -2157752 54216 -246296 0
9 1344420670577500 -2158288 53712 -247192 0
9 1344420670580000 -2158192 55056 -246216 0
9 1344420670582500 -2156528 53544 -245776 0
9 1344420670585000 -2157008 54536 -246248 0
9 1344420670587500 -2156944 54584 -247512 0
9 1344420670590000 -2157424 53848 -246936 0
9 1344420670592500 -2156808 53384 -246008 0
9 1344420670595000 -2157184 54064 -246352 0
9 1344420670597500 -2157192 55168 -246768 0
