9 1344420706400000 -2156664 54008 -246032 0
9 1344420706402500 -2155880 54384 -247344 0
9 1344420706405000 -2157920 53944 -244432 0
9 1344420706407500 -2157416 53856 -246424 0
9 1344420706410000 -2156400 54464 -246088 0
9 1344420706412500 -2156368 55104 -245904 0
9 1344420706415000 -2156824 54784 -246736 0
9 1344420706417500 -2157168 54600 -246240 0
9 1344420706420000 -2156648 55080 -246688 0
9 1344420706422500 -2156504 55024 -247040 0
9 1344420706425000 -2156616 55160 -246336 0
9 1344420706427500 -2157672 54696 -246168 0
9 1344420706430000 -2156936 55672 -247032 0
9 1344420706432500 -2155984 54128 -246408 0
9 1344420706435000 -2157520 54472 -245904 0
9 1344420706437500 -2156888 53904 -246248 0
9 1344420706440000 -2157720 53664 -246648 0
9 1344420706442500 -2157008 54064 -247104 0
9 1344420706445000 -2157384 54168 -246672 0
9 1344420706447500 -2156848 54824 -246576 0
9 1344420706450000 -2156368 53864 -246848 0
9 1344420706452500 -2156528 53112 -245960 0
9 1344420706455000 -2158160 55656 -245784 0
9 1344420706457500 -2156992 54320 -244968 0
9 1344420706460000 -2156608 54568 -246712 0
9 1344420706462500 -2157400 54552 -245024 0
9 1344420706465000 -2157032 54264 -245904 0
9 1344420706467500 -2156880 53768 -246136 0
9 1344420706470000 -2156480 55232 -245360 0
9 1344420706472500 -2156240 53744 -247576 0
9 1344420706475000 -2157056 52992 -246600 0
9 1344420706477500 -2157312 55216 -246736 0
9 1344420706480000 -2156312 54936 -246352 0
9 1344420706482500 -2157688 55328 -247368 0
9 1344420706485000 -2157208 54880 -246152 0
9 1344420706487500 -2156912 55240 -246128 0
9 1344420706490000 -2157280 53072 -246728 0
9 1344420706492500 -2158592 53040 -247864 0
9 1344420706495000 -2157832 54416 -246392 0
9 1344420706497500 -2157536 55472 -246312 0
