9 1344420673100000 -2156552 54832 -247048 0
9 1344420673102500 -2157016 54048 -247608 0
9 1344420673105000 -2157752 53504 -245688 0
9 1344420673107500 -2157168 54672 -246640 0
9 1344420673110000 -2156616 54672 -246728 0
9 1344420673112500 -2157800 52960 -247640 0
9 1344420673115000 -2157352 54976 -245880 0
9 1344420673117500 -2157664 52704 -248016 0
9 1344420673120000 -2157248 54512 -246272 0
9 1344420673122500 -2157352 54680 -246232 0
9 1344420673125000 -2157272 53968 -247632 0
9 1344420673127500 -2156936 53776 -247648 0
9 1344420673130000 -2155024 54704 -246384 0
9 1344420673132500 -2157336 53672 -246200 0
9 1344420673135000 -2156928 53960 -246960 0
9 1344420673137500 -2157536 54584 -246680 0
9 1344420673140000 -2157512 53352 -248064 0
9 1344420673142500 -2157656 53448 -246416 0
9 1344420673145000 -2157280 53776 -246408 0
9 1344420673147500 -2155864 53752 -245808 0
9 1344420673150000 -2156848 54592 -245888 0
9 1344420673152500 -2156656 54128 -246536 0
9 1344420673155000 -2156640 53600 -247368 0
9 1344420673157500 -2157112 53816 -245976 0
9 1344420673160000 -2156496 54360 -246600 0
9 1344420673162500 -2156640 53904 -247688 0
9 1344420673165000 -2157328 54768 -246408 0
9 1344420673167500 -2157256 53064 -246368 0
9 1344420673170000 -2156368 55280 -246968 0
9 1344420673172500 -2157400 54080 -246440 0
9 1344420673175000 -2156088 54336 -247200 0
9 1344420673177500 -2157456 53928 -246880 0
9 1344420673180000 -2157416 54304 -245864 0
9 1344420673182500 -2156208 55640 -247136 0
9 1344420673185000 -2157352 54488 -246440 0
9 1344420673187500 -2157256 54416 -246408 0
9 1344420673190000 -2156504 53144 -246168 0
9 1344420673192500 -2157224 54008 -247568 0
9 1344420673195000 -2156560 54472 -246360 0
9 1344420673197500 -2156736 54296 -246496 0
