9 1344420676700000 -2157000 54368 -246640 0
9 1344420676702500 -2157192 54344 -246728 0
9 1344420676705000 -2155800 55472 -247248 0
9 1344420676707500 -2156544 54704 -246376 0
9 1344420676710000 -2155576 54408 -246528 0
9 1344420676712500 -2157704 54432 -246624 0
9 1344420676715000 -2157480 53912 -247456 0
9 1344420676717500 -2157008 55288 -247128 0
9 1344420676720000 -2157448 55104 -246184 0
9 1344420676722500 -2156208 53336 -245744 0
9 1344420676725000 -2156920 53392 -245992 0
9 1344420676727500 -2156256 54176 -246304 0
9 1344420676730000 -2157272 53040 -245504 0
9 1344420676732500 -2157720 53640 -247144 0
9 1344420676735000 -2156040 54264 -247208 0
9 1344420676737500 -2157512 54616 -245840 0
9 1344420676740000 -2156920 53480 -247216 0
9 1344420676742500 -2157088 54120 -246456 0
9 1344420676745000 -2156776 54704 -246896 0
9 1344420676747500 -2156568 53448 -246168 0
9 1344420676750000 -2156744 54024 -246952 0
9 1344420676752500 -2157488 53800 -247368 0
9 1344420676755000 -2156408 53368 -246064 0
9 1344420676757500 -2157192 54568 -247632 0
9 1344420676760000 -2156136 54072 -245704 0
9 1344420676762500 -2157944 53384 -247240 0
9 1344420676765000 -2157024 53936 -247432 0
9 1344420676767500 -2157128 54032 -247112 0
9 1344420676770000 -2156040 53744 -246264 0
9 1344420676772500 -2156224 54520 -245928 0
9 1344420676775000 -2156368 54024 -246440 0
9 1344420676777500 -2158080 55136 -246392 0
9 1344420676780000 -2157016 53328 -246736 0
9 1344420676782500 -2157184 53728 -245280 0
9 1344420676785000 -2156336 55576 -247792 0
9 1344420676787500 -2156696 55152 -247160 0
9 1344420676790000 -2156248 55104 -245608 0
9 1344420676792500 -2155800 54088 -246432 0
9 1344420676795000 -2156328 53472 -246216 0
9 1344420676797500 -2156960 53784 -245480 0
