9 1344420709100000 -2156584 54592 -246256 0
9 1344420709102500 -2156192 53192 -247368 0
9 1344420709105000 -2156856 54528 -248408 0
9 1344420709107500 -2156800 53752 -246352 0
9 1344420709110000 -2157672 54192 -246392 0
9 1344420709112500 -2156472 53680 -246328 0
9 1344420709115000 -2156944 54488 -246720 0
9 1344420709117500 -2157264 53376 -247040 0
9 1344420709120000 -2157056 54216 -246328 0
9 1344420709122500 -2156560 53952 -246944 0
9 1344420709125000 -2156800 54104 -245096 0
9 1344420709127500 -2156624 54776 -246200 0
9 1344420709130000 -2157784 55184 -246024 0
9 1344420709132500 -2157064 53392 -247320 0
9 1344420709135000 -2156616 54120 -245952 0
9 1344420709137500 -2156472 54584 -245992 0
9 1344420709140000 -2156536 54424 -246704 0
9 1344420709142500 -2157440 53520 -246360 0
9 1344420709145000 -2156376 54104 -245296 0
9 1344420709147500 -2156336 54912 -246408 0
9 1344420709150000 -2155800 53952 -247304 0
9 1344420709152500 -2157488 55016 -246544 0
9 1344420709155000 -2157016 54520 -246576 0
9 1344420709157500 -2157312 55480 -246088 0
9 1344420709160000 -2155832 53512 -245344 0
9 1344420709162500 -2158320 53432 -246024 0
9 1344420709165000 -2156360 55008 -246136 0
9 1344420709167500 -2157640 55064 -247936 0
9 1344420709170000 -2157616 55424 -246576 0
9 1344420709172500 -2156352 54936 -245944 0
9 1344420709175000 -2156544 53912 -246728 0
9 1344420709177500 -2156720 54512 -245904 0
9 1344420709180000 -2157112 56032 -247416 0
9 1344420709182500 -2156832 55784 -246656 0
9 1344420709185000 -2156784 54232 -246008 0
9 1344420709187500 -2156704 54560 -246568 0
9 1344420709190000 -2156376 54800 -246944 0
9 1344420709192500 -2156264 53896 -246984 0
9 1344420709195000 -2157208 54192 -246488 0
9 1344420709197500 -2156304 54656 -246712 0
