9 1344420696100000 -2155376 52720 -246224 0
9 1344420696102500 -2158176 54648 -247240 0
9 1344420696105000 -2156200 55272 -246544 0
9 1344420696107500 -2157344 55528 -247000 0
9 1344420696110000 -2155832 53960 -245712 0
9 1344420696112500 -2157384 54472 -246008 0
9 1344420696115000 -2156728 54440 -247288 0
9 1344420696117500 -2157464 54456 -245768 0
9 1344420696120000 -2156160 53928 -247056 0
9 1344420696122500 -2156144 54912 -247072 0
9 1344420696125000 -2156016 54512 -246176 0
9 1344420696127500 -2157528 53928 -245664 0
9 1344420696130000 -2157536 53424 -247680 0
9 1344420696132500 -2156728 55200 -247536 0
9 1344420696135000 -2157208 52872 -247224 0
9 1344420696137500 -2158528 54192 -246384 0
9 1344420696140000 -2156960 54256 -246728 0
9 1344420696142500 -2155856 53848 -246264 0
9 1344420696145000 -2158216 54888 -245384 0
9 1344420696147500 -2156288 54328 -247000 0
9 1344420696150000 -2156336 54304 -246552 0
9 1344420696152500 -2155240 54248 -245624 0
9 1344420696155000 -2158624 54600 -246608 0
9 1344420696157500 -2156392 53360 -247488 0
9 1344420696160000 -2157104 53920 -247112 0
9 1344420696162500 -2156056 53808 -247008 0
9 1344420696165000 -2158776 54656 -245552 0
9 1344420696167500 -2154176 53944 -247000 0
9 1344420696170000 -2156600 55072 -247504 0
9 1344420696172500 -2157624 53440 -246472 0
9 1344420696175000 -2158056 54696 -246088 0
9 1344420696177500 -2155936 53672 -247352 0
9 1344420696180000 -2157424 53376 -247112 0
9 1344420696182500 -2156664 53944 -246968 0
9 1344420696185000 -2157192 53960 -248064 0
9 1344420696187500 -2155360 54368 -247992 0
9 1344420696190000 -2157064 55080 -246744 0
9 1344420696192500 -2156136 52984 -246016 0
9 1344420696195000 -2157328 54744 -247320 0
9 1344420696197500 -2155952 55024 -247648 0
