9 1344420704900000 -2156880 53648 -246120 0
9 1344420704902500 -2157720 54232 -245872 0
9 1344420704905000 -2156920 54936 -247008 0
9 1344420704907500 -2156984 54936 -245536 0
9 1344420704910000 -2156192 54120 -247520 0
9 1344420704912500 -2156680 54352 -246560 0
9 1344420704915000 -2157776 53904 -246304 0
9 1344420704917500 -2157920 54896 -247056 0
9 1344420704920000 -2156280 54520 -246400 0
9 1344420704922500 -2156040 53408 -247152 0
9 1344420704925000 -2157992 54192 -245824 0
9 1344420704927500 -2156384 54648 -246216 0
9 1344420704930000 -2158352 54216 -245832 0
9 1344420704932500 -2156264 54216 -245960 0
9 1344420704935000 -2157416 53720 -248080 0
9 1344420704937500 -2157432 54448 -245448 0
9 1344420704940000 -2157408 55160 -245736 0
9 1344420704942500 -2157440 55320 -247296 0
9 1344420704945000 -2157928 54888 -245408 0
9 1344420704947500 -2156392 53744 -246552 0
9 1344420704950000 -2156032 54880 -245640 0
9 1344420704952500 -2156816 54792 -246320 0
9 1344420704955000 -2157976 55408 -245808 0
9 1344420704957500 -2157176 54136 -245848 0
9 1344420704960000 -2157120 55456 -246232 0
9 1344420704962500 -2155816 54600 -246504 0
9 1344420704965000 -2157416 52920 -246480 0
9 1344420704967500 -2156088 55952 -246184 0
9 1344420704970000 -2156864 54728 -246944 0
9 1344420704972500 -2156528 54984 -246008 0
9 1344420704975000 -2156688 54576 -247144 0
9 1344420704977500 -2156736 54608 -246808 0
9 1344420704980000 -2157080 54416 -246232 0
9 1344420704982500 -2156520 54080 -246168 0
9 1344420704985000 -2156480 54456 -246728 0
9 1344420704987500 -2156248 53232 -247432 0
9 1344420704990000 -2157912 53248 -246064 0
9 1344420704992500 -2157800 53952 -246944 0
9 1344420704995000 -2156744 54904 -246656 0
9 1344420704997500 -2156704 55200 -246784 0
