9 1344420675000000 -2155992 53936 -247168 0
9 1344420675002500 -2157224 53192 -246560 0
9 1344420675005000 -2157440 54064 -246464 0
9 1344420675007500 -2157584 53392 -246896 0
9 1344420675010000 -2157400 54592 -246912 0
9 1344420675012500 -2157200 54480 -246336 0
9 1344420675015000 -2156696 54304 -246248 0
9 1344420675017500 -2157144 55480 -246864 0
9 1344420675020000 -2157552 54072 -246688 0
9 1344420675022500 -2156176 53496 -245184 0
9 1344420675025000 -2156624 53680 -246296 0
9 1344420675027500 -2156392 53792 -246032 0
9 1344420675030000 -2156496 54488 -245928 0
9 1344420675032500 -2157784 54584 -246168 0
9 1344420675035000 -2157048 54664 -246208 0
9 1344420675037500 -2158648 54632 -245904 0
9 1344420675040000 -2157064 54728 -247072 0
9 1344420675042500 -2156952 55368 -246952 0
9 1344420675045000 -2157176 55544 -247168 0
9 1344420675047500 -2155568 55184 -247200 0
9 1344420675050000 -2156128 54496 -247224 0
9 1344420675052500 -2156880 54200 -246544 0
9 1344420675055000 -2156744 54384 -246936 0
9 1344420675057500 -2157112 55016 -247088 0
9 1344420675060000 -2155848 55608 -246864 0
9 1344420675062500 -2156192 54512 -246832 0
9 1344420675065000 -2157664 53680 -246328 0
9 1344420675067500 -2155512 54504 -246296 0
9 1344420675070000 -2157368 53600 -246896 0
9 1344420675072500 -2155840 54488 -247464 0
9 1344420675075000 -2155888 54576 -246616 0
9 1344420675077500 -2156464 54488 -246624 0
9 1344420675080000 -2156272 54648 -246792 0
9 1344420675082500 -2157216 54232 -246840 0
9 1344420675085000 -2157272 55816 -246568 0
9 1344420675087500 -2156720 53944 -247224 0
9 1344420675090000 -2156024 53264 -247216 0
9 1344420675092500 -2156808 54112 -246616 0
9 1344420675095000 -2156616 55368 -245632 0
9 1344420675097500 -2157264 55512 -246248 0
