9 1344420682700000 -2156168 53816 -247584 0
9 1344420682702500 -2156424 53512 -246608 0
9 1344420682705000 -2156136 53768 -246520 0
9 1344420682707500 -2154512 53328 -246960 0
9 1344420682710000 -2156176 54232 -246960 0
9 1344420682712500 -2156232 53608 -246896 0
9 1344420682715000 -2156448 54544 -247904 0
9 1344420682717500 -2155336 53600 -247408 0
9 1344420682720000 -2156544 54000 -247768 0
9 1344420682722500 -2156376 54432 -247792 0
9 1344420682725000 -2157128 54328 -247112 0
9 1344420682727500 -2156504 54488 -246344 0
9 1344420682730000 -2155896 54496 -246448 0
9 1344420682732500 -2156664 54320 -247504 0
9 1344420682735000 -2157552 54488 -247128 0
9 1344420682737500 -2155880 54216 -247632 0
9 1344420682740000 -2157128 54616 -247512 0
9 1344420682742500 -2157312 54152 -246864 0
9 1344420682745000 -2157808 54328 -247168 0
9 1344420682747500 -2155728 53496 -246392 0
9 1344420682750000 -2157200 53936 -246184 0
9 1344420682752500 -2156888 55160 -245688 0
9 1344420682755000 -2156928 53616 -247256 0
9 1344420682757500 -2157200 53504 -247728 0
9 1344420682760000 -2156568 52520 -247336 0
9 1344420682762500 -2157032 53152 -246304 0
9 1344420682765000 -2158120 53544 -246408 0
9 1344420682767500 -2157280 53464 -246448 0
9 1344420682770000 -2157128 52752 -247400 0
9 1344420682772500 -2158288 53728 -246800 0
9 1344420682775000 -2156160 55320 -245992 0
9 1344420682777500 -2156264 53640 -246416 0
9 1344420682780000 -2157800 54824 -246320 0
9 1344420682782500 -2157760 53848 -246056 0
9 1344420682785000 -2156064 54080 -246920 0
9 1344420682787500 -2155976 53584 -245200 0
9 1344420682790000 -2157688 54200 -247264 0
9 1344420682792500 -2156368 53944 -246480 0
9 1344420682795000 -2156264 54584 -246248 0
9 1344420682797500 -2155800 53888 -245624 0
