9 1344420691400000 -2160568 53912 -246296 0
9 1344420691402500 -2157648 55912 -245312 0
9 1344420691405000 -2155896 54040 -247032 0
9 1344420691407500 -2155240 54000 -246512 0
9 1344420691410000 -2159136 55168 -247000 0
9 1344420691412500 -2157424 54128 -245632 0
9 1344420691415000 -2156128 54528 -246032 0
9 1344420691417500 -2155720 54200 -247128 0
9 1344420691420000 -2157776 56176 -247144 0
9 1344420691422500 -2155584 53216 -245616 0
9 1344420691425000 -2158016 55224 -246936 0
9 1344420691427500 -2155176 52936 -246328 0
9 1344420691430000 -2158976 54096 -246680 0
9 1344420691432500 -2156688 55456 -246040 0
9 1344420691435000 -2156224 55320 -248032 0
9 1344420691437500 -2157080 53272 -247632 0
9 1344420691440000 -2160192 54528 -245888 0
9 1344420691442500 -2159216 53944 -246360 0
9 1344420691445000 -2154808 54576 -246840 0
9 1344420691447500 -2157528 53320 -246960 0
9 1344420691450000 -2159456 55976 -246040 0
9 1344420691452500 -2157200 55648 -246800 0
9 1344420691455000 -2154832 53840 -246768 0
9 1344420691457500 -2156792 53056 -246160 0
9 1344420691460000 -2158672 54768 -245904 0
9 1344420691462500 -2158464 54736 -246240 0
9 1344420691465000 -2156480 53912 -245616 0
9 1344420691467500 -2157224 53752 -247640 0
9 1344420691470000 -2157624 53648 -246352 0
9 1344420691472500 -2157944 53896 -247840 0
9 1344420691475000 -2157040 55824 -246936 0
9 1344420691477500 -2155688 53320 -246192 0
9 1344420691480000 -2157328 53920 -246512 0
9 1344420691482500 -2159560 54256 -246912 0
9 1344420691485000 -2156232 55168 -246048 0
9 1344420691487500 -2155744 52664 -247536 0
9 1344420691490000 -2158920 53992 -245768 0
9 1344420691492500 -2160432 53968 -246984 0
9 1344420691495000 -2154816 54096 -246912 0
9 1344420691497500 -2156032 52768 -248880 0
