9 1344420698400000 -2156912 52592 -246592 0
9 1344420698402500 -2155872 53256 -246776 0
9 1344420698405000 -2156696 54352 -247936 0
9 1344420698407500 -2157272 52952 -246384 0
9 1344420698410000 -2157384 53024 -246536 0
9 1344420698412500 -2156016 52840 -246776 0
9 1344420698415000 -2155168 53680 -245976 0
9 1344420698417500 -2156824 52432 -246824 0
9 1344420698420000 -2156560 53160 -246032 0
9 1344420698422500 -2155736 54312 -247240 0
9 1344420698425000 -2155352 53624 -247664 0
9 1344420698427500 -2158616 53648 -247328 0
9 1344420698430000 -2157336 52664 -247976 0
9 1344420698432500 -2156424 54328 -246528 0
9 1344420698435000 -2157432 54432 -244576 0
9 1344420698437500 -2157912 52992 -246688 0
9 1344420698440000 -2156192 54728 -247048 0
9 1344420698442500 -2157584 53248 -247896 0
9 1344420698445000 -2157576 54520 -245584 0
9 1344420698447500 -2156496 54168 -247904 0
9 1344420698450000 -2156064 52288 -245384 0
9 1344420698452500 -2158432 53512 -247952 0
9 1344420698455000 -2156304 53368 -246592 0
9 1344420698457500 -2157624 53640 -245968 0
9 1344420698460000 -2156896 53736 -247376 0
9 1344420698462500 -2157752 53320 -247552 0
9 1344420698465000 -2156152 54208 -247240 0
9 1344420698467500 -2159536 53712 -246304 0
9 1344420698470000 -2154136 52192 -245848 0
9 1344420698472500 -2157352 53712 -247192 0
9 1344420698475000 -2156040 54472 -246800 0
9 1344420698477500 -2157128 52752 -246968 0
9 1344420698480000 -2155264 53400 -248224 0
9 1344420698482500 -2155928 53736 -247080 0
9 1344420698485000 -2156272 53184 -246504 0
9 1344420698487500 -2157528 53416 -247848 0
9 1344420698490000 -2156600 52640 -246544 0
9 1344420698492500 -2157304 54304 -247008 0
9 1344420698495000 -2156816 53088 -247928 0
9 1344420698497500 -2156320 52864 -245440 0
