9 1344420694100000 -2155728 52968 -246328 0
9 1344420694102500 -2159248 55328 -247408 0
9 1344420694105000 -2155904 53576 -245784 0
9 1344420694107500 -2158080 54600 -245968 0
9 1344420694110000 -2156072 53392 -245864 0
9 1344420694112500 -2158576 53752 -246808 0
9 1344420694115000 -2157744 53016 -246088 0
9 1344420694117500 -2159096 55680 -247768 0
9 1344420694120000 -2155376 52968 -246488 0
9 1344420694122500 -2156968 55576 -246816 0
9 1344420694125000 -2156944 53832 -246288 0
9 1344420694127500 -2158240 54144 -246736 0
9 1344420694130000 -2156088 53144 -247112 0
9 1344420694132500 -2156352 54160 -246552 0
9 1344420694135000 -2156560 53592 -247552 0
9 1344420694137500 -2156200 55112 -245904 0
9 1344420694140000 -2158336 54656 -246392 0
9 1344420694142500 -2157840 54440 -246864 0
9 1344420694145000 -2158624 54480 -246336 0
9 1344420694147500 -2157032 54032 -246488 0
9 1344420694150000 -2157328 53304 -246832 0
9 1344420694152500 -2156576 54152 -247408 0
9 1344420694155000 -2157208 54208 -247712 0
9 1344420694157500 -2155136 53216 -245920 0
9 1344420694160000 -2158048 54680 -246488 0
9 1344420694162500 -2155648 52432 -245536 0
9 1344420694165000 -2157688 54912 -247496 0
9 1344420694167500 -2155600 54872 -245392 0
9 1344420694170000 -2158776 54824 -247352 0
9 1344420694172500 -2155232 53224 -245736 0
9 1344420694175000 -2159128 55328 -246752 0
9 1344420694177500 -2155944 53440 -246096 0
9 1344420694180000 -2159952 55432 -247584 0
9 1344420694182500 -2156072 52464 -246672 0
9 1344420694185000 -2158696 55304 -247240 0
9 1344420694187500 -2157224 54720 -246744 0
9 1344420694190000 -2160384 54136 -246208 0
9 1344420694192500 -2156440 53672 -245824 0
9 1344420694195000 -2158176 54672 -246424 0
9 1344420694197500 -2156736 54032 -245408 0
