9 1344420692200000 -2200920 72424 -249496 0
9 1344420692202500 -2110328 41976 -250400 0
9 1344420692205000 -2197544 64304 -237280 0
9 1344420692207500 -2138376 44648 -254992 0
9 1344420692210000 -2165136 64720 -242792 0
9 1344420692212500 -2147752 46872 -254696 0
9 1344420692215000 -2182456 56488 -234160 0
9 1344420692217500 -2146200 52576 -261664 0
9 1344420692220000 -2155048 57896 -228888 0
9 1344420692222500 -2159360 44200 -262008 0
9 1344420692225000 -2159472 65160 -230736 0
9 1344420692227500 -2132848 45464 -260768 0
9 1344420692230000 -2182472 62672 -230056 0
9 1344420692232500 -2130088 42384 -263288 0
9 1344420692235000 -2169920 70000 -235856 0
9 1344420692237500 -2139776 40816 -255752 0
9 1344420692240000 -2188144 65920 -239664 0
9 1344420692242500 -2120608 45264 -255856 0
9 1344420692245000 -2192664 64256 -241536 0
9 1344420692247500 -2133344 42776 -252456 0
9 1344420692250000 -2183936 63816 -238208 0
9 1344420692252500 -2130440 42184 -253680 0
9 1344420692255000 -2195568 67232 -240336 0
9 1344420692257500 -2106224 40936 -251744 0
9 1344420692260000 -2206608 67280 -239168 0
9 1344420692262500 -2114488 41728 -252328 0
9 1344420692265000 -2187336 68656 -239080 0
9 1344420692267500 -2110792 40344 -255120 0
9 1344420692270000 -2204440 67656 -236664 0
9 1344420692272500 -2110224 42520 -255880 0
9 1344420692275000 -2197064 64496 -240840 0
9 1344420692277500 -2110864 39472 -255888 0
9 1344420692280000 -2215040 73608 -241992 0
9 1344420692282500 -2100552 38840 -251936 0
9 1344420692285000 -2221808 72720 -243664 0
9 1344420692287500 -2090224 31376 -248032 0
9 1344420692290000 -2236832 81144 -248400 0
9 1344420692292500 -2080184 26128 -243328 0
9 1344420692295000 -2243520 81584 -250432 0
9 1344420692297500 -2075112 23336 -241224 0
