9 1344420711300000 -2156816 53736 -246928 0
9 1344420711302500 -2156808 54600 -247384 0
9 1344420711305000 -2156912 53432 -247016 0
9 1344420711307500 -2156792 53560 -246408 0
9 1344420711310000 -2156016 54768 -246736 0
9 1344420711312500 -2158040 54368 -246264 0
9 1344420711315000 -2156736 55328 -246000 0
9 1344420711317500 -2156640 54160 -246480 0
9 1344420711320000 -2156760 55280 -246856 0
9 1344420711322500 -2157720 54576 -247608 0
9 1344420711325000 -2157736 55184 -246760 0
9 1344420711327500 -2156944 54168 -245600 0
9 1344420711330000 -2156368 54832 -246272 0
9 1344420711332500 -2156880 55392 -247136 0
9 1344420711335000 -2155408 54688 -246008 0
9 1344420711337500 -2157336 53704 -245760 0
9 1344420711340000 -2157512 54304 -247792 0
9 1344420711342500 -2157672 53880 -246312 0
9 1344420711345000 -2157168 54488 -246936 0
9 1344420711347500 -2157040 54352 -247144 0
9 1344420711350000 -2156648 54128 -245576 0
9 1344420711352500 -2156656 53432 -246432 0
9 1344420711355000 -2158000 53784 -246336 0
9 1344420711357500 -2155904 53528 -246320 0
9 1344420711360000 -2158128 53608 -246832 0
9 1344420711362500 -2157192 53608 -245824 0
9 1344420711365000 -2156656 54544 -246080 0
9 1344420711367500 -2155768 53240 -246680 0
9 1344420711370000 -2156712 54048 -246432 0
9 1344420711372500 -2157080 53888 -246920 0
9 1344420711375000 -2156728 54464 -246280 0
9 1344420711377500 -2157752 53496 -246400 0
9 1344420711380000 -2157096 54688 -247680 0
9 1344420711382500 -2157480 54072 -246936 0
9 1344420711385000 -2156472 55136 -247040 0
9 1344420711387500 -2158072 55288 -246592 0
9 1344420711390000 -2157344 54544 -246872 0
9 1344420711392500 -2156800 54456 -246744 0
9 1344420711395000 -2157304 54064 -247752 0
9 1344420711397500 -2157304 55256 -247592 0
