9 1344420682000000 -2156400 52384 -244824 0
9 1344420682002500 -2155752 54176 -247232 0
9 1344420682005000 -2157240 54320 -245768 0
9 1344420682007500 -2157840 53624 -246120 0
9 1344420682010000 -2158096 55768 -247104 0
9 1344420682012500 -2156584 53536 -246584 0
9 1344420682015000 -2158888 54872 -247360 0
9 1344420682017500 -2158288 53784 -247152 0
9 1344420682020000 -2156072 55240 -246472 0
9 1344420682022500 -2158264 54112 -246632 0
9 1344420682025000 -2157592 53360 -248064 0
9 1344420682027500 -2155800 54560 -246984 0
9 1344420682030000 -2155800 53872 -246760 0
9 1344420682032500 -2157192 52664 -246296 0
9 1344420682035000 -2156688 52704 -246320 0
9 1344420682037500 -2159760 55688 -247944 0
9 1344420682040000 -2156800 51720 -246384 0
9 1344420682042500 -2154400 52440 -244120 0
9 1344420682045000 -2154128 56496 -250360 0
9 1344420682047500 -2160008 58152 -249280 0
9 1344420682050000 -2156016 47968 -241168 0
9 1344420682052500 -2157888 52248 -245296 0
9 1344420682055000 -2151032 59056 -252976 0
9 1344420682057500 -2152368 52960 -246168 0
9 1344420682060000 -2170928 51224 -241872 0
9 1344420682062500 -2155200 54072 -249328 0
9 1344420682065000 -2144840 56040 -250696 0
9 1344420682067500 -2166104 53840 -244392 0
9 1344420682070000 -2159528 51472 -243216 0
9 1344420682072500 -2146944 55616 -249064 0
9 1344420682075000 -2158888 55792 -247024 0
9 1344420682077500 -2162760 51600 -242664 0
9 1344420682080000 -2156112 53440 -248536 0
9 1344420682082500 -2151464 56000 -248744 0
9 1344420682085000 -2161728 54840 -245128 0
9 1344420682087500 -2155000 51112 -246080 0
9 1344420682090000 -2159528 58040 -250728 0
9 1344420682092500 -2155080 52152 -245880 0
9 1344420682095000 -2160576 51552 -242760 0
9 1344420682097500 -2159072 54976 -247824 0
