9 1344420699100000 -2157144 53464 -246232 0
9 1344420699102500 -2156320 52888 -246336 0
9 1344420699105000 -2157528 55040 -247624 0
9 1344420699107500 -2156944 54232 -246064 0
9 1344420699110000 -2157216 53520 -246888 0
9 1344420699112500 -2156360 53824 -247080 0
9 1344420699115000 -2156432 54136 -246592 0
9 1344420699117500 -2157976 54016 -247176 0
9 1344420699120000 -2157096 54040 -246592 0
9 1344420699122500 -2155600 53344 -245928 0
9 1344420699125000 -2157040 53368 -246448 0
9 1344420699127500 -2156640 54368 -246112 0
9 1344420699130000 -2159024 52568 -246760 0
9 1344420699132500 -2155584 54320 -247104 0
9 1344420699135000 -2157168 54760 -246072 0
9 1344420699137500 -2155568 54672 -246976 0
9 1344420699140000 -2157512 54296 -247096 0
9 1344420699142500 -2155304 53392 -246656 0
9 1344420699145000 -2156376 54208 -246224 0
9 1344420699147500 -2156824 54056 -247408 0
9 1344420699150000 -2155424 53680 -246152 0
9 1344420699152500 -2156120 54368 -246176 0
9 1344420699155000 -2155352 53536 -246144 0
9 1344420699157500 -2156704 53368 -246936 0
9 1344420699160000 -2156664 55440 -246984 0
9 1344420699162500 -2157240 54272 -246216 0
9 1344420699165000 -2154920 54048 -246376 0
9 1344420699167500 -2157616 53576 -247856 0
9 1344420699170000 -2155720 52696 -247160 0
9 1344420699172500 -2157960 54864 -247312 0
9 1344420699175000 -2155184 53744 -246232 0
9 1344420699177500 -2158056 54288 -247136 0
9 1344420699180000 -2155640 53640 -246496 0
9 1344420699182500 -2156160 54112 -247720 0
9 1344420699185000 -2156216 53280 -245688 0
9 1344420699187500 -2156576 53992 -247520 0
9 1344420699190000 -2156992 54184 -247160 0
9 1344420699192500 -2157704 53952 -246584 0
9 1344420699195000 -2157240 54696 -247552 0
9 1344420699197500 -2158088 54216 -246888 0
