9 1344420711600000 -2157056 55240 -245880 0
9 1344420711602500 -2157032 53560 -247752 0
9 1344420711605000 -2156536 53136 -246568 0
9 1344420711607500 -2156664 54208 -245888 0
9 1344420711610000 -2156880 54360 -247000 0
9 1344420711612500 -2157136 54280 -246832 0
9 1344420711615000 -2156952 53032 -247040 0
9 1344420711617500 -2156632 53992 -246168 0
9 1344420711620000 -2158056 54488 -246288 0
9 1344420711622500 -2155248 54648 -247544 0
9 1344420711625000 -2157272 54328 -247728 0
9 1344420711627500 -2156768 54464 -246752 0
9 1344420711630000 -2155752 53128 -246848 0
9 1344420711632500 -2157040 53992 -245984 0
9 1344420711635000 -2156784 53720 -245688 0
9 1344420711637500 -2155376 53616 -246584 0
9 1344420711640000 -2157456 54096 -247688 0
9 1344420711642500 -2157104 53504 -246352 0
9 1344420711645000 -2156600 54152 -247160 0
9 1344420711647500 -2156544 54320 -246344 0
9 1344420711650000 -2157032 53656 -246464 0
9 1344420711652500 -2157848 53520 -246744 0
9 1344420711655000 -2157776 55424 -246696 0
9 1344420711657500 -2156624 52952 -246080 0
9 1344420711660000 -2157752 53576 -247040 0
9 1344420711662500 -2158632 53656 -247296 0
9 1344420711665000 -2157312 54912 -245864 0
9 1344420711667500 -2158192 55048 -246480 0
9 1344420711670000 -2156712 53696 -247328 0
9 1344420711672500 -2155896 55056 -247856 0
9 1344420711675000 -2157736 53576 -245816 0
9 1344420711677500 -2156904 53656 -246480 0
9 1344420711680000 -2156384 53736 -247224 0
9 1344420711682500 -2157064 53624 -247616 0
9 1344420711685000 -2155608 54992 -246592 0
9 1344420711687500 -2156712 53616 -246528 0
9 1344420711690000 -2156064 53408 -246216 0
9 1344420711692500 -2157352 54192 -245624 0
9 1344420711695000 -2157200 54120 -246624 0
9 1344420711697500 -2157392 54112 -246080 0
