9 1344420704000000 -2156800 54616 -246336 0
9 1344420704002500 -2157648 53696 -246352 0
9 1344420704005000 -2156816 54520 -245776 0
9 1344420704007500 -2156416 53320 -246408 0
9 1344420704010000 -2156696 54024 -246856 0
9 1344420704012500 -2156896 52656 -247112 0
9 1344420704015000 -2157504 54512 -246608 0
9 1344420704017500 -2156840 53696 -247984 0
9 1344420704020000 -2157336 53808 -246448 0
9 1344420704022500 -2156744 54248 -245368 0
9 1344420704025000 -2156032 53472 -246808 0
9 1344420704027500 -2157728 53360 -246696 0
9 1344420704030000 -2156760 54048 -247240 0
9 1344420704032500 -2156616 54384 -247496 0
9 1344420704035000 -2157216 53896 -245896 0
9 1344420704037500 -2156240 53776 -245808 0
9 1344420704040000 -2157800 53016 -247800 0
9 1344420704042500 -2157536 55416 -246424 0
9 1344420704045000 -2157128 55472 -246760 0
9 1344420704047500 -2157424 54376 -247864 0
9 1344420704050000 -2157080 54480 -246288 0
9 1344420704052500 -2157600 54296 -246664 0
9 1344420704055000 -2157064 53920 -246608 0
9 1344420704057500 -2157112 54464 -246144 0
9 1344420704060000 -2157192 53272 -246272 0
9 1344420704062500 -2157728 53776 -246184 0
9 1344420704065000 -2156480 54632 -247104 0
9 1344420704067500 -2158000 53952 -247552 0
9 1344420704070000 -2157200 55312 -246344 0
9 1344420704072500 -2156656 53688 -246760 0
9 1344420704075000 -2156320 53376 -246328 0
9 1344420704077500 -2156720 53912 -246952 0
9 1344420704080000 -2157552 54456 -245328 0
9 1344420704082500 -2158192 55208 -246032 0
9 1344420704085000 -2158656 53608 -247888 0
9 1344420704087500 -2156632 55256 -247744 0
9 1344420704090000 -2155840 55376 -246536 0
9 1344420704092500 -2155648 53848 -246456 0
9 1344420704095000 -2157656 56072 -246744 0
9 1344420704097500 -2157272 54176 -246744 0
