9 1344420700600000 -2157416 53504 -246392 0
9 1344420700602500 -2157480 52760 -246432 0
9 1344420700605000 -2154968 52872 -245936 0
9 1344420700607500 -2157856 54904 -246096 0
9 1344420700610000 -2156136 53736 -247240 0
9 1344420700612500 -2156448 54088 -247376 0
9 1344420700615000 -2155992 52960 -247128 0
9 1344420700617500 -2158176 54224 -246064 0
9 1344420700620000 -2157792 53080 -247224 0
9 1344420700622500 -2156696 53760 -245232 0
9 1344420700625000 -2157856 54616 -246920 0
9 1344420700627500 -2157000 53080 -246320 0
9 1344420700630000 -2158800 55024 -246480 0
9 1344420700632500 -2156912 53424 -245840 0
9 1344420700635000 -2157408 54088 -247288 0
9 1344420700637500 -2156224 53160 -247664 0
9 1344420700640000 -2158728 53104 -246464 0
9 1344420700642500 -2156320 53576 -246568 0
9 1344420700645000 -2158232 55080 -246536 0
9 1344420700647500 -2156816 53720 -246144 0
9 1344420700650000 -2158192 54216 -246640 0
9 1344420700652500 -2157080 53840 -246824 0
9 1344420700655000 -2157768 53968 -246368 0
9 1344420700657500 -2155256 54696 -246160 0
9 1344420700660000 -2156760 53208 -247008 0
9 1344420700662500 -2157344 53640 -246520 0
9 1344420700665000 -2157896 54064 -245952 0
9 1344420700667500 -2156808 53856 -246480 0
9 1344420700670000 -2157536 53904 -246872 0
9 1344420700672500 -2157192 54344 -245408 0
9 1344420700675000 -2156560 53912 -246264 0
9 1344420700677500 -2157968 55256 -246992 0
9 1344420700680000 -2156816 54648 -246816 0
9 1344420700682500 -2157616 54440 -246328 0
9 1344420700685000 -2156608 53560 -247080 0
9 1344420700687500 -2156936 53640 -246320 0
9 1344420700690000 -2156648 53840 -247816 0
9 1344420700692500 -2157120 53184 -247288 0
9 1344420700695000 -2157360 53736 -246008 0
9 1344420700697500 -2157736 53352 -247480 0
