9 1344420706100000 -2157632 54240 -245896 0
9 1344420706102500 -2155960 54272 -246376 0
9 1344420706105000 -2155608 53344 -246280 0
9 1344420706107500 -2158528 54872 -246288 0
9 1344420706110000 -2155416 53696 -246696 0
9 1344420706112500 -2157440 53168 -246296 0
9 1344420706115000 -2157216 52848 -246504 0
9 1344420706117500 -2156752 54848 -246936 0
9 1344420706120000 -2157352 54672 -247328 0
9 1344420706122500 -2156992 54944 -245416 0
9 1344420706125000 -2156456 52768 -246088 0
9 1344420706127500 -2156416 55360 -246248 0
9 1344420706130000 -2157392 54568 -247040 0
9 1344420706132500 -2156992 54648 -246080 0
9 1344420706135000 -2156592 54848 -246624 0
9 1344420706137500 -2156424 55024 -246600 0
9 1344420706140000 -2157608 53608 -247544 0
9 1344420706142500 -2157432 54376 -246440 0
9 1344420706145000 -2157936 54776 -246632 0
9 1344420706147500 -2156768 53288 -246392 0
9 1344420706150000 -2157584 54080 -245256 0
9 1344420706152500 -2156928 54536 -245400 0
9 1344420706155000 -2157448 54768 -247056 0
9 1344420706157500 -2156136 54672 -246488 0
9 1344420706160000 -2157048 53816 -245576 0
9 1344420706162500 -2155896 54064 -246408 0
9 1344420706165000 -2157808 53280 -247128 0
9 1344420706167500 -2156544 53944 -246328 0
9 1344420706170000 -2157488 55048 -246816 0
9 1344420706172500 -2156184 53800 -246120 0
9 1344420706175000 -2156584 54776 -246168 0
9 1344420706177500 -2156248 54168 -246928 0
9 1344420706180000 -2157168 54800 -245784 0
9 1344420706182500 -2156952 54752 -245776 0
9 1344420706185000 -2156792 54512 -246472 0
9 1344420706187500 -2156424 53952 -246336 0
9 1344420706190000 -2156800 54352 -246552 0
9 1344420706192500 -2155112 54712 -247920 0
9 1344420706195000 -2156400 54304 -246568 0
9 1344420706197500 -2157832 54432 -246336 0
