9 1344420697000000 -2157432 54704 -247352 0
9 1344420697002500 -2154928 53952 -245376 0
9 1344420697005000 -2160464 54568 -247640 0
9 1344420697007500 -2154576 54200 -245624 0
9 1344420697010000 -2158528 53632 -246200 0
9 1344420697012500 -2159192 54424 -247888 0
9 1344420697015000 -2153968 53280 -244576 0
9 1344420697017500 -2159168 54304 -249928 0
9 1344420697020000 -2151192 53088 -245480 0
9 1344420697022500 -2160888 55696 -248056 0
9 1344420697025000 -2153880 53688 -246056 0
9 1344420697027500 -2159376 54600 -248456 0
9 1344420697030000 -2152248 53368 -246344 0
9 1344420697032500 -2161408 54000 -248472 0
9 1344420697035000 -2153920 53984 -248160 0
9 1344420697037500 -2159344 54792 -246776 0
9 1344420697040000 -2156312 54200 -246896 0
9 1344420697042500 -2157488 53808 -245808 0
9 1344420697045000 -2156352 54504 -247232 0
9 1344420697047500 -2154192 53232 -244016 0
9 1344420697050000 -2159880 54592 -247352 0
9 1344420697052500 -2154000 53048 -244968 0
9 1344420697055000 -2160256 53656 -247296 0
9 1344420697057500 -2153392 51992 -245992 0
9 1344420697060000 -2160672 56000 -247088 0
9 1344420697062500 -2154056 53608 -243696 0
9 1344420697065000 -2162464 55472 -249736 0
9 1344420697067500 -2149096 53480 -244384 0
9 1344420697070000 -2161968 54424 -247536 0
9 1344420697072500 -2154040 53024 -245112 0
9 1344420697075000 -2158296 54304 -246000 0
9 1344420697077500 -2156128 54664 -247000 0
9 1344420697080000 -2155016 53648 -243640 0
9 1344420697082500 -2161320 55280 -248272 0
9 1344420697085000 -2153264 52912 -246544 0
9 1344420697087500 -2158944 53888 -248160 0
9 1344420697090000 -2155096 52792 -244840 0
9 1344420697092500 -2158664 55328 -247888 0
9 1344420697095000 -2154400 53120 -245440 0
9 1344420697097500 -2160744 57240 -247824 0
