9 1344420707500000 -2157592 53584 -246248 0
9 1344420707502500 -2157288 54784 -246648 0
9 1344420707505000 -2157240 54328 -245432 0
9 1344420707507500 -2156896 54128 -245776 0
9 1344420707510000 -2158280 53464 -245648 0
9 1344420707512500 -2156744 53728 -248048 0
9 1344420707515000 -2157776 53904 -246472 0
9 1344420707517500 -2158632 53704 -246848 0
9 1344420707520000 -2156904 54024 -246984 0
9 1344420707522500 -2156240 54152 -246400 0
9 1344420707525000 -2156664 53664 -246024 0
9 1344420707527500 -2157480 53728 -248368 0
9 1344420707530000 -2156632 53520 -246568 0
9 1344420707532500 -2157504 54344 -246864 0
9 1344420707535000 -2155824 53864 -246728 0
9 1344420707537500 -2157624 53512 -245408 0
9 1344420707540000 -2157448 54000 -246880 0
9 1344420707542500 -2157992 54144 -247200 0
9 1344420707545000 -2157056 52880 -245048 0
9 1344420707547500 -2157264 55016 -247256 0
9 1344420707550000 -2156528 55152 -246600 0
9 1344420707552500 -2157440 54184 -245976 0
9 1344420707555000 -2155552 53824 -246280 0
9 1344420707557500 -2157320 54384 -247544 0
9 1344420707560000 -2156296 54592 -248056 0
9 1344420707562500 -2156744 54720 -246576 0
9 1344420707565000 -2156472 53752 -247296 0
9 1344420707567500 -2155496 53976 -246752 0
9 1344420707570000 -2157128 52840 -246768 0
9 1344420707572500 -2156184 52640 -247248 0
9 1344420707575000 -2157520 52912 -246728 0
9 1344420707577500 -2157392 54336 -246400 0
9 1344420707580000 -2157136 55072 -246328 0
9 1344420707582500 -2156912 53608 -246400 0
9 1344420707585000 -2157088 53224 -247392 0
9 1344420707587500 -2156560 54040 -247192 0
9 1344420707590000 -2157528 54352 -246560 0
9 1344420707592500 -2156696 53800 -247040 0
9 1344420707595000 -2157608 54832 -246840 0
9 1344420707597500 -2157736 54016 -246552 0
