9 1344420685500000 -2157744 53960 -246928 0
9 1344420685502500 -2156712 54336 -245952 0
9 1344420685505000 -2157912 54888 -246600 0
9 1344420685507500 -2156696 54056 -246136 0
9 1344420685510000 -2157480 54040 -246472 0
9 1344420685512500 -2156192 53072 -246840 0
9 1344420685515000 -2157696 54008 -247448 0
9 1344420685517500 -2156232 53520 -247464 0
9 1344420685520000 -2156680 54920 -246184 0
9 1344420685522500 -2157384 54128 -248312 0
9 1344420685525000 -2157840 53816 -248232 0
9 1344420685527500 -2156648 55696 -247248 0
9 1344420685530000 -2156632 54640 -247024 0
9 1344420685532500 -2157240 54992 -247664 0
9 1344420685535000 -2156432 53272 -246648 0
9 1344420685537500 -2156168 54704 -247824 0
9 1344420685540000 -2155896 55280 -247096 0
9 1344420685542500 -2157224 53016 -246776 0
9 1344420685545000 -2156936 53640 -246984 0
9 1344420685547500 -2157056 55472 -246032 0
9 1344420685550000 -2156408 52920 -246904 0
9 1344420685552500 -2156936 54728 -246576 0
9 1344420685555000 -2157248 53232 -245800 0
9 1344420685557500 -2157144 54400 -246232 0
9 1344420685560000 -2157016 56032 -246752 0
9 1344420685562500 -2157064 54896 -246536 0
9 1344420685565000 -2156216 54632 -246256 0
9 1344420685567500 -2156680 54784 -246176 0
9 1344420685570000 -2157408 53888 -245296 0
9 1344420685572500 -2158368 53336 -247680 0
9 1344420685575000 -2156472 53808 -247000 0
9 1344420685577500 -2156832 54264 -246960 0
9 1344420685580000 -2157568 54088 -246912 0
9 1344420685582500 -2156656 53264 -247016 0
9 1344420685585000 -2156272 54376 -245816 0
9 1344420685587500 -2157600 54184 -246000 0
9 1344420685590000 -2156864 54912 -246056 0
9 1344420685592500 -2157760 53216 -246360 0
9 1344420685595000 -2157384 53448 -247120 0
9 1344420685597500 -2158056 52192 -246968 0
