9 1344420694500000 -2156312 53720 -247560 0
9 1344420694502500 -2158392 54624 -246496 0
9 1344420694505000 -2156560 54328 -245248 0
9 1344420694507500 -2158176 54888 -246224 0
9 1344420694510000 -2156160 53576 -245304 0
9 1344420694512500 -2157296 54232 -245968 0
9 1344420694515000 -2155464 52360 -246264 0
9 1344420694517500 -2156840 54792 -246576 0
9 1344420694520000 -2153640 53744 -246568 0
9 1344420694522500 -2156992 55144 -246384 0
9 1344420694525000 -2156976 54080 -246848 0
9 1344420694527500 -2158120 54848 -245768 0
9 1344420694530000 -2157296 55072 -247160 0
9 1344420694532500 -2156768 55640 -247496 0
9 1344420694535000 -2157240 55144 -245848 0
9 1344420694537500 -2157704 53712 -245912 0
9 1344420694540000 -2157808 54392 -246152 0
9 1344420694542500 -2156544 53480 -246128 0
9 1344420694545000 -2157488 54560 -247400 0
9 1344420694547500 -2155504 52824 -246544 0
9 1344420694550000 -2157304 52672 -247144 0
9 1344420694552500 -2156648 54040 -248216 0
9 1344420694555000 -2157776 53536 -246656 0
9 1344420694557500 -2156544 54440 -246184 0
9 1344420694560000 -2157576 54696 -246224 0
9 1344420694562500 -2156208 53848 -246560 0
9 1344420694565000 -2159632 53880 -246680 0
9 1344420694567500 -2156376 54584 -245976 0
9 1344420694570000 -2158392 55608 -247872 0
9 1344420694572500 -2155344 53784 -246448 0
9 1344420694575000 -2158776 54840 -246832 0
9 1344420694577500 -2156536 53560 -247088 0
9 1344420694580000 -2157664 54632 -247216 0
9 1344420694582500 -2155240 52792 -246848 0
9 1344420694585000 -2158288 54600 -246528 0
9 1344420694587500 -2155992 53408 -247688 0
9 1344420694590000 -2157176 53672 -246432 0
9 1344420694592500 -2155320 55064 -246120 0
9 1344420694595000 -2157840 53744 -247128 0
9 1344420694597500 -2156728 54352 -246536 0
