9 1344420690600000 -2155912 53736 -246128 0
9 1344420690602500 -2157280 54824 -247032 0
9 1344420690605000 -2158128 53360 -246152 0
9 1344420690607500 -2157824 53696 -247592 0
9 1344420690610000 -2156008 54256 -247240 0
9 1344420690612500 -2157296 51968 -248408 0
9 1344420690615000 -2157600 53336 -247368 0
9 1344420690617500 -2157264 53880 -246736 0
9 1344420690620000 -2157248 54936 -246304 0
9 1344420690622500 -2157640 55072 -247032 0
9 1344420690625000 -2156776 52800 -247088 0
9 1344420690627500 -2156832 53248 -246576 0
9 1344420690630000 -2156864 54016 -246856 0
9 1344420690632500 -2156944 53576 -246480 0
9 1344420690635000 -2157760 54872 -246720 0
9 1344420690637500 -2155968 52464 -247432 0
9 1344420690640000 -2157616 53120 -247120 0
9 1344420690642500 -2157544 53472 -248344 0
9 1344420690645000 -2157248 53816 -247344 0
9 1344420690647500 -2157280 53768 -246128 0
9 1344420690650000 -2156400 54008 -246616 0
9 1344420690652500 -2157392 53736 -246184 0
9 1344420690655000 -2157064 54896 -246592 0
9 1344420690657500 -2156952 53576 -247264 0
9 1344420690660000 -2156928 53560 -246240 0
9 1344420690662500 -2158440 52912 -247072 0
9 1344420690665000 -2156968 54760 -247176 0
9 1344420690667500 -2156128 53864 -247376 0
9 1344420690670000 -2157176 54280 -246424 0
9 1344420690672500 -2157416 54544 -247936 0
9 1344420690675000 -2156984 55408 -246376 0
9 1344420690677500 -2156896 53736 -247520 0
9 1344420690680000 -2157896 54696 -247232 0
9 1344420690682500 -2158800 54840 -247272 0
9 1344420690685000 -2157928 54872 -246584 0
9 1344420690687500 -2157304 54240 -247192 0
9 1344420690690000 -2158376 54424 -246224 0
9 1344420690692500 -2157232 55192 -246480 0
9 1344420690695000 -2155904 54352 -247296 0
9 1344420690697500 -2156680 54280 -248280 0
