9 1344420689300000 -2155920 53816 -245880 0
9 1344420689302500 -2156928 54976 -247696 0
9 1344420689305000 -2157360 53152 -246816 0
9 1344420689307500 -2157400 54136 -247136 0
9 1344420689310000 -2157488 54072 -246584 0
9 1344420689312500 -2156808 55152 -247168 0
9 1344420689315000 -2156680 54760 -246512 0
9 1344420689317500 -2156680 54648 -247680 0
9 1344420689320000 -2157416 53360 -245552 0
9 1344420689322500 -2156456 53648 -246912 0
9 1344420689325000 -2157016 53720 -246080 0
9 1344420689327500 -2157304 53368 -247320 0
9 1344420689330000 -2156536 53544 -247728 0
9 1344420689332500 -2156304 54240 -246648 0
9 1344420689335000 -2156064 54520 -247832 0
9 1344420689337500 -2156344 54816 -245600 0
9 1344420689340000 -2156312 54904 -246504 0
9 1344420689342500 -2156608 54504 -246832 0
9 1344420689345000 -2156008 53920 -247016 0
9 1344420689347500 -2157640 53992 -246688 0
9 1344420689350000 -2157688 54136 -246776 0
9 1344420689352500 -2156736 52552 -247072 0
9 1344420689355000 -2157640 54784 -247104 0
9 1344420689357500 -2157720 55280 -247528 0
9 1344420689360000 -2156944 54408 -246072 0
9 1344420689362500 -2157376 53912 -248152 0
9 1344420689365000 -2156872 54664 -246960 0
9 1344420689367500 -2156976 52880 -246296 0
9 1344420689370000 -2157544 54032 -246696 0
9 1344420689372500 -2156664 53712 -247624 0
9 1344420689375000 -2157616 52808 -246120 0
9 1344420689377500 -2157704 54616 -247080 0
9 1344420689380000 -2155704 55184 -247320 0
9 1344420689382500 -2157048 54504 -246392 0
9 1344420689385000 -2157504 53680 -246568 0
9 1344420689387500 -2157384 52920 -246784 0
9 1344420689390000 -2156960 54456 -246832 0
9 1344420689392500 -2155992 52832 -244976 0
9 1344420689395000 -2156984 53840 -245456 0
9 1344420689397500 -2156840 56008 -247160 0
