9 1344420704400000 -2158744 54288 -246744 0
9 1344420704402500 -2156512 53808 -246352 0
9 1344420704405000 -2157784 55312 -246216 0
9 1344420704407500 -2157112 54648 -245352 0
9 1344420704410000 -2156904 54136 -246728 0
9 1344420704412500 -2157576 54360 -246176 0
9 1344420704415000 -2157200 53192 -247296 0
9 1344420704417500 -2157080 54432 -246888 0
9 1344420704420000 -2157296 54200 -246016 0
9 1344420704422500 -2156624 53360 -246792 0
9 1344420704425000 -2156360 54016 -245960 0
9 1344420704427500 -2156336 55272 -247000 0
9 1344420704430000 -2158232 53672 -247464 0
9 1344420704432500 -2155904 53960 -247200 0
9 1344420704435000 -2157472 54120 -246488 0
9 1344420704437500 -2157136 54920 -246576 0
9 1344420704440000 -2156952 54664 -245880 0
9 1344420704442500 -2157240 54120 -247128 0
9 1344420704445000 -2157416 53992 -244936 0
9 1344420704447500 -2156592 53912 -246552 0
9 1344420704450000 -2156840 55072 -246480 0
9 1344420704452500 -2157120 54312 -246968 0
9 1344420704455000 -2156712 54864 -245712 0
9 1344420704457500 -2156736 54104 -247136 0
9 1344420704460000 -2157104 54016 -246848 0
9 1344420704462500 -2156800 54272 -246768 0
9 1344420704465000 -2157496 54552 -246752 0
9 1344420704467500 -2157232 54520 -246832 0
9 1344420704470000 -2155704 53840 -246216 0
9 1344420704472500 -2156808 54200 -247008 0
9 1344420704475000 -2157008 53832 -246624 0
9 1344420704477500 -2157400 54440 -246552 0
9 1344420704480000 -2156936 54992 -246136 0
9 1344420704482500 -2156624 54400 -245840 0
9 1344420704485000 -2156536 53984 -247104 0
9 1344420704487500 -2157520 54624 -245512 0
9 1344420704490000 -2157496 53952 -247112 0
9 1344420704492500 -2156568 54016 -247280 0
9 1344420704495000 -2157536 54048 -245904 0
9 1344420704497500 -2157224 54528 -245848 0
