9 1344420699600000 -2155312 52336 -246928 0
9 1344420699602500 -2157192 54112 -246800 0
9 1344420699605000 -2156832 53560 -246944 0
9 1344420699607500 -2156168 53952 -246944 0
9 1344420699610000 -2155160 53392 -247416 0
9 1344420699612500 -2158408 54248 -247672 0
9 1344420699615000 -2157592 54272 -247760 0
9 1344420699617500 -2157824 54824 -247808 0
9 1344420699620000 -2157088 54392 -245688 0
9 1344420699622500 -2156760 53640 -246320 0
9 1344420699625000 -2157480 54616 -246248 0
9 1344420699627500 -2157456 55976 -246584 0
9 1344420699630000 -2156848 55144 -246464 0
9 1344420699632500 -2156896 53960 -246648 0
9 1344420699635000 -2157168 54264 -246928 0
9 1344420699637500 -2155544 54360 -246416 0
9 1344420699640000 -2157776 54384 -246096 0
9 1344420699642500 -2156248 54288 -246968 0
9 1344420699645000 -2156496 54032 -246200 0
9 1344420699647500 -2156696 54216 -247160 0
9 1344420699650000 -2157448 54472 -247704 0
9 1344420699652500 -2157032 54432 -247696 0
9 1344420699655000 -2156472 54864 -247040 0
9 1344420699657500 -2155184 53648 -246912 0
9 1344420699660000 -2156144 54688 -247096 0
9 1344420699662500 -2155776 53928 -247056 0
9 1344420699665000 -2158272 54056 -245864 0
9 1344420699667500 -2156616 53040 -246408 0
9 1344420699670000 -2158192 55112 -246400 0
9 1344420699672500 -2155520 53680 -246256 0
9 1344420699675000 -2156312 53264 -245864 0
9 1344420699677500 -2156656 54056 -247448 0
9 1344420699680000 -2156640 53712 -246304 0
9 1344420699682500 -2156632 53944 -247256 0
9 1344420699685000 -2154800 54688 -247368 0
9 1344420699687500 -2156200 53152 -245976 0
9 1344420699690000 -2157912 54608 -245776 0
9 1344420699692500 -2158376 52856 -245416 0
9 1344420699695000 -2156360 53792 -246664 0
9 1344420699697500 -2156784 54720 -246864 0
