9 1344420712900000 -2157760 54352 -245664 0
9 1344420712902500 -2157528 54304 -246728 0
9 1344420712905000 -2157312 55088 -246592 0
9 1344420712907500 -2156264 54152 -245608 0
9 1344420712910000 -2157256 54392 -246568 0
9 1344420712912500 -2156904 54296 -246648 0
9 1344420712915000 -2156296 52856 -246184 0
9 1344420712917500 -2157888 53672 -246680 0
9 1344420712920000 -2156504 54640 -245816 0
9 1344420712922500 -2157920 54536 -246488 0
9 1344420712925000 -2156416 54032 -247512 0
9 1344420712927500 -2155048 54392 -246776 0
9 1344420712930000 -2155520 55176 -246672 0
9 1344420712932500 -2157312 54704 -247392 0
9 1344420712935000 -2156256 53768 -246752 0
9 1344420712937500 -2158472 53576 -246688 0
9 1344420712940000 -2157824 53464 -245592 0
9 1344420712942500 -2157072 53768 -247640 0
9 1344420712945000 -2155416 55208 -247312 0
9 1344420712947500 -2157784 54088 -248088 0
9 1344420712950000 -2157216 54240 -247824 0
9 1344420712952500 -2156912 55520 -245336 0
9 1344420712955000 -2157400 54080 -245944 0
9 1344420712957500 -2156360 54304 -245568 0
9 1344420712960000 -2157312 53440 -246096 0
9 1344420712962500 -2156904 54880 -246648 0
9 1344420712965000 -2157208 53984 -246400 0
9 1344420712967500 -2157448 53856 -247416 0
9 1344420712970000 -2157704 54128 -245776 0
9 1344420712972500 -2156544 52976 -245672 0
9 1344420712975000 -2155672 54312 -246464 0
9 1344420712977500 -2156792 54680 -246216 0
9 1344420712980000 -2158568 54880 -246888 0
9 1344420712982500 -2155712 54312 -246600 0
9 1344420712985000 -2156896 53160 -246392 0
9 1344420712987500 -2157496 53704 -246256 0
9 1344420712990000 -2157024 54496 -246560 0
9 1344420712992500 -2156080 55056 -247520 0
9 1344420712995000 -2157408 53952 -246344 0
9 1344420712997500 -2157928 54232 -245536 0
