9 1344420669200000 -2157568 52872 -246880 0
9 1344420669202500 -2157824 52824 -246272 0
9 1344420669205000 -2156760 54016 -246560 0
9 1344420669207500 -2157064 52448 -247200 0
9 1344420669210000 -2157136 51888 -245440 0
9 1344420669212500 -2157368 53640 -247528 0
9 1344420669215000 -2158416 52264 -246776 0
9 1344420669217500 -2156392 54208 -247032 0
9 1344420669220000 -2156216 54392 -245560 0
9 1344420669222500 -2155920 54752 -246416 0
9 1344420669225000 -2156296 53720 -246688 0
9 1344420669227500 -2156480 53096 -246800 0
9 1344420669230000 -2157664 54144 -247520 0
9 1344420669232500 -2156528 54272 -247768 0
9 1344420669235000 -2157448 54216 -246872 0
9 1344420669237500 -2158128 52968 -246776 0
9 1344420669240000 -2155824 54104 -245952 0
9 1344420669242500 -2156336 53216 -246712 0
9 1344420669245000 -2156656 53272 -247296 0
9 1344420669247500 -2156720 52232 -246296 0
9 1344420669250000 -2157144 53680 -247536 0
9 1344420669252500 -2156952 54720 -247064 0
9 1344420669255000 -2157376 54256 -246432 0
9 1344420669257500 -2156976 53552 -246312 0
9 1344420669260000 -2156864 53816 -247768 0
9 1344420669262500 -2157432 54088 -245728 0
9 1344420669265000 -2156672 55568 -247120 0
9 1344420669267500 -2158264 53928 -247056 0
9 1344420669270000 -2156880 54184 -247504 0
9 1344420669272500 -2156472 54728 -247048 0
9 1344420669275000 -2157648 53744 -246928 0
9 1344420669277500 -2157208 54568 -247120 0
9 1344420669280000 -2155992 53176 -247352 0
9 1344420669282500 -2156496 54128 -247872 0
9 1344420669285000 -2157424 55000 -246072 0
9 1344420669287500 -2156600 55280 -246984 0
9 1344420669290000 -2156992 55224 -246008 0
9 1344420669292500 -2156928 52944 -246920 0
9 1344420669295000 -2155944 53544 -247416 0
9 1344420669297500 -2157064 54632 -247800 0
