9 1344420694900000 -2155480 55296 -246736 0
9 1344420694902500 -2156968 54496 -247200 0
9 1344420694905000 -2155320 54776 -246432 0
9 1344420694907500 -2157840 54584 -246832 0
9 1344420694910000 -2155368 53496 -247680 0
9 1344420694912500 -2157368 54520 -247712 0
9 1344420694915000 -2155656 54088 -246792 0
9 1344420694917500 -2157256 54952 -246304 0
9 1344420694920000 -2156328 54296 -247168 0
9 1344420694922500 -2157496 56056 -247064 0
9 1344420694925000 -2156424 53464 -247168 0
9 1344420694927500 -2157984 55208 -246800 0
9 1344420694930000 -2158312 54712 -246712 0
9 1344420694932500 -2158792 54432 -246864 0
9 1344420694935000 -2157192 54144 -246232 0
9 1344420694937500 -2157472 54784 -245688 0
9 1344420694940000 -2156448 53840 -245792 0
9 1344420694942500 -2156912 54416 -246600 0
9 1344420694945000 -2156680 54344 -246344 0
9 1344420694947500 -2155768 54144 -245936 0
9 1344420694950000 -2156808 55872 -247000 0
9 1344420694952500 -2156184 54688 -246096 0
9 1344420694955000 -2157568 54088 -246752 0
9 1344420694957500 -2155192 53968 -246976 0
9 1344420694960000 -2157920 54488 -247408 0
9 1344420694962500 -2155520 53392 -246120 0
9 1344420694965000 -2157760 54056 -246816 0
9 1344420694967500 -2155752 53632 -246536 0
9 1344420694970000 -2158344 54072 -247560 0
9 1344420694972500 -2156216 53968 -247144 0
9 1344420694975000 -2158320 53880 -245856 0
9 1344420694977500 -2155472 53040 -246656 0
9 1344420694980000 -2157976 54152 -247720 0
9 1344420694982500 -2155504 53032 -246704 0
9 1344420694985000 -2158472 54512 -247264 0
9 1344420694987500 -2155960 53904 -247808 0
9 1344420694990000 -2159120 54216 -246936 0
9 1344420694992500 -2156504 52896 -247576 0
9 1344420694995000 -2158776 53736 -247224 0
9 1344420694997500 -2157952 54488 -245752 0
