9 1344420707900000 -2156976 55696 -245888 0
9 1344420707902500 -2157944 53800 -246496 0
9 1344420707905000 -2157768 54832 -247072 0
9 1344420707907500 -2157128 53120 -246792 0
9 1344420707910000 -2157448 53728 -246208 0
9 1344420707912500 -2157392 54688 -246216 0
9 1344420707915000 -2156928 55000 -246600 0
9 1344420707917500 -2156904 53840 -247632 0
9 1344420707920000 -2156088 53216 -247272 0
9 1344420707922500 -2157920 54376 -245920 0
9 1344420707925000 -2158264 54016 -248168 0
9 1344420707927500 -2158176 54384 -246080 0
9 1344420707930000 -2156992 53456 -245248 0
9 1344420707932500 -2157296 54464 -245512 0
9 1344420707935000 -2157280 54184 -246528 0
9 1344420707937500 -2157088 54448 -246720 0
9 1344420707940000 -2157584 54096 -247392 0
9 1344420707942500 -2158248 54568 -246032 0
9 1344420707945000 -2155976 54744 -245656 0
9 1344420707947500 -2156680 54656 -246368 0
9 1344420707950000 -2156184 53760 -245456 0
9 1344420707952500 -2157456 54648 -246600 0
9 1344420707955000 -2156336 55024 -245736 0
9 1344420707957500 -2156672 54856 -246760 0
9 1344420707960000 -2157216 54464 -247336 0
9 1344420707962500 -2156232 54072 -246528 0
9 1344420707965000 -2155800 54264 -246488 0
9 1344420707967500 -2156160 54016 -245880 0
9 1344420707970000 -2156904 54976 -245144 0
9 1344420707972500 -2157480 54136 -246728 0
9 1344420707975000 -2155992 54800 -246896 0
9 1344420707977500 -2156688 55400 -247496 0
9 1344420707980000 -2156464 54952 -246304 0
9 1344420707982500 -2156920 54648 -247496 0
9 1344420707985000 -2155840 55200 -247168 0
9 1344420707987500 -2157136 54464 -245968 0
9 1344420707990000 -2157528 54104 -246160 0
9 1344420707992500 -2157576 54608 -247744 0
9 1344420707995000 -2156624 54496 -246528 0
9 1344420707997500 -2155760 54816 -246720 0
