9 1344420696900000 -2158008 54848 -247760 0
9 1344420696902500 -2155968 53144 -244504 0
9 1344420696905000 -2159696 54832 -247400 0
9 1344420696907500 -2153008 54224 -245832 0
9 1344420696910000 -2158720 53848 -246936 0
9 1344420696912500 -2156864 54024 -247464 0
9 1344420696915000 -2157776 54080 -245672 0
9 1344420696917500 -2157048 53456 -248232 0
9 1344420696920000 -2158296 53560 -245616 0
9 1344420696922500 -2157808 54368 -246152 0
9 1344420696925000 -2155960 55280 -245648 0
9 1344420696927500 -2156880 54688 -247368 0
9 1344420696930000 -2158232 53800 -246912 0
9 1344420696932500 -2157456 53744 -245992 0
9 1344420696935000 -2156232 55288 -246088 0
9 1344420696937500 -2157312 54496 -246872 0
9 1344420696940000 -2155520 54240 -245888 0
9 1344420696942500 -2158160 54632 -246944 0
9 1344420696945000 -2155424 54312 -245560 0
9 1344420696947500 -2157104 54104 -245240 0
9 1344420696950000 -2157560 54136 -247408 0
9 1344420696952500 -2153816 53392 -246008 0
9 1344420696955000 -2156960 54472 -247208 0
9 1344420696957500 -2158128 54504 -247600 0
9 1344420696960000 -2156304 54400 -244800 0
9 1344420696962500 -2158616 56048 -247736 0
9 1344420696965000 -2155936 54760 -246096 0
9 1344420696967500 -2157656 54552 -246000 0
9 1344420696970000 -2157464 53744 -247120 0
9 1344420696972500 -2157904 54736 -246024 0
9 1344420696975000 -2155472 52928 -245480 0
9 1344420696977500 -2159976 54912 -247344 0
9 1344420696980000 -2153728 54208 -245904 0
9 1344420696982500 -2158232 54360 -246600 0
9 1344420696985000 -2156920 54688 -246600 0
9 1344420696987500 -2156912 54816 -246536 0
9 1344420696990000 -2157688 55544 -247096 0
9 1344420696992500 -2156832 54464 -245704 0
9 1344420696995000 -2157160 54184 -247304 0
9 1344420696997500 -2157424 52856 -246048 0
