9 1344420670800000 -2157520 54384 -246616 0
9 1344420670802500 -2156608 54480 -246784 0
9 1344420670805000 -2156768 54752 -246696 0
9 1344420670807500 -2157224 53184 -246832 0
9 1344420670810000 -2157888 54216 -246512 0
9 1344420670812500 -2158392 54640 -245880 0
9 1344420670815000 -2156960 53672 -246944 0
9 1344420670817500 -2157704 54560 -247056 0
9 1344420670820000 -2157168 55232 -246720 0
9 1344420670822500 -2157832 54568 -246096 0
9 1344420670825000 -2157016 54976 -246552 0
9 1344420670827500 -2158176 54696 -245464 0
9 1344420670830000 -2158400 54496 -246688 0
9 1344420670832500 -2155904 54224 -246616 0
9 1344420670835000 -2155736 54048 -246728 0
9 1344420670837500 -2157656 54192 -246304 0
9 1344420670840000 -2157120 54480 -247144 0
9 1344420670842500 -2157048 52688 -246632 0
9 1344420670845000 -2157096 53584 -246848 0
9 1344420670847500 -2156376 54920 -246456 0
9 1344420670850000 -2157384 54280 -246064 0
9 1344420670852500 -2158000 53968 -247112 0
9 1344420670855000 -2157216 54888 -246816 0
9 1344420670857500 -2157528 53456 -246832 0
9 1344420670860000 -2157680 54608 -247136 0
9 1344420670862500 -2157920 54568 -246648 0
9 1344420670865000 -2157736 55072 -246864 0
9 1344420670867500 -2157264 54104 -246256 0
9 1344420670870000 -2156664 52920 -246016 0
9 1344420670872500 -2157032 53976 -246480 0
9 1344420670875000 -2157928 53680 -246840 0
9 1344420670877500 -2158312 53672 -247032 0
9 1344420670880000 -2156832 53456 -246520 0
9 1344420670882500 -2156312 53648 -246944 0
9 1344420670885000 -2156680 53904 -247920 0
9 1344420670887500 -2156152 54152 -247024 0
9 1344420670890000 -2157040 53704 -247368 0
9 1344420670892500 -2156768 54280 -246056 0
9 1344420670895000 -2156976 54496 -247400 0
9 1344420670897500 -2157248 54528 -247256 0
