9 1344420671000000 -2157592 53472 -246560 0
9 1344420671002500 -2157088 54712 -247496 0
9 1344420671005000 -2157032 54048 -247112 0
9 1344420671007500 -2156208 54056 -246408 0
9 1344420671010000 -2155744 54912 -245320 0
9 1344420671012500 -2156904 54664 -246896 0
9 1344420671015000 -2156928 54840 -246896 0
9 1344420671017500 -2156464 54312 -246264 0
9 1344420671020000 -2156712 53816 -246832 0
9 1344420671022500 -2155784 55432 -245304 0
9 1344420671025000 -2157536 55424 -246840 0
9 1344420671027500 -2157688 54432 -246576 0
9 1344420671030000 -2157520 54736 -247240 0
9 1344420671032500 -2157488 54680 -246280 0
9 1344420671035000 -2157136 53560 -246392 0
9 1344420671037500 -2156816 54080 -247096 0
9 1344420671040000 -2156456 52360 -246112 0
9 1344420671042500 -2156512 53520 -247272 0
9 1344420671045000 -2156792 53456 -247000 0
9 1344420671047500 -2157080 54056 -246800 0
9 1344420671050000 -2157568 54408 -248280 0
9 1344420671052500 -2158056 55104 -246944 0
9 1344420671055000 -2156184 53976 -246944 0
9 1344420671057500 -2156424 53984 -246776 0
9 1344420671060000 -2156504 54264 -246736 0
9 1344420671062500 -2158104 54232 -246352 0
9 1344420671065000 -2157880 54232 -246304 0
9 1344420671067500 -2157016 53048 -247304 0
9 1344420671070000 -2157960 53936 -246632 0
9 1344420671072500 -2157360 53648 -246120 0
9 1344420671075000 -2156592 55864 -247512 0
9 1344420671077500 -2156928 54344 -246464 0
9 1344420671080000 -2156840 53184 -246840 0
9 1344420671082500 -2157664 53600 -247696 0
9 1344420671085000 -2157440 54696 -246608 0
9 1344420671087500 -2156176 53016 -246200 0
9 1344420671090000 -2156896 54448 -246304 0
9 1344420671092500 -2158448 54272 -246336 0
9 1344420671095000 -2157072 53544 -246896 0
9 1344420671097500 -2157976 54264 -246272 0
