9 1344420698000000 -2156240 54224 -245208 0
9 1344420698002500 -2157968 54400 -246024 0
9 1344420698005000 -2158656 54936 -246256 0
9 1344420698007500 -2156816 53560 -246536 0
9 1344420698010000 -2157704 52792 -247944 0
9 1344420698012500 -2157472 55104 -246320 0
9 1344420698015000 -2156264 54376 -245576 0
9 1344420698017500 -2158744 53976 -247672 0
9 1344420698020000 -2156056 54024 -245504 0
9 1344420698022500 -2159280 55840 -246776 0
9 1344420698025000 -2153888 53760 -246712 0
9 1344420698027500 -2160328 55232 -246208 0
9 1344420698030000 -2153632 54496 -247096 0
9 1344420698032500 -2157688 53880 -247424 0
9 1344420698035000 -2156008 54208 -246800 0
9 1344420698037500 -2155648 53184 -245248 0
9 1344420698040000 -2156560 54888 -246048 0
9 1344420698042500 -2155200 54352 -247400 0
9 1344420698045000 -2156576 54712 -246776 0
9 1344420698047500 -2154152 53520 -246152 0
9 1344420698050000 -2155208 53648 -245912 0
9 1344420698052500 -2157280 54312 -246416 0
9 1344420698055000 -2155840 54608 -246936 0
9 1344420698057500 -2156840 53648 -246048 0
9 1344420698060000 -2157456 53872 -246680 0
9 1344420698062500 -2157816 54712 -246984 0
9 1344420698065000 -2155776 54504 -247560 0
9 1344420698067500 -2157528 53320 -246536 0
9 1344420698070000 -2157040 52912 -246784 0
9 1344420698072500 -2156816 54112 -246400 0
9 1344420698075000 -2158800 53272 -245976 0
9 1344420698077500 -2155688 52624 -247440 0
9 1344420698080000 -2158432 55024 -247288 0
9 1344420698082500 -2157416 52320 -246312 0
9 1344420698085000 -2157920 53872 -247176 0
9 1344420698087500 -2155832 53616 -246864 0
9 1344420698090000 -2156456 54056 -247144 0
9 1344420698092500 -2156816 54288 -244976 0
9 1344420698095000 -2156560 54816 -246104 0
9 1344420698097500 -2156384 53968 -246160 0
