9 1344420679600000 -2157856 53512 -247056 0
9 1344420679602500 -2157512 53200 -246528 0
9 1344420679605000 -2156832 53464 -246952 0
9 1344420679607500 -2156248 52952 -247192 0
9 1344420679610000 -2158016 53968 -246040 0
9 1344420679612500 -2156368 53568 -246056 0
9 1344420679615000 -2157144 54664 -246416 0
9 1344420679617500 -2158000 53592 -247544 0
9 1344420679620000 -2156472 53480 -246640 0
9 1344420679622500 -2158208 53656 -246104 0
9 1344420679625000 -2157576 54064 -247928 0
9 1344420679627500 -2156360 53808 -247168 0
9 1344420679630000 -2157136 53688 -247344 0
9 1344420679632500 -2157824 53816 -246528 0
9 1344420679635000 -2156856 54264 -246440 0
9 1344420679637500 -2156600 53824 -246168 0
9 1344420679640000 -2156432 53968 -246680 0
9 1344420679642500 -2156896 53328 -247400 0
9 1344420679645000 -2156968 52960 -247056 0
9 1344420679647500 -2156912 53136 -246392 0
9 1344420679650000 -2157576 53064 -248288 0
9 1344420679652500 -2157968 53024 -246904 0
9 1344420679655000 -2157368 53656 -247384 0
9 1344420679657500 -2157576 53104 -247992 0
9 1344420679660000 -2156352 52672 -246064 0
9 1344420679662500 -2156424 53904 -246112 0
9 1344420679665000 -2155808 54440 -246608 0
9 1344420679667500 -2156936 53440 -247016 0
9 1344420679670000 -2156688 53600 -247592 0
9 1344420679672500 -2158048 53032 -246656 0
9 1344420679675000 -2156224 52960 -247400 0
9 1344420679677500 -2156336 54592 -247200 0
9 1344420679680000 -2156880 53904 -246160 0
9 1344420679682500 -2156392 53784 -245736 0
9 1344420679685000 -2156712 53392 -247464 0
9 1344420679687500 -2156784 53784 -247080 0
9 1344420679690000 -2157176 53680 -247592 0
9 1344420679692500 -2156008 53880 -246488 0
9 1344420679695000 -2157400 53504 -247976 0
9 1344420679697500 -2156192 52568 -247376 0
