9 1344420710100000 -2158016 54448 -247008 0
9 1344420710102500 -2157048 55072 -246216 0
9 1344420710105000 -2158464 53488 -247656 0
9 1344420710107500 -2156672 54344 -246008 0
9 1344420710110000 -2157080 53952 -246784 0
9 1344420710112500 -2156640 54688 -246200 0
9 1344420710115000 -2156600 53936 -246640 0
9 1344420710117500 -2156264 54280 -246656 0
9 1344420710120000 -2157624 54752 -245984 0
9 1344420710122500 -2157360 55112 -246832 0
9 1344420710125000 -2157816 54336 -245600 0
9 1344420710127500 -2157928 53968 -245232 0
9 1344420710130000 -2156768 54544 -246608 0
9 1344420710132500 -2156656 54936 -246448 0
9 1344420710135000 -2156952 56160 -246104 0
9 1344420710137500 -2157280 55488 -246800 0
9 1344420710140000 -2156824 53856 -247160 0
9 1344420710142500 -2157400 54472 -246696 0
9 1344420710145000 -2155096 54408 -245920 0
9 1344420710147500 -2155880 53848 -246896 0
9 1344420710150000 -2156648 55032 -246224 0
9 1344420710152500 -2157312 54440 -247520 0
9 1344420710155000 -2157416 54784 -246600 0
9 1344420710157500 -2156736 54488 -245824 0
9 1344420710160000 -2156432 53688 -246840 0
9 1344420710162500 -2157576 54248 -246664 0
9 1344420710165000 -2156552 54064 -246904 0
9 1344420710167500 -2156360 53648 -246872 0
9 1344420710170000 -2156144 53952 -246176 0
9 1344420710172500 -2157144 54248 -246552 0
9 1344420710175000 -2155808 53904 -247272 0
9 1344420710177500 -2156968 53136 -246768 0
9 1344420710180000 -2157696 53832 -246224 0
9 1344420710182500 -2156328 53896 -247248 0
9 1344420710185000 -2156704 54184 -247216 0
9 1344420710187500 -2157024 54696 -246720 0
9 1344420710190000 -2157456 53944 -247376 0
9 1344420710192500 -2157808 53672 -246400 0
9 1344420710195000 -2156320 54064 -247280 0
9 1344420710197500 -2157288 54048 -246688 0
