9 1344420676600000 -2157152 53248 -246664 0
9 1344420676602500 -2156336 54992 -246720 0
9 1344420676605000 -2157288 54024 -246864 0
9 1344420676607500 -2156792 53832 -247112 0
9 1344420676610000 -2156976 54848 -246928 0
9 1344420676612500 -2156264 55504 -246976 0
9 1344420676615000 -2157320 54640 -246128 0
9 1344420676617500 -2157000 54536 -245424 0
9 1344420676620000 -2157928 54120 -246792 0
9 1344420676622500 -2157352 54952 -247720 0
9 1344420676625000 -2158616 54664 -247760 0
9 1344420676627500 -2156856 54848 -246808 0
9 1344420676630000 -2157472 55232 -246480 0
9 1344420676632500 -2157616 54088 -246264 0
9 1344420676635000 -2157008 54592 -247656 0
9 1344420676637500 -2156664 53312 -245488 0
9 1344420676640000 -2156680 55064 -247008 0
9 1344420676642500 -2156376 53944 -246704 0
9 1344420676645000 -2157568 53456 -245696 0
9 1344420676647500 -2157592 54320 -246824 0
9 1344420676650000 -2156680 54424 -246224 0
9 1344420676652500 -2156976 54080 -245816 0
9 1344420676655000 -2157336 55336 -246248 0
9 1344420676657500 -2157736 54888 -246712 0
9 1344420676660000 -2157400 54696 -247464 0
9 1344420676662500 -2156712 53688 -247080 0
9 1344420676665000 -2157080 53392 -246632 0
9 1344420676667500 -2158648 54576 -246440 0
9 1344420676670000 -2157328 54232 -246312 0
9 1344420676672500 -2157248 55064 -246040 0
9 1344420676675000 -2158440 54008 -246104 0
9 1344420676677500 -2157072 53184 -247024 0
9 1344420676680000 -2156592 54632 -247128 0
9 1344420676682500 -2156384 54360 -246808 0
9 1344420676685000 -2157064 54256 -245984 0
9 1344420676687500 -2155920 53632 -246824 0
9 1344420676690000 -2155440 53992 -246992 0
9 1344420676692500 -2157168 54760 -246544 0
9 1344420676695000 -2156592 54608 -247376 0
9 1344420676697500 -2156800 54176 -246272 0
