9 1344420688800000 -2156608 53944 -246872 0
9 1344420688802500 -2156216 54056 -246992 0
9 1344420688805000 -2156752 53808 -247472 0
9 1344420688807500 -2156720 52880 -245976 0
9 1344420688810000 -2158224 53216 -246728 0
9 1344420688812500 -2156576 53944 -246152 0
9 1344420688815000 -2157896 54280 -247288 0
9 1344420688817500 -2157576 53432 -245888 0
9 1344420688820000 -2157792 54592 -247216 0
9 1344420688822500 -2157928 55064 -246792 0
9 1344420688825000 -2157440 54248 -246928 0
9 1344420688827500 -2158328 53672 -246936 0
9 1344420688830000 -2157128 54064 -245808 0
9 1344420688832500 -2156464 53032 -246792 0
9 1344420688835000 -2156272 53536 -247032 0
9 1344420688837500 -2155528 53976 -247376 0
9 1344420688840000 -2156560 54264 -246296 0
9 1344420688842500 -2156832 54816 -248064 0
9 1344420688845000 -2156968 54200 -246952 0
9 1344420688847500 -2158264 54224 -246616 0
9 1344420688850000 -2157008 54544 -246888 0
9 1344420688852500 -2156696 54176 -247776 0
9 1344420688855000 -2156360 53552 -247288 0
9 1344420688857500 -2157576 54520 -246272 0
9 1344420688860000 -2156960 53456 -246312 0
9 1344420688862500 -2156704 53800 -246840 0
9 1344420688865000 -2157416 53248 -247136 0
9 1344420688867500 -2157600 53400 -246576 0
9 1344420688870000 -2155944 53792 -247288 0
9 1344420688872500 -2156448 53944 -247208 0
9 1344420688875000 -2155592 55312 -246528 0
9 1344420688877500 -2157016 54488 -247368 0
9 1344420688880000 -2157336 53480 -246632 0
9 1344420688882500 -2156408 53624 -246232 0
9 1344420688885000 -2157600 53456 -247480 0
9 1344420688887500 -2158056 52856 -247096 0
9 1344420688890000 -2158296 54440 -246624 0
9 1344420688892500 -2156584 53856 -246472 0
9 1344420688895000 -2156872 54632 -246912 0
9 1344420688897500 -2157176 55408 -247248 0
