9 1344420712400000 -2155640 54200 -247392 0
9 1344420712402500 -2155880 55232 -246096 0
9 1344420712405000 -2156400 54608 -246408 0
9 1344420712407500 -2156984 53360 -246080 0
9 1344420712410000 -2155992 55128 -246968 0
9 1344420712412500 -2156320 54360 -247760 0
9 1344420712415000 -2158120 54640 -246552 0
9 1344420712417500 -2156608 54808 -246488 0
9 1344420712420000 -2156440 53720 -246744 0
9 1344420712422500 -2157088 54544 -246160 0
9 1344420712425000 -2155960 55288 -246952 0
9 1344420712427500 -2156856 54952 -246384 0
9 1344420712430000 -2156104 54120 -245472 0
9 1344420712432500 -2155816 54208 -246464 0
9 1344420712435000 -2156992 54216 -246240 0
9 1344420712437500 -2156912 53848 -246016 0
9 1344420712440000 -2156600 54472 -246832 0
9 1344420712442500 -2157360 53544 -246888 0
9 1344420712445000 -2157088 53112 -247104 0
9 1344420712447500 -2156832 53168 -247184 0
9 1344420712450000 -2155584 53840 -246128 0
9 1344420712452500 -2156736 54488 -246272 0
9 1344420712455000 -2156848 53392 -247104 0
9 1344420712457500 -2156160 54936 -247552 0
9 1344420712460000 -2157568 54400 -245728 0
9 1344420712462500 -2157016 53896 -246864 0
9 1344420712465000 -2157264 55552 -247240 0
9 1344420712467500 -2156152 53736 -246248 0
9 1344420712470000 -2157448 53544 -246864 0
9 1344420712472500 -2157280 54728 -246800 0
9 1344420712475000 -2156808 54112 -247064 0
9 1344420712477500 -2156328 54056 -246584 0
9 1344420712480000 -2157200 54208 -246728 0
9 1344420712482500 -2156656 54568 -246752 0
9 1344420712485000 -2156872 54200 -246072 0
9 1344420712487500 -2155800 55064 -245352 0
9 1344420712490000 -2156032 54464 -246264 0
9 1344420712492500 -2155776 53600 -245840 0
9 1344420712495000 -2157136 53992 -247576 0
9 1344420712497500 -2157112 54064 -246368 0
