9 1344420703900000 -2155648 54584 -245328 0
9 1344420703902500 -2157384 54000 -247080 0
9 1344420703905000 -2157440 52480 -247768 0
9 1344420703907500 -2157848 53160 -247264 0
9 1344420703910000 -2157016 54608 -246640 0
9 1344420703912500 -2157736 52240 -247544 0
9 1344420703915000 -2157392 52992 -246360 0
9 1344420703917500 -2156512 53960 -246368 0
9 1344420703920000 -2155272 53392 -246040 0
9 1344420703922500 -2156784 53064 -246232 0
9 1344420703925000 -2156728 54056 -246696 0
9 1344420703927500 -2155800 52776 -246336 0
9 1344420703930000 -2156704 53216 -246840 0
9 1344420703932500 -2156344 54192 -247704 0
9 1344420703935000 -2156664 53504 -246048 0
9 1344420703937500 -2157168 55168 -246160 0
9 1344420703940000 -2156912 52888 -246208 0
9 1344420703942500 -2156560 52976 -246816 0
9 1344420703945000 -2154928 54744 -246520 0
9 1344420703947500 -2156824 53888 -247880 0
9 1344420703950000 -2156344 54552 -247224 0
9 1344420703952500 -2156400 54328 -246480 0
9 1344420703955000 -2157472 53560 -246160 0
9 1344420703957500 -2157024 53272 -244824 0
9 1344420703960000 -2156976 53400 -246256 0
9 1344420703962500 -2157976 53656 -246240 0
9 1344420703965000 -2157744 53176 -245936 0
9 1344420703967500 -2157320 54088 -245960 0
9 1344420703970000 -2156512 55368 -245960 0
9 1344420703972500 -2157640 52984 -246424 0
9 1344420703975000 -2157064 53864 -246744 0
9 1344420703977500 -2156560 54336 -246600 0
9 1344420703980000 -2156248 54536 -246640 0
9 1344420703982500 -2155688 53016 -246520 0
9 1344420703985000 -2156496 54368 -247232 0
9 1344420703987500 -2155760 54096 -246184 0
9 1344420703990000 -2156440 53616 -247328 0
9 1344420703992500 -2157136 53952 -246160 0
9 1344420703995000 -2157472 53928 -246624 0
9 1344420703997500 -2155384 53720 -247088 0
