9 1344420715300000 -2157704 54920 -246296 0
9 1344420715302500 -2156888 55200 -246760 0
9 1344420715305000 -2156792 53832 -246712 0
9 1344420715307500 -2155640 54248 -247456 0
9 1344420715310000 -2157208 54736 -246512 0
9 1344420715312500 -2157672 54936 -246088 0
9 1344420715315000 -2155816 54176 -246552 0
9 1344420715317500 -2158152 55008 -245336 0
9 1344420715320000 -2155824 52616 -246296 0
9 1344420715322500 -2156264 54568 -247816 0
9 1344420715325000 -2157808 54344 -246264 0
9 1344420715327500 -2157200 53880 -247888 0
9 1344420715330000 -2156680 54552 -247216 0
9 1344420715332500 -2157800 53792 -247040 0
9 1344420715335000 -2156776 54696 -246848 0
9 1344420715337500 -2157824 54744 -246712 0
9 1344420715340000 -2157080 53920 -245512 0
9 1344420715342500 -2156792 54512 -245832 0
9 1344420715345000 -2156632 53264 -246752 0
9 1344420715347500 -2157224 54600 -246528 0
9 1344420715350000 -2156696 54344 -247224 0
9 1344420715352500 -2157592 53496 -247776 0
9 1344420715355000 -2157440 54600 -246704 0
9 1344420715357500 -2157104 53712 -246440 0
9 1344420715360000 -2156592 54056 -246680 0
9 1344420715362500 -2157552 54648 -245592 0
9 1344420715365000 -2156768 53864 -245584 0
9 1344420715367500 -2156008 54680 -246232 0
9 1344420715370000 -2156640 53520 -247304 0
9 1344420715372500 -2156728 54384 -247224 0
9 1344420715375000 -2157864 54992 -245704 0
9 1344420715377500 -2157280 55488 -246864 0
9 1344420715380000 -2157464 54600 -245952 0
9 1344420715382500 -2156552 53688 -245616 0
9 1344420715385000 -2156752 55136 -246744 0
9 1344420715387500 -2157712 54952 -245912 0
9 1344420715390000 -2156744 53608 -246096 0
9 1344420715392500 -2155784 54944 -247680 0
9 1344420715395000 -2158248 53544 -247032 0
9 1344420715397500 -2157128 54752 -246432 0
