9 1344420715900000 -2157392 54536 -246472 0
9 1344420715902500 -2157848 54472 -246104 0
9 1344420715905000 -2159144 53896 -246536 0
9 1344420715907500 -2157016 53168 -245080 0
9 1344420715910000 -2157064 53928 -246464 0
9 1344420715912500 -2157016 54472 -246728 0
9 1344420715915000 -2155696 55088 -246376 0
9 1344420715917500 -2157040 54272 -246760 0
9 1344420715920000 -2156168 54336 -246048 0
9 1344420715922500 -2157256 54320 -246056 0
9 1344420715925000 -2156984 54104 -246024 0
9 1344420715927500 -2156960 54496 -246432 0
9 1344420715930000 -2155992 54296 -247120 0
9 1344420715932500 -2157248 55104 -246144 0
9 1344420715935000 -2157256 53888 -246360 0
9 1344420715937500 -2156568 53680 -246184 0
9 1344420715940000 -2156552 54712 -245888 0
9 1344420715942500 -2157456 53424 -246384 0
9 1344420715945000 -2158040 53944 -246712 0
9 1344420715947500 -2157864 54136 -246640 0
9 1344420715950000 -2156720 54256 -247160 0
9 1344420715952500 -2156496 53968 -245744 0
9 1344420715955000 -2156448 54400 -245528 0
9 1344420715957500 -2157552 54744 -246016 0
9 1344420715960000 -2155984 54296 -246088 0
9 1344420715962500 -2157248 53672 -246568 0
9 1344420715965000 -2155904 53160 -245248 0
9 1344420715967500 -2156432 53568 -246176 0
9 1344420715970000 -2156448 53424 -247528 0
9 1344420715972500 -2157064 54064 -246672 0
9 1344420715975000 -2157296 54840 -245928 0
9 1344420715977500 -2157336 54016 -246152 0
9 1344420715980000 -2158520 53720 -247040 0
9 1344420715982500 -2157088 52968 -246320 0
9 1344420715985000 -2156312 53856 -246352 0
9 1344420715987500 -2157192 54128 -246776 0
9 1344420715990000 -2156288 53568 -246176 0
9 1344420715992500 -2157344 53112 -246600 0
9 1344420715995000 -2156608 53048 -247504 0
9 1344420715997500 -2156608 52296 -246032 0
