9 1344420682900000 -2157264 54096 -246616 0
9 1344420682902500 -2156016 54040 -247192 0
9 1344420682905000 -2156800 55032 -246704 0
9 1344420682907500 -2157352 53840 -246128 0
9 1344420682910000 -2156624 54584 -246784 0
9 1344420682912500 -2155320 54120 -247640 0
9 1344420682915000 -2156024 55680 -247032 0
9 1344420682917500 -2156880 54576 -245848 0
9 1344420682920000 -2155576 54288 -247576 0
9 1344420682922500 -2156800 54096 -247224 0
9 1344420682925000 -2155864 54496 -247088 0
9 1344420682927500 -2157648 53912 -247128 0
9 1344420682930000 -2156536 55384 -247136 0
9 1344420682932500 -2157576 54488 -246208 0
9 1344420682935000 -2158736 53064 -247592 0
9 1344420682937500 -2158472 52960 -247752 0
9 1344420682940000 -2158016 53776 -247024 0
9 1344420682942500 -2157144 53512 -245944 0
9 1344420682945000 -2156040 54704 -247448 0
9 1344420682947500 -2157128 54768 -246312 0
9 1344420682950000 -2158296 54208 -247528 0
9 1344420682952500 -2157096 54912 -246632 0
9 1344420682955000 -2157232 54024 -247272 0
9 1344420682957500 -2157376 53688 -247544 0
9 1344420682960000 -2156992 55256 -246856 0
9 1344420682962500 -2157560 55160 -246392 0
9 1344420682965000 -2157256 54584 -246048 0
9 1344420682967500 -2155816 53328 -246720 0
9 1344420682970000 -2157168 53584 -247344 0
9 1344420682972500 -2157088 54856 -247120 0
9 1344420682975000 -2157072 54040 -247176 0
9 1344420682977500 -2156408 53104 -245544 0
9 1344420682980000 -2156872 53984 -246128 0
9 1344420682982500 -2156000 54576 -246208 0
9 1344420682985000 -2157928 53824 -247560 0
9 1344420682987500 -2156696 53408 -247256 0
9 1344420682990000 -2156456 53640 -248200 0
9 1344420682992500 -2156616 53992 -247208 0
9 1344420682995000 -2157032 54000 -246688 0
9 1344420682997500 -2156328 54688 -247088 0
