9 1344420708300000 -2154832 54792 -247352 0
9 1344420708302500 -2156456 54232 -246856 0
9 1344420708305000 -2155896 53808 -247384 0
9 1344420708307500 -2157248 55288 -246848 0
9 1344420708310000 -2156200 54808 -246728 0
9 1344420708312500 -2156272 55224 -246480 0
9 1344420708315000 -2154752 53824 -247192 0
9 1344420708317500 -2158104 55000 -246704 0
9 1344420708320000 -2156552 54176 -247080 0
9 1344420708322500 -2156976 54464 -246552 0
9 1344420708325000 -2156504 55040 -246408 0
9 1344420708327500 -2159032 53536 -246720 0
9 1344420708330000 -2156664 54936 -245568 0
9 1344420708332500 -2157152 55520 -245664 0
9 1344420708335000 -2156280 53720 -246304 0
9 1344420708337500 -2157120 54400 -247040 0
9 1344420708340000 -2156608 55088 -246760 0
9 1344420708342500 -2156992 53960 -245768 0
9 1344420708345000 -2156744 53096 -246248 0
9 1344420708347500 -2156968 54392 -246080 0
9 1344420708350000 -2157088 54024 -246000 0
9 1344420708352500 -2157352 54952 -245848 0
9 1344420708355000 -2156472 53720 -247240 0
9 1344420708357500 -2155576 53920 -247184 0
9 1344420708360000 -2157592 53896 -245280 0
9 1344420708362500 -2156528 53032 -246808 0
9 1344420708365000 -2157056 53528 -246048 0
9 1344420708367500 -2155832 53184 -246416 0
9 1344420708370000 -2158248 55608 -247104 0
9 1344420708372500 -2156680 54704 -246112 0
9 1344420708375000 -2157184 53472 -247256 0
9 1344420708377500 -2157264 53912 -246608 0
9 1344420708380000 -2156984 54704 -245640 0
9 1344420708382500 -2156472 53816 -246528 0
9 1344420708385000 -2156336 54400 -246832 0
9 1344420708387500 -2158048 55664 -246856 0
9 1344420708390000 -2156600 53792 -246192 0
9 1344420708392500 -2156576 54688 -246104 0
9 1344420708395000 -2158176 54400 -246456 0
9 1344420708397500 -2156048 54360 -247064 0
