9 1344420686100000 -2157480 52776 -246752 0
9 1344420686102500 -2157616 52928 -247944 0
9 1344420686105000 -2156800 53872 -246416 0
9 1344420686107500 -2155920 54512 -246520 0
9 1344420686110000 -2156928 53024 -246840 0
9 1344420686112500 -2155952 54600 -247648 0
9 1344420686115000 -2156472 53576 -246704 0
9 1344420686117500 -2156280 53208 -247696 0
9 1344420686120000 -2156672 53904 -247136 0
9 1344420686122500 -2157216 52728 -247720 0
9 1344420686125000 -2156848 53824 -246976 0
9 1344420686127500 -2155832 54024 -247896 0
9 1344420686130000 -2157824 53872 -246752 0
9 1344420686132500 -2158048 52736 -247792 0
9 1344420686135000 -2156264 52480 -246752 0
9 1344420686137500 -2156608 54208 -247152 0
9 1344420686140000 -2157000 55400 -247296 0
9 1344420686142500 -2156968 54272 -246848 0
9 1344420686145000 -2157320 54256 -245568 0
9 1344420686147500 -2157264 52728 -246608 0
9 1344420686150000 -2155712 53248 -247368 0
9 1344420686152500 -2157864 54456 -245904 0
9 1344420686155000 -2156704 53112 -248024 0
9 1344420686157500 -2156184 54264 -246752 0
9 1344420686160000 -2157520 52952 -246768 0
9 1344420686162500 -2157720 53736 -246944 0
9 1344420686165000 -2156640 54080 -246392 0
9 1344420686167500 -2157072 54168 -246512 0
9 1344420686170000 -2157464 53984 -247016 0
9 1344420686172500 -2158112 53416 -246264 0
9 1344420686175000 -2156608 53960 -246616 0
9 1344420686177500 -2157072 53528 -245224 0
9 1344420686180000 -2157528 54216 -246032 0
9 1344420686182500 -2155816 54080 -246392 0
9 1344420686185000 -2158272 54136 -245944 0
9 1344420686187500 -2156184 53248 -246072 0
9 1344420686190000 -2156832 53632 -246336 0
9 1344420686192500 -2156800 53960 -245176 0
9 1344420686195000 -2156376 53808 -246112 0
9 1344420686197500 -2157128 53576 -246360 0
