9 1344420669900000 -2156400 53832 -247096 0
9 1344420669902500 -2156440 54304 -246648 0
9 1344420669905000 -2155848 55264 -247176 0
9 1344420669907500 -2156800 53784 -246712 0
9 1344420669910000 -2157048 54632 -246752 0
9 1344420669912500 -2155656 53344 -245616 0
9 1344420669915000 -2157496 53344 -246552 0
9 1344420669917500 -2157584 54184 -245832 0
9 1344420669920000 -2157416 53552 -247648 0
9 1344420669922500 -2157928 53888 -246800 0
9 1344420669925000 -2157176 54088 -247200 0
9 1344420669927500 -2156352 53784 -247144 0
9 1344420669930000 -2157792 54336 -246288 0
9 1344420669932500 -2156400 53104 -247080 0
9 1344420669935000 -2157544 54160 -246224 0
9 1344420669937500 -2156648 54976 -245808 0
9 1344420669940000 -2157584 54440 -246688 0
9 1344420669942500 -2157960 53552 -247312 0
9 1344420669945000 -2156856 53960 -246328 0
9 1344420669947500 -2157424 55264 -247024 0
9 1344420669950000 -2157056 54000 -247224 0
9 1344420669952500 -2156896 54208 -246176 0
9 1344420669955000 -2156768 53648 -246040 0
9 1344420669957500 -2156352 53064 -246568 0
9 1344420669960000 -2157032 53568 -246120 0
9 1344420669962500 -2157072 53832 -246776 0
9 1344420669965000 -2157176 54168 -247392 0
9 1344420669967500 -2157080 53600 -247288 0
9 1344420669970000 -2157448 53544 -247424 0
9 1344420669972500 -2157176 54488 -246720 0
9 1344420669975000 -2156136 54400 -246832 0
9 1344420669977500 -2156344 53496 -246624 0
9 1344420669980000 -2157920 54112 -246568 0
9 1344420669982500 -2156176 54536 -246192 0
9 1344420669985000 -2157584 52824 -245608 0
9 1344420669987500 -2158432 54728 -246840 0
9 1344420669990000 -2156784 54232 -246712 0
9 1344420669992500 -2156496 53408 -245224 0
9 1344420669995000 -2156808 53928 -246976 0
9 1344420669997500 -2155808 53368 -246136 0
