9 1344420712500000 -2156472 54744 -247768 0
9 1344420712502500 -2156256 53680 -246984 0
9 1344420712505000 -2157024 54248 -246752 0
9 1344420712507500 -2156704 53880 -246632 0
9 1344420712510000 -2156992 53744 -246640 0
9 1344420712512500 -2156024 54288 -246768 0
9 1344420712515000 -2156624 54192 -245928 0
9 1344420712517500 -2156752 54552 -246640 0
9 1344420712520000 -2156456 53008 -246360 0
9 1344420712522500 -2156088 54328 -247688 0
9 1344420712525000 -2155064 53472 -247984 0
9 1344420712527500 -2157568 53984 -246880 0
9 1344420712530000 -2157080 53880 -247160 0
9 1344420712532500 -2156384 53808 -247096 0
9 1344420712535000 -2156232 54440 -245392 0
9 1344420712537500 -2157352 53656 -246336 0
9 1344420712540000 -2155880 53856 -246496 0
9 1344420712542500 -2156336 54776 -247232 0
9 1344420712545000 -2155472 54144 -246656 0
9 1344420712547500 -2155192 55504 -246424 0
9 1344420712550000 -2156448 54344 -246920 0
9 1344420712552500 -2157328 55752 -246224 0
9 1344420712555000 -2157432 54248 -247176 0
9 1344420712557500 -2157416 54144 -245792 0
9 1344420712560000 -2156248 53384 -246824 0
9 1344420712562500 -2156056 54120 -246432 0
9 1344420712565000 -2157024 54080 -246280 0
9 1344420712567500 -2156544 53760 -246040 0
9 1344420712570000 -2156848 54224 -246264 0
9 1344420712572500 -2155688 55416 -246104 0
9 1344420712575000 -2156888 53144 -245608 0
9 1344420712577500 -2155904 54632 -246944 0
9 1344420712580000 -2156736 54584 -247032 0
9 1344420712582500 -2156944 55704 -247192 0
9 1344420712585000 -2156928 55784 -246848 0
9 1344420712587500 -2157792 53792 -245496 0
9 1344420712590000 -2156512 55336 -246528 0
9 1344420712592500 -2156736 54640 -247880 0
9 1344420712595000 -2156672 54776 -247928 0
9 1344420712597500 -2156008 53704 -247000 0
