9 1344420690300000 -2156856 53848 -247008 0
9 1344420690302500 -2157136 54664 -246736 0
9 1344420690305000 -2156592 54880 -247272 0
9 1344420690307500 -2157536 54336 -246264 0
9 1344420690310000 -2157256 55592 -246080 0
9 1344420690312500 -2157080 54384 -247256 0
9 1344420690315000 -2156808 55384 -246544 0
9 1344420690317500 -2156880 54352 -246488 0
9 1344420690320000 -2156824 54664 -246200 0
9 1344420690322500 -2157576 54880 -246936 0
9 1344420690325000 -2156632 54720 -247888 0
9 1344420690327500 -2157008 54064 -247024 0
9 1344420690330000 -2158800 54584 -246936 0
9 1344420690332500 -2157304 54896 -246008 0
9 1344420690335000 -2156808 53368 -245416 0
9 1344420690337500 -2157432 54624 -246272 0
9 1344420690340000 -2157448 53816 -246664 0
9 1344420690342500 -2157528 54088 -247616 0
9 1344420690345000 -2157616 53456 -247192 0
9 1344420690347500 -2157592 54112 -247168 0
9 1344420690350000 -2156712 53688 -246784 0
9 1344420690352500 -2158152 54408 -246984 0
9 1344420690355000 -2157104 55312 -248016 0
9 1344420690357500 -2157016 53856 -246968 0
9 1344420690360000 -2156440 54088 -245976 0
9 1344420690362500 -2157936 55184 -247304 0
9 1344420690365000 -2156296 54824 -245544 0
9 1344420690367500 -2158400 54696 -246808 0
9 1344420690370000 -2156264 53632 -247576 0
9 1344420690372500 -2157088 54208 -245864 0
9 1344420690375000 -2157528 55088 -247672 0
9 1344420690377500 -2157448 54464 -246648 0
9 1344420690380000 -2157512 54488 -246240 0
9 1344420690382500 -2158376 54200 -245760 0
9 1344420690385000 -2157120 53624 -246304 0
9 1344420690387500 -2157368 54424 -246688 0
9 1344420690390000 -2157056 53832 -246824 0
9 1344420690392500 -2156088 54736 -247328 0
9 1344420690395000 -2157336 52360 -246784 0
9 1344420690397500 -2157720 53864 -246496 0
