9 1344420685300000 -2157400 53512 -247816 0
9 1344420685302500 -2157408 54168 -247056 0
9 1344420685305000 -2157296 54824 -246832 0
9 1344420685307500 -2156456 54440 -246336 0
9 1344420685310000 -2156936 53392 -247392 0
9 1344420685312500 -2156064 53432 -247256 0
9 1344420685315000 -2157464 54416 -247784 0
9 1344420685317500 -2157176 54344 -247824 0
9 1344420685320000 -2157672 54680 -245888 0
9 1344420685322500 -2156736 53616 -246992 0
9 1344420685325000 -2157696 54912 -246800 0
9 1344420685327500 -2157816 53448 -247984 0
9 1344420685330000 -2158168 53728 -246488 0
9 1344420685332500 -2156944 54128 -246576 0
9 1344420685335000 -2157976 53648 -245832 0
9 1344420685337500 -2157808 54560 -246744 0
9 1344420685340000 -2158560 54328 -247096 0
9 1344420685342500 -2157456 53856 -246064 0
9 1344420685345000 -2156528 54880 -247400 0
9 1344420685347500 -2157720 54144 -246552 0
9 1344420685350000 -2156288 54144 -247264 0
9 1344420685352500 -2157136 52416 -246488 0
9 1344420685355000 -2156624 53072 -247176 0
9 1344420685357500 -2156072 53776 -245568 0
9 1344420685360000 -2156936 53552 -246424 0
9 1344420685362500 -2157008 53256 -247920 0
9 1344420685365000 -2157552 53568 -246856 0
9 1344420685367500 -2156808 54872 -246624 0
9 1344420685370000 -2156768 54512 -247016 0
9 1344420685372500 -2157608 53432 -246104 0
9 1344420685375000 -2157104 53360 -247336 0
9 1344420685377500 -2156048 54392 -246912 0
9 1344420685380000 -2156600 53400 -247648 0
9 1344420685382500 -2157400 54456 -247008 0
9 1344420685385000 -2156896 53648 -245808 0
9 1344420685387500 -2157312 54504 -246976 0
9 1344420685390000 -2156896 54856 -247168 0
9 1344420685392500 -2157320 53520 -247592 0
9 1344420685395000 -2156544 54376 -246376 0
9 1344420685397500 -2155544 54272 -246656 0
