9 1344420677900000 -2156904 53968 -246272 0
9 1344420677902500 -2157736 55416 -246552 0
9 1344420677905000 -2156424 54496 -246488 0
9 1344420677907500 -2157392 53664 -246240 0
9 1344420677910000 -2157024 54008 -246272 0
9 1344420677912500 -2157400 55656 -247360 0
9 1344420677915000 -2156120 52920 -245992 0
9 1344420677917500 -2159856 55544 -246728 0
9 1344420677920000 -2153920 54008 -246560 0
9 1344420677922500 -2158312 54432 -246312 0
9 1344420677925000 -2156528 53576 -244552 0
9 1344420677927500 -2156800 54600 -247152 0
9 1344420677930000 -2156160 53552 -246624 0
9 1344420677932500 -2158376 54920 -246552 0
9 1344420677935000 -2155040 55336 -245688 0
9 1344420677937500 -2156536 53712 -246408 0
9 1344420677940000 -2158312 53856 -246000 0
9 1344420677942500 -2158552 54848 -247832 0
9 1344420677945000 -2156384 54584 -247664 0
9 1344420677947500 -2156304 53840 -246112 0
9 1344420677950000 -2157016 54312 -246424 0
9 1344420677952500 -2156336 54952 -245352 0
9 1344420677955000 -2157088 54920 -246088 0
9 1344420677957500 -2157240 55288 -246416 0
9 1344420677960000 -2156784 54224 -247568 0
9 1344420677962500 -2159064 53960 -245504 0
9 1344420677965000 -2157768 55000 -245776 0
9 1344420677967500 -2157856 54216 -246824 0
9 1344420677970000 -2155840 53656 -246344 0
9 1344420677972500 -2158912 54632 -247224 0
9 1344420677975000 -2155880 53080 -245872 0
9 1344420677977500 -2157024 54344 -245616 0
9 1344420677980000 -2156912 54160 -246136 0
9 1344420677982500 -2156824 54624 -245744 0
9 1344420677985000 -2157000 53600 -247272 0
9 1344420677987500 -2157112 54536 -246264 0
9 1344420677990000 -2156624 54232 -246504 0
9 1344420677992500 -2156872 53928 -246168 0
9 1344420677995000 -2156672 55536 -246664 0
9 1344420677997500 -2156424 54392 -246904 0
