9 1344420677800000 -2156800 54520 -245624 0
9 1344420677802500 -2156744 54536 -247352 0
9 1344420677805000 -2157544 53080 -247360 0
9 1344420677807500 -2156480 53896 -244808 0
9 1344420677810000 -2158312 54376 -246144 0
9 1344420677812500 -2156680 54840 -246856 0
9 1344420677815000 -2158632 54680 -248208 0
9 1344420677817500 -2156784 54928 -246680 0
9 1344420677820000 -2157448 54104 -247816 0
9 1344420677822500 -2158320 53736 -246696 0
9 1344420677825000 -2157928 53920 -247280 0
9 1344420677827500 -2156352 54256 -246744 0
9 1344420677830000 -2157504 53504 -247024 0
9 1344420677832500 -2157080 53440 -247008 0
9 1344420677835000 -2157376 53864 -246184 0
9 1344420677837500 -2155888 54576 -246936 0
9 1344420677840000 -2157648 53808 -246808 0
9 1344420677842500 -2158056 54104 -247040 0
9 1344420677845000 -2156024 53592 -245808 0
9 1344420677847500 -2156336 54832 -247296 0
9 1344420677850000 -2157088 54480 -246344 0
9 1344420677852500 -2157024 54120 -247344 0
9 1344420677855000 -2155600 55720 -245856 0
9 1344420677857500 -2158432 54632 -246008 0
9 1344420677860000 -2157336 54560 -245808 0
9 1344420677862500 -2156160 54040 -246792 0
9 1344420677865000 -2158312 54392 -246784 0
9 1344420677867500 -2157288 53248 -246712 0
9 1344420677870000 -2156336 53856 -245640 0
9 1344420677872500 -2157344 53480 -248256 0
9 1344420677875000 -2158120 54528 -245800 0
9 1344420677877500 -2157248 54176 -246648 0
9 1344420677880000 -2157344 53240 -248224 0
9 1344420677882500 -2156776 51952 -246704 0
9 1344420677885000 -2158032 53352 -247208 0
9 1344420677887500 -2157432 55392 -247192 0
9 1344420677890000 -2155640 54416 -246504 0
9 1344420677892500 -2156024 53808 -247024 0
9 1344420677895000 -2157096 53976 -247432 0
9 1344420677897500 -2155888 53712 -246680 0
