9 1344420706900000 -2156232 53344 -247408 0
9 1344420706902500 -2156416 54120 -247968 0
9 1344420706905000 -2156520 54144 -246816 0
9 1344420706907500 -2156968 54640 -247056 0
9 1344420706910000 -2156576 54888 -246568 0
9 1344420706912500 -2156600 54984 -247448 0
9 1344420706915000 -2157392 54880 -246264 0
9 1344420706917500 -2156640 54112 -246272 0
9 1344420706920000 -2157640 53712 -245976 0
9 1344420706922500 -2156480 54312 -247464 0
9 1344420706925000 -2157352 54816 -246608 0
9 1344420706927500 -2156984 53616 -246688 0
9 1344420706930000 -2156928 52472 -246816 0
9 1344420706932500 -2157576 54272 -246432 0
9 1344420706935000 -2156456 53736 -247064 0
9 1344420706937500 -2157240 53680 -246888 0
9 1344420706940000 -2157920 54512 -246944 0
9 1344420706942500 -2156184 53032 -247664 0
9 1344420706945000 -2156632 54544 -247472 0
9 1344420706947500 -2157288 53272 -245296 0
9 1344420706950000 -2157616 53824 -246928 0
9 1344420706952500 -2155640 54008 -246632 0
9 1344420706955000 -2157648 54120 -247360 0
9 1344420706957500 -2155448 54576 -247144 0
9 1344420706960000 -2157304 53544 -246688 0
9 1344420706962500 -2156360 54144 -247136 0
9 1344420706965000 -2157272 53528 -246544 0
9 1344420706967500 -2156472 52920 -245792 0
9 1344420706970000 -2155848 54776 -246392 0
9 1344420706972500 -2157344 53552 -245856 0
9 1344420706975000 -2158344 52992 -246264 0
9 1344420706977500 -2156176 53712 -247704 0
9 1344420706980000 -2156256 54136 -246488 0
9 1344420706982500 -2157424 54144 -247872 0
9 1344420706985000 -2157936 53032 -247224 0
9 1344420706987500 -2157024 54472 -247360 0
9 1344420706990000 -2156288 53880 -247000 0
9 1344420706992500 -2155840 54392 -246600 0
9 1344420706995000 -2156864 53704 -247720 0
9 1344420706997500 -2156672 54352 -246896 0
