9 1344420708000000 -2156840 54448 -247352 0
9 1344420708002500 -2156520 54776 -245328 0
9 1344420708005000 -2156936 54288 -247568 0
9 1344420708007500 -2157768 53288 -247680 0
9 1344420708010000 -2156872 54272 -246768 0
9 1344420708012500 -2157032 52624 -245712 0
9 1344420708015000 -2156600 53392 -247400 0
9 1344420708017500 -2158240 54104 -247056 0
9 1344420708020000 -2157376 54552 -246336 0
9 1344420708022500 -2156608 55000 -246768 0
9 1344420708025000 -2156112 53400 -246184 0
9 1344420708027500 -2157256 54288 -246160 0
9 1344420708030000 -2156576 53744 -246816 0
9 1344420708032500 -2156720 54120 -247368 0
9 1344420708035000 -2156440 53896 -246592 0
9 1344420708037500 -2157096 53888 -248560 0
9 1344420708040000 -2155736 53288 -246296 0
9 1344420708042500 -2156432 53968 -247448 0
9 1344420708045000 -2157112 52464 -247000 0
9 1344420708047500 -2157128 53560 -246936 0
9 1344420708050000 -2156864 53992 -246808 0
9 1344420708052500 -2157688 55232 -247640 0
9 1344420708055000 -2156872 54696 -247216 0
9 1344420708057500 -2156216 53376 -246648 0
9 1344420708060000 -2155656 53136 -246712 0
9 1344420708062500 -2157472 53176 -246656 0
9 1344420708065000 -2155272 52712 -247240 0
9 1344420708067500 -2157296 54656 -245640 0
9 1344420708070000 -2157440 53120 -247232 0
9 1344420708072500 -2157136 53944 -247416 0
9 1344420708075000 -2156680 53088 -245776 0
9 1344420708077500 -2157656 54152 -246432 0
9 1344420708080000 -2157048 53944 -246672 0
9 1344420708082500 -2156448 52928 -246616 0
9 1344420708085000 -2156864 53640 -247160 0
9 1344420708087500 -2156824 52424 -245976 0
9 1344420708090000 -2157720 54704 -246448 0
9 1344420708092500 -2155912 54840 -246664 0
9 1344420708095000 -2156504 55392 -246424 0
9 1344420708097500 -2156624 52880 -245544 0
