9 1344420705900000 -2157056 54520 -247136 0
9 1344420705902500 -2156520 52872 -245360 0
9 1344420705905000 -2158168 55096 -246528 0
9 1344420705907500 -2155856 54712 -246768 0
9 1344420705910000 -2156944 55504 -246584 0
9 1344420705912500 -2156552 54344 -247320 0
9 1344420705915000 -2156928 55192 -246312 0
9 1344420705917500 -2156160 53624 -247408 0
9 1344420705920000 -2157600 53904 -245512 0
9 1344420705922500 -2157280 53296 -247664 0
9 1344420705925000 -2157376 55336 -247064 0
9 1344420705927500 -2156472 54288 -246896 0
9 1344420705930000 -2156712 54688 -246688 0
9 1344420705932500 -2154704 54264 -246728 0
9 1344420705935000 -2156144 55784 -246320 0
9 1344420705937500 -2156440 54712 -245488 0
9 1344420705940000 -2157248 53376 -246304 0
9 1344420705942500 -2156792 53880 -246600 0
9 1344420705945000 -2155856 53376 -245864 0
9 1344420705947500 -2157232 54408 -246256 0
9 1344420705950000 -2156008 53528 -246864 0
9 1344420705952500 -2156560 54720 -246856 0
9 1344420705955000 -2157408 53584 -246880 0
9 1344420705957500 -2157888 54704 -246400 0
9 1344420705960000 -2156840 54032 -246408 0
9 1344420705962500 -2156480 55112 -246240 0
9 1344420705965000 -2157248 54088 -246944 0
9 1344420705967500 -2155912 54400 -246784 0
9 1344420705970000 -2156152 53304 -246832 0
9 1344420705972500 -2157504 54256 -247256 0
9 1344420705975000 -2156728 53944 -246456 0
9 1344420705977500 -2158360 53424 -247032 0
9 1344420705980000 -2157000 53200 -245840 0
9 1344420705982500 -2155888 54016 -246576 0
9 1344420705985000 -2156232 54240 -245664 0
9 1344420705987500 -2157264 52744 -246488 0
9 1344420705990000 -2156592 53808 -246152 0
9 1344420705992500 -2157120 54248 -245728 0
9 1344420705995000 -2156744 53728 -246968 0
9 1344420705997500 -2156544 54160 -247256 0
