9 1344420675600000 -2156632 53472 -245784 0
9 1344420675602500 -2156960 53552 -246872 0
9 1344420675605000 -2156832 54144 -247304 0
9 1344420675607500 -2156496 54920 -247832 0
9 1344420675610000 -2156984 53968 -246616 0
9 1344420675612500 -2157392 53152 -246856 0
9 1344420675615000 -2156752 53176 -246288 0
9 1344420675617500 -2157320 54224 -246272 0
9 1344420675620000 -2157040 54024 -246960 0
9 1344420675622500 -2155888 54064 -246912 0
9 1344420675625000 -2157504 53984 -246968 0
9 1344420675627500 -2156280 53872 -246128 0
9 1344420675630000 -2158448 54904 -246480 0
9 1344420675632500 -2156592 54432 -246800 0
9 1344420675635000 -2157008 53992 -247168 0
9 1344420675637500 -2156624 53896 -245952 0
9 1344420675640000 -2156680 55144 -246104 0
9 1344420675642500 -2156792 54120 -246832 0
9 1344420675645000 -2156944 54976 -247552 0
9 1344420675647500 -2156496 54200 -246648 0
9 1344420675650000 -2157512 55056 -247568 0
9 1344420675652500 -2156832 54832 -248384 0
9 1344420675655000 -2157304 54744 -247200 0
9 1344420675657500 -2158000 55016 -246440 0
9 1344420675660000 -2157304 54352 -246136 0
9 1344420675662500 -2156288 55968 -247024 0
9 1344420675665000 -2157216 54488 -247328 0
9 1344420675667500 -2157784 54616 -246120 0
9 1344420675670000 -2156920 54016 -246120 0
9 1344420675672500 -2157280 54688 -245896 0
9 1344420675675000 -2157600 52968 -245832 0
9 1344420675677500 -2156720 54256 -247400 0
9 1344420675680000 -2156960 54480 -245776 0
9 1344420675682500 -2156400 53184 -245712 0
9 1344420675685000 -2156744 53352 -247408 0
9 1344420675687500 -2157112 53832 -246832 0
9 1344420675690000 -2156552 53816 -246744 0
9 1344420675692500 -2156464 54992 -247928 0
9 1344420675695000 -2157096 53832 -246232 0
9 1344420675697500 -2156624 53808 -246896 0
