9 1344420685000000 -2156280 53152 -247000 0
9 1344420685002500 -2157008 55136 -246168 0
9 1344420685005000 -2156640 54720 -246112 0
9 1344420685007500 -2156608 53368 -246680 0
9 1344420685010000 -2156688 53264 -246912 0
9 1344420685012500 -2156648 54104 -246280 0
9 1344420685015000 -2156880 54800 -246832 0
9 1344420685017500 -2156416 54032 -247272 0
9 1344420685020000 -2157536 53816 -246976 0
9 1344420685022500 -2157256 52856 -247568 0
9 1344420685025000 -2157240 55728 -245632 0
9 1344420685027500 -2157928 54920 -247536 0
9 1344420685030000 -2157640 52840 -246984 0
9 1344420685032500 -2156328 54168 -247112 0
9 1344420685035000 -2156264 54656 -246608 0
9 1344420685037500 -2157208 54832 -246880 0
9 1344420685040000 -2157448 53880 -246672 0
9 1344420685042500 -2158072 53320 -246144 0
9 1344420685045000 -2157584 52992 -246832 0
9 1344420685047500 -2158336 55072 -246992 0
9 1344420685050000 -2157152 54032 -247656 0
9 1344420685052500 -2156824 53768 -247216 0
9 1344420685055000 -2157464 53552 -247792 0
9 1344420685057500 -2157768 52656 -246632 0
9 1344420685060000 -2157440 53096 -246384 0
9 1344420685062500 -2156448 53040 -247344 0
9 1344420685065000 -2156528 53504 -246928 0
9 1344420685067500 -2157568 53408 -247304 0
9 1344420685070000 -2157328 53408 -246424 0
9 1344420685072500 -2156464 53768 -245976 0
9 1344420685075000 -2155944 52936 -247016 0
9 1344420685077500 -2157560 54088 -246528 0
9 1344420685080000 -2157432 54144 -247792 0
9 1344420685082500 -2157664 53048 -246968 0
9 1344420685085000 -2155880 54112 -245712 0
9 1344420685087500 -2155952 52912 -247168 0
9 1344420685090000 -2156320 54280 -247024 0
9 1344420685092500 -2157448 52888 -246408 0
9 1344420685095000 -2157280 53152 -246944 0
9 1344420685097500 -2156872 54384 -246976 0
