9 1344420691500000 -2157784 54264 -245728 0
9 1344420691502500 -2161576 54976 -246984 0
9 1344420691505000 -2155064 53128 -247128 0
9 1344420691507500 -2156520 52664 -247408 0
9 1344420691510000 -2158272 53672 -247168 0
9 1344420691512500 -2158048 54216 -246984 0
9 1344420691515000 -2155856 55168 -246568 0
9 1344420691517500 -2158080 52728 -247488 0
9 1344420691520000 -2158096 54192 -246056 0
9 1344420691522500 -2156760 54792 -246456 0
9 1344420691525000 -2155904 53392 -246680 0
9 1344420691527500 -2155184 53560 -247960 0
9 1344420691530000 -2157272 54344 -247672 0
9 1344420691532500 -2158144 55232 -247584 0
9 1344420691535000 -2153952 54816 -246216 0
9 1344420691537500 -2155176 52776 -246776 0
9 1344420691540000 -2158984 53848 -246776 0
9 1344420691542500 -2158992 54320 -246264 0
9 1344420691545000 -2154520 53288 -246120 0
9 1344420691547500 -2156688 53928 -246760 0
9 1344420691550000 -2159152 54416 -246304 0
9 1344420691552500 -2159680 53968 -247544 0
9 1344420691555000 -2155488 55936 -246096 0
9 1344420691557500 -2158264 53528 -247936 0
9 1344420691560000 -2157960 55280 -247520 0
9 1344420691562500 -2158792 56216 -247632 0
9 1344420691565000 -2154856 55328 -246240 0
9 1344420691567500 -2156528 54648 -248096 0
9 1344420691570000 -2156568 54408 -247200 0
9 1344420691572500 -2157144 54384 -247176 0
9 1344420691575000 -2150216 52512 -246304 0
9 1344420691577500 -2159104 53320 -247920 0
9 1344420691580000 -2157584 54400 -245552 0
9 1344420691582500 -2156760 53936 -247032 0
9 1344420691585000 -2153256 52984 -246784 0
9 1344420691587500 -2159928 53848 -247776 0
9 1344420691590000 -2157296 53256 -246760 0
9 1344420691592500 -2159896 53952 -247800 0
9 1344420691595000 -2152064 53168 -245744 0
9 1344420691597500 -2160040 52800 -247288 0
