9 1344420686300000 -2157240 54384 -246632 0
9 1344420686302500 -2157040 53968 -246248 0
9 1344420686305000 -2156520 54256 -245664 0
9 1344420686307500 -2156664 53576 -246416 0
9 1344420686310000 -2157736 54040 -246640 0
9 1344420686312500 -2157904 54080 -246880 0
9 1344420686315000 -2156768 53328 -245736 0
9 1344420686317500 -2157344 54944 -247216 0
9 1344420686320000 -2157608 53744 -246776 0
9 1344420686322500 -2157296 54352 -247440 0
9 1344420686325000 -2157568 54480 -246336 0
9 1344420686327500 -2156944 53440 -245720 0
9 1344420686330000 -2156824 54288 -247760 0
9 1344420686332500 -2157960 53720 -245216 0
9 1344420686335000 -2157544 52512 -246600 0
9 1344420686337500 -2156920 54184 -246688 0
9 1344420686340000 -2155968 54208 -246600 0
9 1344420686342500 -2157320 53840 -247536 0
9 1344420686345000 -2156688 55416 -246320 0
9 1344420686347500 -2157096 54352 -245896 0
9 1344420686350000 -2156504 53800 -245976 0
9 1344420686352500 -2157560 53552 -248440 0
9 1344420686355000 -2157160 53320 -246624 0
9 1344420686357500 -2156624 55104 -245848 0
9 1344420686360000 -2157256 53648 -246704 0
9 1344420686362500 -2157392 54688 -247584 0
9 1344420686365000 -2158160 55384 -247408 0
9 1344420686367500 -2157712 54816 -247432 0
9 1344420686370000 -2156784 54440 -247704 0
9 1344420686372500 -2157536 54848 -247128 0
9 1344420686375000 -2156120 53728 -246976 0
9 1344420686377500 -2155936 53336 -248288 0
9 1344420686380000 -2156960 52456 -247328 0
9 1344420686382500 -2157632 53712 -246984 0
9 1344420686385000 -2157896 54376 -245160 0
9 1344420686387500 -2158352 54344 -246544 0
9 1344420686390000 -2156456 53528 -246712 0
9 1344420686392500 -2157112 53912 -247600 0
9 1344420686395000 -2156720 54000 -247584 0
9 1344420686397500 -2158336 53312 -246464 0
