9 1344420698500000 -2156528 52248 -247104 0
9 1344420698502500 -2157576 54376 -245960 0
9 1344420698505000 -2157816 53632 -247552 0
9 1344420698507500 -2156024 54608 -246744 0
9 1344420698510000 -2156512 54280 -246824 0
9 1344420698512500 -2156992 53248 -245960 0
9 1344420698515000 -2156264 53808 -245736 0
9 1344420698517500 -2156104 52912 -247280 0
9 1344420698520000 -2156064 53024 -247448 0
9 1344420698522500 -2158064 53712 -246568 0
9 1344420698525000 -2156784 53080 -246416 0
9 1344420698527500 -2156632 53848 -247088 0
9 1344420698530000 -2155704 53920 -246512 0
9 1344420698532500 -2157496 54328 -246824 0
9 1344420698535000 -2156744 52576 -246640 0
9 1344420698537500 -2157368 53840 -247744 0
9 1344420698540000 -2157176 53056 -246808 0
9 1344420698542500 -2155736 54272 -246504 0
9 1344420698545000 -2156472 53400 -246936 0
9 1344420698547500 -2156016 53248 -245944 0
9 1344420698550000 -2156984 54536 -246976 0
9 1344420698552500 -2156784 53952 -247048 0
9 1344420698555000 -2156288 53656 -246336 0
9 1344420698557500 -2157104 52856 -246752 0
9 1344420698560000 -2156912 54000 -247008 0
9 1344420698562500 -2156424 54160 -246344 0
9 1344420698565000 -2157128 52472 -246960 0
9 1344420698567500 -2156760 54008 -245992 0
9 1344420698570000 -2156880 53960 -247184 0
9 1344420698572500 -2155936 52864 -246192 0
9 1344420698575000 -2158856 54192 -246816 0
9 1344420698577500 -2154176 53576 -247096 0
9 1344420698580000 -2156240 53192 -246872 0
9 1344420698582500 -2155736 53640 -246792 0
9 1344420698585000 -2157544 53832 -246896 0
9 1344420698587500 -2156912 52752 -245640 0
9 1344420698590000 -2156648 54256 -246384 0
9 1344420698592500 -2156080 54776 -247456 0
9 1344420698595000 -2156264 53168 -246080 0
9 1344420698597500 -2156928 53368 -247392 0
