9 1344420709800000 -2158288 54320 -246216 0
9 1344420709802500 -2156880 53928 -246856 0
9 1344420709805000 -2158064 53856 -246616 0
9 1344420709807500 -2158168 54472 -246648 0
9 1344420709810000 -2156216 54792 -245488 0
9 1344420709812500 -2157136 54872 -246776 0
9 1344420709815000 -2156784 53912 -246672 0
9 1344420709817500 -2157456 54864 -246840 0
9 1344420709820000 -2157784 53280 -246600 0
9 1344420709822500 -2157160 54464 -245112 0
9 1344420709825000 -2155968 53408 -245976 0
9 1344420709827500 -2157320 54472 -247224 0
9 1344420709830000 -2154648 54200 -246504 0
9 1344420709832500 -2157648 54592 -245824 0
9 1344420709835000 -2157328 54344 -246816 0
9 1344420709837500 -2157576 54776 -247072 0
9 1344420709840000 -2157064 53552 -245880 0
9 1344420709842500 -2156320 54200 -247360 0
9 1344420709845000 -2156104 54416 -246384 0
9 1344420709847500 -2156496 54368 -246504 0
9 1344420709850000 -2156824 54968 -246376 0
9 1344420709852500 -2157448 54024 -246568 0
9 1344420709855000 -2157288 54040 -246880 0
9 1344420709857500 -2157112 53680 -247064 0
9 1344420709860000 -2156632 55504 -247488 0
9 1344420709862500 -2158256 54656 -246832 0
9 1344420709865000 -2157464 54728 -246976 0
9 1344420709867500 -2157568 53760 -247048 0
9 1344420709870000 -2157864 54312 -247432 0
9 1344420709872500 -2156992 53608 -246376 0
9 1344420709875000 -2156936 53520 -246984 0
9 1344420709877500 -2157848 53456 -247448 0
9 1344420709880000 -2157576 55296 -246936 0
9 1344420709882500 -2156592 56208 -247152 0
9 1344420709885000 -2158040 55552 -246088 0
9 1344420709887500 -2155448 55328 -246192 0
9 1344420709890000 -2157080 53928 -246680 0
9 1344420709892500 -2157328 53448 -247096 0
9 1344420709895000 -2157592 53904 -245832 0
9 1344420709897500 -2156512 53232 -246104 0
