9 1344420679400000 -2158376 54096 -245808 0
9 1344420679402500 -2157496 53608 -246632 0
9 1344420679405000 -2156648 53616 -246000 0
9 1344420679407500 -2157688 53816 -246504 0
9 1344420679410000 -2156352 52952 -247560 0
9 1344420679412500 -2156168 54128 -246480 0
9 1344420679415000 -2156800 52568 -246408 0
9 1344420679417500 -2156400 54176 -246136 0
9 1344420679420000 -2156656 54496 -245752 0
9 1344420679422500 -2156672 54048 -246352 0
9 1344420679425000 -2157272 53816 -247056 0
9 1344420679427500 -2158056 54352 -246120 0
9 1344420679430000 -2155936 53640 -246608 0
9 1344420679432500 -2158264 53912 -246544 0
9 1344420679435000 -2155992 53096 -246976 0
9 1344420679437500 -2156376 53256 -247080 0
9 1344420679440000 -2156304 55080 -246936 0
9 1344420679442500 -2157328 53320 -247296 0
9 1344420679445000 -2157496 54200 -247120 0
9 1344420679447500 -2155784 53912 -247248 0
9 1344420679450000 -2157000 53824 -247344 0
9 1344420679452500 -2156216 52664 -247896 0
9 1344420679455000 -2156976 52712 -246648 0
9 1344420679457500 -2156992 52552 -247080 0
9 1344420679460000 -2156840 53424 -247176 0
9 1344420679462500 -2156832 53376 -246064 0
9 1344420679465000 -2156408 54344 -246480 0
9 1344420679467500 -2156224 54664 -246176 0
9 1344420679470000 -2158016 53344 -246800 0
9 1344420679472500 -2157448 53536 -246320 0
9 1344420679475000 -2156024 53640 -246784 0
9 1344420679477500 -2156848 52808 -246216 0
9 1344420679480000 -2156576 54176 -245752 0
9 1344420679482500 -2157016 54712 -248048 0
9 1344420679485000 -2157616 53032 -247144 0
9 1344420679487500 -2156232 52704 -246848 0
9 1344420679490000 -2156296 53856 -247088 0
9 1344420679492500 -2156960 54408 -246880 0
9 1344420679495000 -2156136 53328 -246848 0
9 1344420679497500 -2156552 54192 -244824 0
