9 1344420697600000 -2156896 53672 -246704 0
9 1344420697602500 -2158784 54376 -247584 0
9 1344420697605000 -2156088 52616 -245240 0
9 1344420697607500 -2160776 54384 -248408 0
9 1344420697610000 -2153704 53464 -245624 0
9 1344420697612500 -2160688 54136 -249248 0
9 1344420697615000 -2155544 53192 -245416 0
9 1344420697617500 -2160080 54512 -246176 0
9 1344420697620000 -2152720 52728 -246144 0
9 1344420697622500 -2158840 54136 -247496 0
9 1344420697625000 -2157176 53136 -247960 0
9 1344420697627500 -2156800 54336 -247088 0
9 1344420697630000 -2155520 55112 -247696 0
9 1344420697632500 -2158136 54592 -247424 0
9 1344420697635000 -2156560 52808 -247712 0
9 1344420697637500 -2156840 53840 -246152 0
9 1344420697640000 -2155768 54168 -245256 0
9 1344420697642500 -2157824 54840 -245800 0
9 1344420697645000 -2157040 53936 -247016 0
9 1344420697647500 -2156120 53712 -246496 0
9 1344420697650000 -2158160 54440 -246992 0
9 1344420697652500 -2157544 55120 -247416 0
9 1344420697655000 -2156384 54552 -246536 0
9 1344420697657500 -2157240 53376 -245912 0
9 1344420697660000 -2158120 54376 -247464 0
9 1344420697662500 -2156224 53752 -246568 0
9 1344420697665000 -2156816 54568 -246816 0
9 1344420697667500 -2155672 52624 -247168 0
9 1344420697670000 -2158624 53840 -247680 0
9 1344420697672500 -2156656 54184 -246656 0
9 1344420697675000 -2157168 52760 -247104 0
9 1344420697677500 -2155688 53552 -246600 0
9 1344420697680000 -2156776 54352 -246632 0
9 1344420697682500 -2156208 53776 -246240 0
9 1344420697685000 -2155792 54408 -245808 0
9 1344420697687500 -2156224 53800 -246608 0
9 1344420697690000 -2156864 53912 -246648 0
9 1344420697692500 -2156752 54248 -248072 0
9 1344420697695000 -2155232 53928 -246952 0
9 1344420697697500 -2156296 54240 -246192 0
