9 1344420691000000 -2158376 53768 -247832 0
9 1344420691002500 -2158224 54360 -246848 0
9 1344420691005000 -2157632 54464 -246328 0
9 1344420691007500 -2157056 53984 -247248 0
9 1344420691010000 -2155240 53888 -247000 0
9 1344420691012500 -2156640 56136 -247264 0
9 1344420691015000 -2154368 54224 -245128 0
9 1344420691017500 -2155272 54088 -246528 0
9 1344420691020000 -2155768 54640 -245232 0
9 1344420691022500 -2156696 53328 -246944 0
9 1344420691025000 -2157112 53936 -246656 0
9 1344420691027500 -2156696 54600 -247528 0
9 1344420691030000 -2157200 54576 -247016 0
9 1344420691032500 -2156320 54200 -246888 0
9 1344420691035000 -2157592 53432 -246336 0
9 1344420691037500 -2158288 52560 -246240 0
9 1344420691040000 -2157504 53408 -246664 0
9 1344420691042500 -2158056 54256 -247200 0
9 1344420691045000 -2157264 53904 -246776 0
9 1344420691047500 -2158552 54200 -246992 0
9 1344420691050000 -2157176 53000 -246680 0
9 1344420691052500 -2157496 54616 -246472 0
9 1344420691055000 -2158008 53728 -245784 0
9 1344420691057500 -2157448 54368 -247056 0
9 1344420691060000 -2157224 54096 -247056 0
9 1344420691062500 -2158056 53680 -245688 0
9 1344420691065000 -2157280 56328 -247440 0
9 1344420691067500 -2156752 54096 -245712 0
9 1344420691070000 -2156344 53984 -247440 0
9 1344420691072500 -2156792 54552 -248104 0
9 1344420691075000 -2156536 53776 -246272 0
9 1344420691077500 -2157344 54608 -247416 0
9 1344420691080000 -2156840 53872 -247112 0
9 1344420691082500 -2156600 54832 -246464 0
9 1344420691085000 -2157624 55736 -246696 0
9 1344420691087500 -2157256 54376 -246744 0
9 1344420691090000 -2158064 53824 -248032 0
9 1344420691092500 -2157536 54824 -246928 0
9 1344420691095000 -2157784 53184 -247608 0
9 1344420691097500 -2156616 53320 -246544 0
