9 1344420697100000 -2153392 53032 -244392 0
9 1344420697102500 -2159512 54432 -247832 0
9 1344420697105000 -2154448 53736 -247584 0
9 1344420697107500 -2156256 53104 -246344 0
9 1344420697110000 -2158656 54256 -248456 0
9 1344420697112500 -2153048 52816 -245120 0
9 1344420697115000 -2162352 54608 -248192 0
9 1344420697117500 -2155048 53224 -245136 0
9 1344420697120000 -2159920 55080 -247792 0
9 1344420697122500 -2153720 52304 -244920 0
9 1344420697125000 -2160760 55728 -247368 0
9 1344420697127500 -2151624 52936 -245872 0
9 1344420697130000 -2159936 54024 -247872 0
9 1344420697132500 -2156904 53392 -246848 0
9 1344420697135000 -2157608 53496 -246584 0
9 1344420697137500 -2157728 53928 -246096 0
9 1344420697140000 -2156344 54216 -244448 0
9 1344420697142500 -2157816 54024 -247360 0
9 1344420697145000 -2157488 54544 -247800 0
9 1344420697147500 -2154696 54680 -245672 0
9 1344420697150000 -2158480 55032 -246832 0
9 1344420697152500 -2157008 53712 -247216 0
9 1344420697155000 -2154808 54488 -246632 0
9 1344420697157500 -2158136 53888 -245480 0
9 1344420697160000 -2158160 53944 -246192 0
9 1344420697162500 -2153440 53456 -246688 0
9 1344420697165000 -2159344 53808 -247256 0
9 1344420697167500 -2155448 54616 -247288 0
9 1344420697170000 -2157360 53768 -246368 0
9 1344420697172500 -2160344 55256 -249776 0
9 1344420697175000 -2151256 53512 -242960 0
9 1344420697177500 -2163648 56680 -249968 0
9 1344420697180000 -2153016 52544 -244864 0
9 1344420697182500 -2161728 55152 -248496 0
9 1344420697185000 -2152096 54184 -246632 0
9 1344420697187500 -2160800 56152 -248960 0
9 1344420697190000 -2150456 52912 -246728 0
9 1344420697192500 -2161472 53800 -246960 0
9 1344420697195000 -2154568 54872 -247000 0
9 1344420697197500 -2158464 53344 -245688 0
