9 1344420715400000 -2157096 54464 -246168 0
9 1344420715402500 -2157072 53952 -246512 0
9 1344420715405000 -2155968 55264 -246376 0
9 1344420715407500 -2157832 55248 -245768 0
9 1344420715410000 -2157784 54088 -246232 0
9 1344420715412500 -2156096 53648 -246048 0
9 1344420715415000 -2155720 54280 -245744 0
9 1344420715417500 -2157576 54064 -247048 0
9 1344420715420000 -2156968 53632 -247232 0
9 1344420715422500 -2156344 54920 -245112 0
9 1344420715425000 -2156912 54896 -246560 0
9 1344420715427500 -2156512 54648 -246000 0
9 1344420715430000 -2157752 54184 -247216 0
9 1344420715432500 -2156248 55952 -245952 0
9 1344420715435000 -2158248 54856 -246240 0
9 1344420715437500 -2156296 53800 -246224 0
9 1344420715440000 -2157648 54632 -246264 0
9 1344420715442500 -2157576 55008 -246200 0
9 1344420715445000 -2157384 54464 -246408 0
9 1344420715447500 -2157032 54328 -247048 0
9 1344420715450000 -2158536 55096 -247016 0
9 1344420715452500 -2156848 53992 -247912 0
9 1344420715455000 -2156576 55040 -247544 0
9 1344420715457500 -2156504 54288 -246936 0
9 1344420715460000 -2157464 54208 -245400 0
9 1344420715462500 -2156512 54096 -246640 0
9 1344420715465000 -2157984 52856 -246056 0
9 1344420715467500 -2157896 55096 -247000 0
9 1344420715470000 -2157760 54856 -246400 0
9 1344420715472500 -2155880 54160 -246936 0
9 1344420715475000 -2157944 54608 -246304 0
9 1344420715477500 -2156784 53664 -246384 0
9 1344420715480000 -2157096 53720 -247552 0
9 1344420715482500 -2157768 54768 -246208 0
9 1344420715485000 -2156752 53608 -246168 0
9 1344420715487500 -2157648 54056 -246536 0
9 1344420715490000 -2156240 54432 -246376 0
9 1344420715492500 -2157840 55904 -247184 0
9 1344420715495000 -2156248 53464 -246632 0
9 1344420715497500 -2158176 55488 -246992 0
