9 1344420715200000 -2156376 53520 -244568 0
9 1344420715202500 -2156752 55184 -245344 0
9 1344420715205000 -2156560 54160 -246808 0
9 1344420715207500 -2156640 54104 -245912 0
9 1344420715210000 -2156624 54480 -246216 0
9 1344420715212500 -2156952 54776 -246624 0
9 1344420715215000 -2156656 54888 -245536 0
9 1344420715217500 -2157248 54392 -246560 0
9 1344420715220000 -2156952 55144 -247672 0
9 1344420715222500 -2156808 53568 -246536 0
9 1344420715225000 -2158056 54856 -246952 0
9 1344420715227500 -2155984 55144 -246112 0
9 1344420715230000 -2156336 53992 -245528 0
9 1344420715232500 -2156656 54032 -246448 0
9 1344420715235000 -2156752 54680 -246864 0
9 1344420715237500 -2156480 54328 -247608 0
9 1344420715240000 -2157288 54152 -246544 0
9 1344420715242500 -2156880 54320 -246192 0
9 1344420715245000 -2156544 55088 -246232 0
9 1344420715247500 -2157672 54816 -245144 0
9 1344420715250000 -2156872 55296 -247000 0
9 1344420715252500 -2156688 54368 -247088 0
9 1344420715255000 -2158616 55144 -247256 0
9 1344420715257500 -2156808 55200 -246912 0
9 1344420715260000 -2156360 54976 -246200 0
9 1344420715262500 -2157376 54840 -245704 0
9 1344420715265000 -2158032 54192 -246144 0
9 1344420715267500 -2156536 52760 -246856 0
9 1344420715270000 -2157104 53488 -245488 0
9 1344420715272500 -2156496 54088 -247208 0
9 1344420715275000 -2157184 55328 -246408 0
9 1344420715277500 -2157392 53952 -246536 0
9 1344420715280000 -2157136 54072 -246344 0
9 1344420715282500 -2157208 53960 -246792 0
9 1344420715285000 -2157104 53136 -246288 0
9 1344420715287500 -2157528 54584 -245728 0
9 1344420715290000 -2157632 55984 -245408 0
9 1344420715292500 -2157416 53168 -246488 0
9 1344420715295000 -2157168 54984 -247272 0
9 1344420715297500 -2157032 55352 -246464 0
