9 1344420705500000 -2157136 53784 -246496 0
9 1344420705502500 -2157488 55080 -246760 0
9 1344420705505000 -2157112 54160 -247096 0
9 1344420705507500 -2158472 53824 -246976 0
9 1344420705510000 -2156864 54400 -246336 0
9 1344420705512500 -2157384 54096 -246768 0
9 1344420705515000 -2155952 53736 -247928 0
9 1344420705517500 -2157296 53528 -247152 0
9 1344420705520000 -2156872 53432 -247072 0
9 1344420705522500 -2156400 55712 -245224 0
9 1344420705525000 -2155216 54888 -246688 0
9 1344420705527500 -2156712 53336 -246904 0
9 1344420705530000 -2156256 53488 -246720 0
9 1344420705532500 -2156104 53712 -246304 0
9 1344420705535000 -2155920 53792 -247248 0
9 1344420705537500 -2157392 54592 -245464 0
9 1344420705540000 -2156496 54728 -246688 0
9 1344420705542500 -2157008 53128 -247744 0
9 1344420705545000 -2156440 54248 -245576 0
9 1344420705547500 -2156664 54144 -247320 0
9 1344420705550000 -2157664 54016 -247728 0
9 1344420705552500 -2157880 54648 -245592 0
9 1344420705555000 -2156432 54288 -246528 0
9 1344420705557500 -2156576 53808 -247320 0
9 1344420705560000 -2156408 53440 -246584 0
9 1344420705562500 -2156136 53944 -247312 0
9 1344420705565000 -2156992 54408 -247104 0
9 1344420705567500 -2156584 54032 -246952 0
9 1344420705570000 -2156616 53272 -246576 0
9 1344420705572500 -2155488 54072 -245360 0
9 1344420705575000 -2155592 53776 -246176 0
9 1344420705577500 -2157424 54160 -246632 0
9 1344420705580000 -2155504 53264 -246864 0
9 1344420705582500 -2156208 52984 -246160 0
9 1344420705585000 -2156744 53032 -245408 0
9 1344420705587500 -2156136 54496 -246136 0
9 1344420705590000 -2156600 54152 -246744 0
9 1344420705592500 -2156816 53048 -246944 0
9 1344420705595000 -2156152 52832 -245424 0
9 1344420705597500 -2157520 54816 -246536 0
