9 1344420704200000 -2157040 54128 -247232 0
9 1344420704202500 -2155936 54456 -246608 0
9 1344420704205000 -2157160 53976 -247232 0
9 1344420704207500 -2157024 54408 -246152 0
9 1344420704210000 -2157464 54864 -247576 0
9 1344420704212500 -2156840 53400 -247232 0
9 1344420704215000 -2156752 53936 -246848 0
9 1344420704217500 -2155984 53096 -246480 0
9 1344420704220000 -2156200 53360 -245728 0
9 1344420704222500 -2156864 53576 -247256 0
9 1344420704225000 -2157232 54160 -247056 0
9 1344420704227500 -2157672 53448 -247584 0
9 1344420704230000 -2156632 52480 -247440 0
9 1344420704232500 -2155912 52752 -246696 0
9 1344420704235000 -2157080 53816 -247616 0
9 1344420704237500 -2157456 54400 -246416 0
9 1344420704240000 -2157032 53768 -245728 0
9 1344420704242500 -2156496 53504 -245984 0
9 1344420704245000 -2156984 53616 -248168 0
9 1344420704247500 -2156792 53656 -246360 0
9 1344420704250000 -2156616 53576 -246272 0
9 1344420704252500 -2155800 54120 -247728 0
9 1344420704255000 -2156168 53768 -246760 0
9 1344420704257500 -2156400 54688 -247544 0
9 1344420704260000 -2157728 53816 -246632 0
9 1344420704262500 -2155688 51720 -247232 0
9 1344420704265000 -2157200 53040 -246528 0
9 1344420704267500 -2157904 53672 -246800 0
9 1344420704270000 -2157088 54056 -246440 0
9 1344420704272500 -2156832 53632 -246880 0
9 1344420704275000 -2155848 54704 -246544 0
9 1344420704277500 -2155568 54480 -247208 0
9 1344420704280000 -2156648 54040 -246584 0
9 1344420704282500 -2157560 53376 -246800 0
9 1344420704285000 -2157352 54536 -247480 0
9 1344420704287500 -2157112 53264 -246096 0
9 1344420704290000 -2156952 53712 -246904 0
9 1344420704292500 -2158152 53864 -246176 0
9 1344420704295000 -2157624 53432 -246096 0
9 1344420704297500 -2155896 52952 -246112 0
