9 1344420691600000 -2158512 55232 -246216 0
9 1344420691602500 -2161784 55656 -246528 0
9 1344420691605000 -2153208 53848 -245488 0
9 1344420691607500 -2158224 54032 -248992 0
9 1344420691610000 -2155592 54392 -246400 0
9 1344420691612500 -2162408 55880 -247888 0
9 1344420691615000 -2152488 52040 -245872 0
9 1344420691617500 -2158888 53592 -246648 0
9 1344420691620000 -2154648 54104 -245416 0
9 1344420691622500 -2160240 53584 -248192 0
9 1344420691625000 -2153408 52576 -246048 0
9 1344420691627500 -2161352 54456 -248032 0
9 1344420691630000 -2155240 54408 -245680 0
9 1344420691632500 -2159640 55224 -247432 0
9 1344420691635000 -2152368 53864 -245728 0
9 1344420691637500 -2162456 53360 -247360 0
9 1344420691640000 -2157224 55328 -246176 0
9 1344420691642500 -2159536 55416 -247880 0
9 1344420691645000 -2153224 53872 -245384 0
9 1344420691647500 -2159440 54368 -249328 0
9 1344420691650000 -2153832 55160 -245608 0
9 1344420691652500 -2160792 55256 -247472 0
9 1344420691655000 -2153264 54440 -246200 0
9 1344420691657500 -2159936 55752 -248744 0
9 1344420691660000 -2151848 53680 -245288 0
9 1344420691662500 -2162008 55160 -247176 0
9 1344420691665000 -2153104 54032 -246264 0
9 1344420691667500 -2158296 54712 -248304 0
9 1344420691670000 -2156256 54680 -244776 0
9 1344420691672500 -2160752 55808 -247664 0
9 1344420691675000 -2149416 50704 -246640 0
9 1344420691677500 -2163776 53240 -246440 0
9 1344420691680000 -2157480 54856 -245640 0
9 1344420691682500 -2158544 54008 -248200 0
9 1344420691685000 -2152656 52856 -247088 0
9 1344420691687500 -2164512 55248 -247616 0
9 1344420691690000 -2154328 54696 -245680 0
9 1344420691692500 -2159248 55536 -247008 0
9 1344420691695000 -2155480 51608 -245104 0
9 1344420691697500 -2160176 53760 -247136 0
