9 1344420684400000 -2155384 54360 -247648 0
9 1344420684402500 -2156584 55024 -246632 0
9 1344420684405000 -2156832 52632 -246680 0
9 1344420684407500 -2156248 53272 -246912 0
9 1344420684410000 -2156816 53576 -247728 0
9 1344420684412500 -2158104 54240 -245864 0
9 1344420684415000 -2157816 54520 -245224 0
9 1344420684417500 -2157000 53568 -246096 0
9 1344420684420000 -2157160 54408 -246464 0
9 1344420684422500 -2156048 53424 -247784 0
9 1344420684425000 -2157472 52808 -246464 0
9 1344420684427500 -2157840 53648 -247512 0
9 1344420684430000 -2156040 53832 -247728 0
9 1344420684432500 -2156240 53880 -246848 0
9 1344420684435000 -2156344 53656 -246520 0
9 1344420684437500 -2157296 53912 -246528 0
9 1344420684440000 -2157384 53848 -246912 0
9 1344420684442500 -2158216 54040 -247512 0
9 1344420684445000 -2156824 54776 -246800 0
9 1344420684447500 -2156640 53920 -245592 0
9 1344420684450000 -2156816 53792 -246688 0
9 1344420684452500 -2158528 53264 -246240 0
9 1344420684455000 -2156992 53944 -246264 0
9 1344420684457500 -2158056 54992 -245544 0
9 1344420684460000 -2156216 54000 -246328 0
9 1344420684462500 -2157128 53984 -245832 0
9 1344420684465000 -2158224 54408 -246752 0
9 1344420684467500 -2157560 54408 -246408 0
9 1344420684470000 -2157216 54560 -246832 0
9 1344420684472500 -2159000 54312 -247616 0
9 1344420684475000 -2156872 53352 -246600 0
9 1344420684477500 -2157496 52864 -247192 0
9 1344420684480000 -2156888 53256 -245968 0
9 1344420684482500 -2157216 53648 -246752 0
9 1344420684485000 -2157288 52784 -245928 0
9 1344420684487500 -2157552 53728 -246944 0
9 1344420684490000 -2156680 52400 -245968 0
9 1344420684492500 -2156936 52544 -246368 0
9 1344420684495000 -2158144 54888 -247536 0
9 1344420684497500 -2156944 54144 -247576 0
