9 1344420677100000 -2155856 52280 -246256 0
9 1344420677102500 -2159032 53176 -246360 0
9 1344420677105000 -2155952 53376 -246200 0
9 1344420677107500 -2158616 54552 -247552 0
9 1344420677110000 -2155512 54264 -245400 0
9 1344420677112500 -2158032 54248 -247280 0
9 1344420677115000 -2154800 52232 -247720 0
9 1344420677117500 -2156808 55496 -248000 0
9 1344420677120000 -2155688 52400 -246432 0
9 1344420677122500 -2158536 54256 -246224 0
9 1344420677125000 -2156864 55152 -246432 0
9 1344420677127500 -2157240 53536 -247888 0
9 1344420677130000 -2156336 54032 -247408 0
9 1344420677132500 -2156056 53432 -246976 0
9 1344420677135000 -2157128 54432 -247664 0
9 1344420677137500 -2155568 54368 -245240 0
9 1344420677140000 -2156800 54632 -247176 0
9 1344420677142500 -2156672 53176 -246224 0
9 1344420677145000 -2155952 53112 -247424 0
9 1344420677147500 -2156800 53648 -246544 0
9 1344420677150000 -2158536 55288 -247952 0
9 1344420677152500 -2154888 53192 -246560 0
9 1344420677155000 -2158336 53368 -246608 0
9 1344420677157500 -2155336 52560 -246032 0
9 1344420677160000 -2160000 54192 -249248 0
9 1344420677162500 -2153256 52136 -246536 0
9 1344420677165000 -2161616 54192 -246872 0
9 1344420677167500 -2153424 52344 -245824 0
9 1344420677170000 -2161952 54720 -248136 0
9 1344420677172500 -2153504 52552 -245368 0
9 1344420677175000 -2160936 54592 -248440 0
9 1344420677177500 -2153552 52688 -245536 0
9 1344420677180000 -2161000 53728 -246160 0
9 1344420677182500 -2152960 52640 -245240 0
9 1344420677185000 -2158944 54808 -248512 0
9 1344420677187500 -2153144 53832 -245448 0
9 1344420677190000 -2161384 54872 -246664 0
9 1344420677192500 -2153080 51752 -246152 0
9 1344420677195000 -2161824 55264 -247912 0
9 1344420677197500 -2153552 52064 -246544 0
