9 1344420670700000 -2157416 54440 -246736 0
9 1344420670702500 -2156424 53888 -246664 0
9 1344420670705000 -2157864 53336 -246744 0
9 1344420670707500 -2158072 55464 -245736 0
9 1344420670710000 -2158104 53864 -245064 0
9 1344420670712500 -2155504 55232 -245632 0
9 1344420670715000 -2155992 55336 -247048 0
9 1344420670717500 -2157456 54560 -247272 0
9 1344420670720000 -2157680 53976 -246736 0
9 1344420670722500 -2157520 53856 -247704 0
9 1344420670725000 -2157936 54368 -246864 0
9 1344420670727500 -2157784 55472 -246864 0
9 1344420670730000 -2156840 53808 -246632 0
9 1344420670732500 -2155640 54776 -246960 0
9 1344420670735000 -2155952 54856 -247152 0
9 1344420670737500 -2156840 54256 -247184 0
9 1344420670740000 -2157520 55592 -247040 0
9 1344420670742500 -2157432 54464 -246488 0
9 1344420670745000 -2157232 55312 -246352 0
9 1344420670747500 -2158400 53512 -245488 0
9 1344420670750000 -2156592 54432 -246536 0
9 1344420670752500 -2155816 55104 -246840 0
9 1344420670755000 -2157536 53888 -245664 0
9 1344420670757500 -2157832 54736 -247056 0
9 1344420670760000 -2157200 55208 -246664 0
9 1344420670762500 -2156736 54184 -246120 0
9 1344420670765000 -2156640 53504 -245848 0
9 1344420670767500 -2156632 54288 -246944 0
9 1344420670770000 -2157496 54320 -247528 0
9 1344420670772500 -2155728 54008 -246920 0
9 1344420670775000 -2157168 53640 -245992 0
9 1344420670777500 -2157376 54248 -246416 0
9 1344420670780000 -2155360 53720 -246336 0
9 1344420670782500 -2157152 54512 -246984 0
9 1344420670785000 -2157712 53224 -245840 0
9 1344420670787500 -2157312 53776 -246504 0
9 1344420670790000 -2155968 55136 -247152 0
9 1344420670792500 -2157144 54152 -246152 0
9 1344420670795000 -2157032 55224 -246712 0
9 1344420670797500 -2157136 52488 -246720 0
