9 1344420684300000 -2156952 53440 -246496 0
9 1344420684302500 -2155904 53920 -247072 0
9 1344420684305000 -2157512 53848 -246480 0
9 1344420684307500 -2156800 54168 -246592 0
9 1344420684310000 -2157432 54040 -247016 0
9 1344420684312500 -2157648 53952 -247256 0
9 1344420684315000 -2156208 52464 -246024 0
9 1344420684317500 -2156272 54024 -247320 0
9 1344420684320000 -2156072 53824 -246128 0
9 1344420684322500 -2157656 54024 -246520 0
9 1344420684325000 -2156000 53832 -247072 0
9 1344420684327500 -2155304 53264 -246376 0
9 1344420684330000 -2156400 54216 -246216 0
9 1344420684332500 -2156944 54192 -245912 0
9 1344420684335000 -2157184 55008 -246832 0
9 1344420684337500 -2156368 54480 -246440 0
9 1344420684340000 -2157184 54736 -247600 0
9 1344420684342500 -2157824 53240 -245384 0
9 1344420684345000 -2157000 54968 -247200 0
9 1344420684347500 -2157248 54256 -247000 0
9 1344420684350000 -2157720 53664 -246232 0
9 1344420684352500 -2156112 53912 -246184 0
9 1344420684355000 -2157128 53392 -246808 0
9 1344420684357500 -2157368 53992 -247208 0
9 1344420684360000 -2156416 54296 -246560 0
9 1344420684362500 -2157280 55312 -246504 0
9 1344420684365000 -2155880 54072 -246600 0
9 1344420684367500 -2155488 53288 -246896 0
9 1344420684370000 -2156960 54072 -246472 0
9 1344420684372500 -2156936 54672 -246712 0
9 1344420684375000 -2158312 53696 -246256 0
9 1344420684377500 -2156808 53968 -246984 0
9 1344420684380000 -2157720 54376 -246256 0
9 1344420684382500 -2156328 54336 -246856 0
9 1344420684385000 -2157200 53232 -246968 0
9 1344420684387500 -2157208 53392 -245720 0
9 1344420684390000 -2157040 54712 -247184 0
9 1344420684392500 -2156856 54256 -248168 0
9 1344420684395000 -2156128 55168 -246232 0
9 1344420684397500 -2156304 54384 -246336 0
