9 1344420678100000 -2157816 54512 -246032 0
9 1344420678102500 -2156328 54640 -247320 0
9 1344420678105000 -2158024 53112 -246296 0
9 1344420678107500 -2158248 54152 -246040 0
9 1344420678110000 -2156128 55304 -245720 0
9 1344420678112500 -2156752 53808 -247488 0
9 1344420678115000 -2156856 53976 -245864 0
9 1344420678117500 -2157032 54168 -246960 0
9 1344420678120000 -2157288 53624 -247272 0
9 1344420678122500 -2156304 53992 -246192 0
9 1344420678125000 -2156064 53912 -247536 0
9 1344420678127500 -2156448 53856 -247336 0
9 1344420678130000 -2156400 54240 -246264 0
9 1344420678132500 -2157248 54672 -246840 0
9 1344420678135000 -2157352 54400 -246704 0
9 1344420678137500 -2157288 54960 -245816 0
9 1344420678140000 -2156832 54704 -246600 0
9 1344420678142500 -2158408 55080 -247200 0
9 1344420678145000 -2157224 54000 -246184 0
9 1344420678147500 -2157760 54560 -245832 0
9 1344420678150000 -2156440 53984 -246592 0
9 1344420678152500 -2157088 53832 -246544 0
9 1344420678155000 -2157120 55120 -246976 0
9 1344420678157500 -2157896 54128 -246680 0
9 1344420678160000 -2157344 54360 -246480 0
9 1344420678162500 -2156672 55000 -247112 0
9 1344420678165000 -2157456 53224 -246392 0
9 1344420678167500 -2156784 55152 -244920 0
9 1344420678170000 -2157176 54024 -246448 0
9 1344420678172500 -2156776 54072 -247088 0
9 1344420678175000 -2156576 53824 -246064 0
9 1344420678177500 -2157040 55064 -246296 0
9 1344420678180000 -2157624 53760 -246936 0
9 1344420678182500 -2156712 54368 -246816 0
9 1344420678185000 -2156264 54360 -246816 0
9 1344420678187500 -2157096 53960 -246304 0
9 1344420678190000 -2156096 54528 -247256 0
9 1344420678192500 -2156584 53408 -247088 0
9 1344420678195000 -2157184 54536 -247328 0
9 1344420678197500 -2157040 54504 -246456 0
