9 1344420675900000 -2157960 53904 -246592 0
9 1344420675902500 -2157696 53104 -247152 0
9 1344420675905000 -2157016 53416 -246960 0
9 1344420675907500 -2157760 53344 -248016 0
9 1344420675910000 -2157424 53608 -247816 0
9 1344420675912500 -2156528 54512 -246072 0
9 1344420675915000 -2156544 52288 -247464 0
9 1344420675917500 -2157672 53976 -247264 0
9 1344420675920000 -2156592 53952 -247032 0
9 1344420675922500 -2157936 55048 -245936 0
9 1344420675925000 -2156984 54376 -247104 0
9 1344420675927500 -2156952 53784 -246736 0
9 1344420675930000 -2157432 54376 -246192 0
9 1344420675932500 -2157512 52824 -247544 0
9 1344420675935000 -2158000 53608 -246008 0
9 1344420675937500 -2157360 54008 -246176 0
9 1344420675940000 -2157256 53136 -246032 0
9 1344420675942500 -2157504 53472 -247624 0
9 1344420675945000 -2156216 53696 -247320 0
9 1344420675947500 -2157368 54624 -246888 0
9 1344420675950000 -2157240 53672 -247768 0
9 1344420675952500 -2157032 53792 -246840 0
9 1344420675955000 -2156912 54224 -246416 0
9 1344420675957500 -2157968 51960 -246808 0
9 1344420675960000 -2157272 54040 -246480 0
9 1344420675962500 -2156080 54504 -246496 0
9 1344420675965000 -2156896 54152 -247200 0
9 1344420675967500 -2156832 53440 -247280 0
9 1344420675970000 -2157160 53600 -245608 0
9 1344420675972500 -2157248 54560 -246160 0
9 1344420675975000 -2157728 54728 -247176 0
9 1344420675977500 -2157512 54200 -246296 0
9 1344420675980000 -2158232 53752 -246400 0
9 1344420675982500 -2156688 54416 -246064 0
9 1344420675985000 -2157144 53872 -246896 0
9 1344420675987500 -2157624 53496 -245504 0
9 1344420675990000 -2157696 54288 -246672 0
9 1344420675992500 -2157664 53864 -246592 0
9 1344420675995000 -2157584 54032 -245496 0
9 1344420675997500 -2157304 53344 -247272 0
