9 1344420688300000 -2157528 55224 -246456 0
9 1344420688302500 -2156248 53688 -245264 0
9 1344420688305000 -2157176 54016 -245840 0
9 1344420688307500 -2156576 54192 -246176 0
9 1344420688310000 -2157680 54544 -247768 0
9 1344420688312500 -2156448 53296 -247032 0
9 1344420688315000 -2156792 54904 -245688 0
9 1344420688317500 -2157320 54016 -245944 0
9 1344420688320000 -2157328 55632 -246704 0
9 1344420688322500 -2156944 55056 -246432 0
9 1344420688325000 -2157680 54296 -247504 0
9 1344420688327500 -2156896 54520 -247208 0
9 1344420688330000 -2157032 54240 -245312 0
9 1344420688332500 -2157056 54936 -246504 0
9 1344420688335000 -2157136 53392 -246120 0
9 1344420688337500 -2156760 53888 -246840 0
9 1344420688340000 -2156544 53472 -245184 0
9 1344420688342500 -2158536 54408 -245440 0
9 1344420688345000 -2155648 54784 -246728 0
9 1344420688347500 -2156944 54504 -246608 0
9 1344420688350000 -2156584 54368 -246608 0
9 1344420688352500 -2157024 54272 -246496 0
9 1344420688355000 -2156872 55248 -247128 0
9 1344420688357500 -2158336 54112 -245600 0
9 1344420688360000 -2157864 53776 -246440 0
9 1344420688362500 -2157552 54848 -245608 0
9 1344420688365000 -2157968 54960 -246768 0
9 1344420688367500 -2157016 53976 -247032 0
9 1344420688370000 -2158160 54056 -246816 0
9 1344420688372500 -2156872 53224 -247000 0
9 1344420688375000 -2155608 53776 -245664 0
9 1344420688377500 -2157168 54024 -247280 0
9 1344420688380000 -2157824 53888 -246808 0
9 1344420688382500 -2157496 54568 -247520 0
9 1344420688385000 -2157048 53760 -247504 0
9 1344420688387500 -2158536 54616 -247024 0
9 1344420688390000 -2158664 55272 -246600 0
9 1344420688392500 -2157288 53624 -246864 0
9 1344420688395000 -2157272 53264 -246160 0
9 1344420688397500 -2157720 54680 -246496 0
