9 1344420691200000 -2156792 53336 -246232 0
9 1344420691202500 -2157856 54584 -247384 0
9 1344420691205000 -2156224 55512 -246408 0
9 1344420691207500 -2156816 54944 -246408 0
9 1344420691210000 -2157240 54744 -245848 0
9 1344420691212500 -2157152 54808 -246152 0
9 1344420691215000 -2156016 55648 -246504 0
9 1344420691217500 -2156656 54008 -246440 0
9 1344420691220000 -2157144 54136 -246592 0
9 1344420691222500 -2158240 54112 -246656 0
9 1344420691225000 -2157928 53792 -246432 0
9 1344420691227500 -2157408 54360 -248216 0
9 1344420691230000 -2157056 53976 -247744 0
9 1344420691232500 -2158064 54688 -247480 0
9 1344420691235000 -2157112 53416 -246848 0
9 1344420691237500 -2156424 54952 -247304 0
9 1344420691240000 -2157344 53632 -248144 0
9 1344420691242500 -2157656 54512 -247024 0
9 1344420691245000 -2157400 53224 -246568 0
9 1344420691247500 -2157120 53352 -246296 0
9 1344420691250000 -2158952 54416 -247672 0
9 1344420691252500 -2156672 55704 -247184 0
9 1344420691255000 -2155720 54456 -247216 0
9 1344420691257500 -2155800 54480 -246448 0
9 1344420691260000 -2157728 53752 -248248 0
9 1344420691262500 -2156328 53952 -246344 0
9 1344420691265000 -2156168 53920 -247208 0
9 1344420691267500 -2156328 52968 -246320 0
9 1344420691270000 -2158104 53256 -248600 0
9 1344420691272500 -2157000 54128 -245912 0
9 1344420691275000 -2156600 53680 -246384 0
9 1344420691277500 -2156104 54792 -245560 0
9 1344420691280000 -2159440 54504 -247056 0
9 1344420691282500 -2157696 53504 -246552 0
9 1344420691285000 -2156792 53888 -247632 0
9 1344420691287500 -2157488 54008 -246408 0
9 1344420691290000 -2157248 52832 -247112 0
9 1344420691292500 -2158448 54464 -246536 0
9 1344420691295000 -2157800 53152 -246024 0
9 1344420691297500 -2156832 53568 -247856 0
