9 1344420714900000 -2157216 54464 -245608 0
9 1344420714902500 -2156456 54992 -245784 0
9 1344420714905000 -2157016 54040 -246136 0
9 1344420714907500 -2157136 54856 -246392 0
9 1344420714910000 -2157640 54360 -245880 0
9 1344420714912500 -2156640 55656 -246320 0
9 1344420714915000 -2157672 55064 -245560 0
9 1344420714917500 -2157552 53656 -246744 0
9 1344420714920000 -2155696 53888 -244984 0
9 1344420714922500 -2157608 53568 -245768 0
9 1344420714925000 -2156616 55456 -246552 0
9 1344420714927500 -2157400 54560 -246848 0
9 1344420714930000 -2157344 54584 -247528 0
9 1344420714932500 -2156208 54256 -246512 0
9 1344420714935000 -2157016 54128 -247576 0
9 1344420714937500 -2157288 53584 -245768 0
9 1344420714940000 -2157464 54328 -246200 0
9 1344420714942500 -2157008 55328 -247216 0
9 1344420714945000 -2155664 54464 -245800 0
9 1344420714947500 -2157120 53816 -245976 0
9 1344420714950000 -2156168 55912 -245840 0
9 1344420714952500 -2156464 54704 -245344 0
9 1344420714955000 -2155880 54712 -246208 0
9 1344420714957500 -2157304 54080 -246496 0
9 1344420714960000 -2157000 55016 -247400 0
9 1344420714962500 -2156520 54512 -245688 0
9 1344420714965000 -2158016 55128 -246368 0
9 1344420714967500 -2157824 54480 -247888 0
9 1344420714970000 -2157432 54064 -247488 0
9 1344420714972500 -2156096 54536 -246872 0
9 1344420714975000 -2157920 54384 -246416 0
9 1344420714977500 -2156600 54296 -246368 0
9 1344420714980000 -2157136 53928 -246464 0
9 1344420714982500 -2155920 54872 -245960 0
9 1344420714985000 -2157128 53816 -245240 0
9 1344420714987500 -2156352 54728 -246680 0
9 1344420714990000 -2155936 54784 -246232 0
9 1344420714992500 -2156208 53440 -246328 0
9 1344420714995000 -2156320 54448 -246296 0
9 1344420714997500 -2156432 54968 -246248 0
