9 1344420717300000 -2156720 53664 -246640 0
9 1344420717302500 -2155872 54008 -248312 0
9 1344420717305000 -2156472 55064 -247296 0
9 1344420717307500 -2156232 55000 -246832 0
9 1344420717310000 -2155840 54888 -246920 0
9 1344420717312500 -2156008 53584 -246440 0
9 1344420717315000 -2156384 53256 -247360 0
9 1344420717317500 -2156280 54048 -246640 0
9 1344420717320000 -2156440 53328 -246640 0
9 1344420717322500 -2157632 54824 -246312 0
9 1344420717325000 -2156976 54952 -247520 0
9 1344420717327500 -2158536 54480 -247072 0
9 1344420717330000 -2156536 54424 -246336 0
9 1344420717332500 -2156352 53608 -246680 0
9 1344420717335000 -2157384 53336 -246312 0
9 1344420717337500 -2156608 54152 -246512 0
9 1344420717340000 -2155864 53912 -246432 0
9 1344420717342500 -2157176 54832 -245584 0
9 1344420717345000 -2156328 54072 -246504 0
9 1344420717347500 -2157640 54552 -246608 0
9 1344420717350000 -2156280 54408 -246704 0
9 1344420717352500 -2156208 54520 -245984 0
9 1344420717355000 -2157136 54552 -247104 0
9 1344420717357500 -2155648 54072 -247168 0
9 1344420717360000 -2157024 54696 -247008 0
9 1344420717362500 -2156624 53136 -247520 0
9 1344420717365000 -2156272 54328 -245048 0
9 1344420717367500 -2155592 54672 -246768 0
9 1344420717370000 -2155640 53208 -246352 0
9 1344420717372500 -2155664 54448 -245616 0
9 1344420717375000 -2156616 53320 -246368 0
9 1344420717377500 -2157720 54144 -245360 0
9 1344420717380000 -2157304 53872 -246872 0
9 1344420717382500 -2157440 54320 -247040 0
9 1344420717385000 -2156592 55064 -245928 0
9 1344420717387500 -2156528 53696 -245768 0
9 1344420717390000 -2156560 55064 -246192 0
9 1344420717392500 -2156816 54576 -246648 0
9 1344420717395000 -2156960 54032 -247464 0
9 1344420717397500 -2157328 53856 -245032 0
