9 1344420689000000 -2157144 53368 -246456 0
9 1344420689002500 -2156200 53936 -246840 0
9 1344420689005000 -2157344 53872 -246672 0
9 1344420689007500 -2156928 55624 -247800 0
9 1344420689010000 -2157128 54808 -246480 0
9 1344420689012500 -2156824 53712 -246888 0
9 1344420689015000 -2158136 54184 -246848 0
9 1344420689017500 -2157072 53896 -246992 0
9 1344420689020000 -2156888 54816 -246560 0
9 1344420689022500 -2155432 54240 -246288 0
9 1344420689025000 -2156264 54248 -247656 0
9 1344420689027500 -2156536 53640 -246784 0
9 1344420689030000 -2157040 53640 -247152 0
9 1344420689032500 -2157888 55208 -247144 0
9 1344420689035000 -2156448 54848 -246472 0
9 1344420689037500 -2156984 52880 -247680 0
9 1344420689040000 -2155888 53048 -246728 0
9 1344420689042500 -2158280 54888 -246536 0
9 1344420689045000 -2157832 53544 -246096 0
9 1344420689047500 -2157760 53096 -247472 0
9 1344420689050000 -2157016 55144 -246744 0
9 1344420689052500 -2156808 55568 -248024 0
9 1344420689055000 -2155824 55168 -247800 0
9 1344420689057500 -2157160 53712 -245432 0
9 1344420689060000 -2156952 54648 -246176 0
9 1344420689062500 -2157048 54040 -247368 0
9 1344420689065000 -2156408 53496 -247816 0
9 1344420689067500 -2157592 53448 -246120 0
9 1344420689070000 -2157096 54120 -247680 0
9 1344420689072500 -2158616 54360 -247184 0
9 1344420689075000 -2157320 54640 -247992 0
9 1344420689077500 -2156760 55112 -244592 0
9 1344420689080000 -2157160 54256 -246808 0
9 1344420689082500 -2157240 54536 -248032 0
9 1344420689085000 -2156648 53792 -247184 0
9 1344420689087500 -2157560 54688 -246784 0
9 1344420689090000 -2157240 54272 -245880 0
9 1344420689092500 -2156416 54200 -246752 0
9 1344420689095000 -2156360 53488 -247072 0
9 1344420689097500 -2155880 54736 -246696 0
