9 1344420693200000 -2155864 53568 -246304 0
9 1344420693202500 -2157024 53816 -246680 0
9 1344420693205000 -2154512 55000 -246920 0
9 1344420693207500 -2157688 54488 -246904 0
9 1344420693210000 -2155984 54560 -246296 0
9 1344420693212500 -2157960 55232 -247376 0
9 1344420693215000 -2155488 54304 -246888 0
9 1344420693217500 -2160912 53664 -246240 0
9 1344420693220000 -2158168 54776 -246176 0
9 1344420693222500 -2158744 55520 -246360 0
9 1344420693225000 -2156168 53512 -244488 0
9 1344420693227500 -2158120 55656 -246320 0
9 1344420693230000 -2154352 53408 -246424 0
9 1344420693232500 -2158616 54600 -247488 0
9 1344420693235000 -2155680 53360 -246448 0
9 1344420693237500 -2158184 54520 -246200 0
9 1344420693240000 -2157272 54704 -246416 0
9 1344420693242500 -2157056 55112 -246936 0
9 1344420693245000 -2155776 53784 -246720 0
9 1344420693247500 -2156760 54344 -246904 0
9 1344420693250000 -2155024 55336 -246368 0
9 1344420693252500 -2156544 55384 -247792 0
9 1344420693255000 -2157624 54848 -247168 0
9 1344420693257500 -2156808 55784 -246048 0
9 1344420693260000 -2158456 54440 -245760 0
9 1344420693262500 -2158688 54912 -246472 0
9 1344420693265000 -2157336 54256 -246592 0
9 1344420693267500 -2158720 54016 -246288 0
9 1344420693270000 -2159720 55024 -245480 0
9 1344420693272500 -2156944 54792 -245640 0
9 1344420693275000 -2157000 54240 -246800 0
9 1344420693277500 -2157096 55040 -247072 0
9 1344420693280000 -2158872 53664 -244592 0
9 1344420693282500 -2156584 52712 -246560 0
9 1344420693285000 -2157168 53824 -247784 0
9 1344420693287500 -2156832 54120 -246760 0
9 1344420693290000 -2156784 54632 -246832 0
9 1344420693292500 -2155496 53840 -247568 0
9 1344420693295000 -2155288 54512 -247744 0
9 1344420693297500 -2154552 52912 -245816 0
