9 1344420699900000 -2155888 54520 -246672 0
9 1344420699902500 -2158192 52488 -246360 0
9 1344420699905000 -2157296 55040 -246632 0
9 1344420699907500 -2156520 53328 -247120 0
9 1344420699910000 -2156048 53440 -246160 0
9 1344420699912500 -2157176 54096 -246232 0
9 1344420699915000 -2157208 54424 -247072 0
9 1344420699917500 -2156824 54072 -247328 0
9 1344420699920000 -2157360 53648 -246672 0
9 1344420699922500 -2155928 55328 -245792 0
9 1344420699925000 -2157080 54712 -247056 0
9 1344420699927500 -2157176 54768 -245408 0
9 1344420699930000 -2158352 54904 -246544 0
9 1344420699932500 -2156376 55872 -246320 0
9 1344420699935000 -2157200 54864 -246768 0
9 1344420699937500 -2156760 53776 -246136 0
9 1344420699940000 -2157368 55256 -245600 0
9 1344420699942500 -2155992 53392 -246024 0
9 1344420699945000 -2157984 54216 -245384 0
9 1344420699947500 -2157120 53768 -245776 0
9 1344420699950000 -2157896 53824 -247200 0
9 1344420699952500 -2156304 54752 -247136 0
9 1344420699955000 -2157856 54504 -245712 0
9 1344420699957500 -2156584 54688 -246216 0
9 1344420699960000 -2157448 53952 -246488 0
9 1344420699962500 -2155368 54016 -246528 0
9 1344420699965000 -2156504 53216 -245984 0
9 1344420699967500 -2156584 53720 -246480 0
9 1344420699970000 -2157152 54320 -246296 0
9 1344420699972500 -2155352 53552 -247160 0
9 1344420699975000 -2157208 54600 -247168 0
9 1344420699977500 -2157048 53392 -246928 0
9 1344420699980000 -2155824 53248 -246064 0
9 1344420699982500 -2156680 54496 -246920 0
9 1344420699985000 -2157032 54784 -246992 0
9 1344420699987500 -2156432 53032 -246320 0
9 1344420699990000 -2156424 54032 -246232 0
9 1344420699992500 -2157400 53584 -246176 0
9 1344420699995000 -2157168 54144 -246608 0
9 1344420699997500 -2157032 54552 -247056 0
