9 1344420708200000 -2156968 53712 -247264 0
9 1344420708202500 -2157568 54120 -247912 0
9 1344420708205000 -2157256 55120 -246432 0
9 1344420708207500 -2156784 53160 -246936 0
9 1344420708210000 -2156144 54192 -247696 0
9 1344420708212500 -2157472 53224 -246368 0
9 1344420708215000 -2155488 54128 -247120 0
9 1344420708217500 -2156168 53688 -246368 0
9 1344420708220000 -2156416 53640 -245976 0
9 1344420708222500 -2156400 54168 -246624 0
9 1344420708225000 -2156280 54192 -247280 0
9 1344420708227500 -2155824 54280 -246464 0
9 1344420708230000 -2157816 53240 -247224 0
9 1344420708232500 -2156384 52528 -246936 0
9 1344420708235000 -2156088 53216 -246512 0
9 1344420708237500 -2155872 53568 -247384 0
9 1344420708240000 -2157240 54792 -248440 0
9 1344420708242500 -2156056 54128 -246648 0
9 1344420708245000 -2157472 54056 -246376 0
9 1344420708247500 -2155688 53512 -246752 0
9 1344420708250000 -2156680 53064 -246944 0
9 1344420708252500 -2157720 53864 -246512 0
9 1344420708255000 -2157760 53536 -246736 0
9 1344420708257500 -2156416 53672 -246440 0
9 1344420708260000 -2157656 53472 -246384 0
9 1344420708262500 -2155536 54120 -246760 0
9 1344420708265000 -2156608 54216 -246568 0
9 1344420708267500 -2156304 54120 -245728 0
9 1344420708270000 -2156832 53368 -247312 0
9 1344420708272500 -2156608 53304 -247160 0
9 1344420708275000 -2157024 54512 -246592 0
9 1344420708277500 -2156344 53704 -246408 0
9 1344420708280000 -2156224 52672 -247792 0
9 1344420708282500 -2155600 53368 -247032 0
9 1344420708285000 -2156576 53352 -246144 0
9 1344420708287500 -2157520 54824 -246328 0
9 1344420708290000 -2156024 55280 -247144 0
9 1344420708292500 -2157312 53888 -245608 0
9 1344420708295000 -2158256 53984 -247352 0
9 1344420708297500 -2158136 54888 -246672 0
