9 1344420673200000 -2157384 54504 -247424 0
9 1344420673202500 -2156240 54904 -246712 0
9 1344420673205000 -2156328 54736 -246120 0
9 1344420673207500 -2157232 54328 -247016 0
9 1344420673210000 -2156448 53168 -246064 0
9 1344420673212500 -2156136 54728 -245024 0
9 1344420673215000 -2157432 53840 -247280 0
9 1344420673217500 -2157544 54600 -246600 0
9 1344420673220000 -2156392 55112 -246560 0
9 1344420673222500 -2156512 53176 -246912 0
9 1344420673225000 -2157304 54392 -247136 0
9 1344420673227500 -2157424 54184 -246696 0
9 1344420673230000 -2156520 53584 -245984 0
9 1344420673232500 -2156992 54400 -245984 0
9 1344420673235000 -2157752 55112 -246560 0
9 1344420673237500 -2157440 54336 -245960 0
9 1344420673240000 -2156600 55328 -247112 0
9 1344420673242500 -2157120 53416 -246936 0
9 1344420673245000 -2156920 54560 -245912 0
9 1344420673247500 -2157144 53768 -245408 0
9 1344420673250000 -2157520 53888 -247984 0
9 1344420673252500 -2157160 54960 -246736 0
9 1344420673255000 -2158624 54072 -245992 0
9 1344420673257500 -2157344 54856 -246632 0
9 1344420673260000 -2157488 54360 -246832 0
9 1344420673262500 -2155896 54520 -247296 0
9 1344420673265000 -2157016 52848 -246752 0
9 1344420673267500 -2157288 54880 -246072 0
9 1344420673270000 -2157584 54856 -247232 0
9 1344420673272500 -2156784 54696 -248512 0
9 1344420673275000 -2157232 53640 -247048 0
9 1344420673277500 -2157248 54240 -247544 0
9 1344420673280000 -2156144 54864 -246616 0
9 1344420673282500 -2157288 54368 -246760 0
9 1344420673285000 -2156576 54608 -246848 0
9 1344420673287500 -2156616 54024 -246832 0
9 1344420673290000 -2157296 54712 -246944 0
9 1344420673292500 -2156344 53184 -248000 0
9 1344420673295000 -2157056 53368 -247288 0
9 1344420673297500 -2157336 54624 -247680 0
