9 1344420680500000 -2156840 54000 -246912 0
9 1344420680502500 -2157512 53728 -247296 0
9 1344420680505000 -2156080 52984 -246504 0
9 1344420680507500 -2156768 54000 -246632 0
9 1344420680510000 -2157008 55136 -246528 0
9 1344420680512500 -2157104 53488 -246528 0
9 1344420680515000 -2157608 53632 -246048 0
9 1344420680517500 -2155456 53088 -247560 0
9 1344420680520000 -2157672 53576 -247664 0
9 1344420680522500 -2156672 53680 -246608 0
9 1344420680525000 -2156920 53320 -247088 0
9 1344420680527500 -2157208 54256 -246400 0
9 1344420680530000 -2155864 53424 -246480 0
9 1344420680532500 -2157536 53976 -245728 0
9 1344420680535000 -2156736 54536 -247272 0
9 1344420680537500 -2156936 54128 -246784 0
9 1344420680540000 -2156720 53176 -246336 0
9 1344420680542500 -2156664 53624 -247336 0
9 1344420680545000 -2157360 54192 -247056 0
9 1344420680547500 -2156472 54152 -246328 0
9 1344420680550000 -2156072 54600 -246616 0
9 1344420680552500 -2158456 54552 -246648 0
9 1344420680555000 -2157336 53688 -245808 0
9 1344420680557500 -2156920 55320 -247496 0
9 1344420680560000 -2157400 54848 -246672 0
9 1344420680562500 -2156728 53936 -246872 0
9 1344420680565000 -2156272 53584 -246832 0
9 1344420680567500 -2156936 54128 -246848 0
9 1344420680570000 -2157016 53200 -246848 0
9 1344420680572500 -2156640 54064 -247648 0
9 1344420680575000 -2156984 53968 -246504 0
9 1344420680577500 -2156328 53656 -246744 0
9 1344420680580000 -2156792 53984 -246712 0
9 1344420680582500 -2157664 54320 -247576 0
9 1344420680585000 -2156912 53048 -247632 0
9 1344420680587500 -2156576 53304 -246448 0
9 1344420680590000 -2157120 54024 -247848 0
9 1344420680592500 -2157648 53640 -247536 0
9 1344420680595000 -2157848 53896 -246768 0
9 1344420680597500 -2156840 53024 -246752 0
