9 1344420688600000 -2156440 53024 -247184 0
9 1344420688602500 -2157448 54312 -246880 0
9 1344420688605000 -2157920 53952 -246576 0
9 1344420688607500 -2157240 54352 -246312 0
9 1344420688610000 -2157064 53480 -247176 0
9 1344420688612500 -2157680 54584 -247728 0
9 1344420688615000 -2156288 54024 -247320 0
9 1344420688617500 -2156104 53296 -245888 0
9 1344420688620000 -2157176 53216 -246520 0
9 1344420688622500 -2156376 53400 -245800 0
9 1344420688625000 -2158008 54640 -246656 0
9 1344420688627500 -2156024 53520 -246376 0
9 1344420688630000 -2157672 54776 -247080 0
9 1344420688632500 -2157376 54664 -247000 0
9 1344420688635000 -2158280 54168 -247112 0
9 1344420688637500 -2157832 53136 -245560 0
9 1344420688640000 -2156648 53216 -247368 0
9 1344420688642500 -2156848 54304 -247328 0
9 1344420688645000 -2157288 54752 -246680 0
9 1344420688647500 -2156568 55608 -247152 0
9 1344420688650000 -2157064 54776 -244776 0
9 1344420688652500 -2157016 53648 -245960 0
9 1344420688655000 -2157656 54120 -247664 0
9 1344420688657500 -2158368 53872 -246760 0
9 1344420688660000 -2157136 52576 -246504 0
9 1344420688662500 -2156872 53656 -246728 0
9 1344420688665000 -2157640 53728 -246920 0
9 1344420688667500 -2158384 53928 -247384 0
9 1344420688670000 -2157792 52560 -246744 0
9 1344420688672500 -2158624 54904 -247120 0
9 1344420688675000 -2159176 53560 -245896 0
9 1344420688677500 -2156872 52832 -246840 0
9 1344420688680000 -2157232 54800 -246688 0
9 1344420688682500 -2156112 53808 -248224 0
9 1344420688685000 -2159256 53104 -246800 0
9 1344420688687500 -2156704 54840 -246096 0
9 1344420688690000 -2156960 54280 -246776 0
9 1344420688692500 -2156848 54808 -247960 0
9 1344420688695000 -2157840 53392 -247504 0
9 1344420688697500 -2157104 53568 -246936 0
