9 1344420689400000 -2156664 54440 -246888 0
9 1344420689402500 -2156096 54016 -246184 0
9 1344420689405000 -2156296 54024 -246664 0
9 1344420689407500 -2158416 53144 -246464 0
9 1344420689410000 -2155944 53944 -247400 0
9 1344420689412500 -2157056 54360 -248064 0
9 1344420689415000 -2157328 53800 -247152 0
9 1344420689417500 -2156104 54048 -246104 0
9 1344420689420000 -2156192 54792 -246992 0
9 1344420689422500 -2157072 53424 -246616 0
9 1344420689425000 -2157344 52624 -248048 0
9 1344420689427500 -2156328 53672 -245952 0
9 1344420689430000 -2155136 53880 -246216 0
9 1344420689432500 -2157064 53224 -246832 0
9 1344420689435000 -2156328 53864 -246688 0
9 1344420689437500 -2157112 53648 -246848 0
9 1344420689440000 -2156816 53792 -247360 0
9 1344420689442500 -2155840 53792 -246856 0
9 1344420689445000 -2157208 53544 -247016 0
9 1344420689447500 -2157552 53720 -247680 0
9 1344420689450000 -2157248 53608 -247992 0
9 1344420689452500 -2156424 53296 -246400 0
9 1344420689455000 -2156848 54672 -246696 0
9 1344420689457500 -2156368 54536 -247096 0
9 1344420689460000 -2155152 53984 -246928 0
9 1344420689462500 -2156664 53816 -246936 0
9 1344420689465000 -2157008 53352 -246384 0
9 1344420689467500 -2157048 53776 -247808 0
9 1344420689470000 -2156952 53584 -246336 0
9 1344420689472500 -2156912 53440 -247208 0
9 1344420689475000 -2157240 54760 -246600 0
9 1344420689477500 -2157112 52416 -248536 0
9 1344420689480000 -2157136 54304 -247408 0
9 1344420689482500 -2157448 53560 -245816 0
9 1344420689485000 -2155984 53232 -246952 0
9 1344420689487500 -2156304 53720 -246968 0
9 1344420689490000 -2157944 53288 -247792 0
9 1344420689492500 -2156960 54952 -246920 0
9 1344420689495000 -2157616 53608 -247008 0
9 1344420689497500 -2157000 53576 -247368 0
