9 1344420674800000 -2156504 54232 -246368 0
9 1344420674802500 -2156496 54136 -246840 0
9 1344420674805000 -2156408 53912 -246520 0
9 1344420674807500 -2156080 54608 -245352 0
9 1344420674810000 -2157368 53584 -245632 0
9 1344420674812500 -2157168 53840 -246264 0
9 1344420674815000 -2157464 54104 -247128 0
9 1344420674817500 -2156712 55272 -246840 0
9 1344420674820000 -2156752 54344 -246752 0
9 1344420674822500 -2157936 54208 -246200 0
9 1344420674825000 -2157488 55424 -246352 0
9 1344420674827500 -2156864 54872 -246824 0
9 1344420674830000 -2155784 55000 -246832 0
9 1344420674832500 -2156944 53952 -246552 0
9 1344420674835000 -2157896 53784 -247304 0
9 1344420674837500 -2157240 54040 -245608 0
9 1344420674840000 -2156376 54232 -246768 0
9 1344420674842500 -2157568 54016 -246096 0
9 1344420674845000 -2156680 54232 -246888 0
9 1344420674847500 -2156704 54528 -246712 0
9 1344420674850000 -2156768 53736 -246320 0
9 1344420674852500 -2156352 54160 -247168 0
9 1344420674855000 -2156600 53384 -246464 0
9 1344420674857500 -2157016 54904 -246296 0
9 1344420674860000 -2156520 54328 -246376 0
9 1344420674862500 -2156184 55416 -247080 0
9 1344420674865000 -2156912 54608 -246752 0
9 1344420674867500 -2156608 54992 -246152 0
9 1344420674870000 -2157472 54424 -245968 0
9 1344420674872500 -2157480 53592 -246920 0
9 1344420674875000 -2156624 54784 -245920 0
9 1344420674877500 -2157016 54232 -245664 0
9 1344420674880000 -2157440 54544 -246760 0
9 1344420674882500 -2157008 55232 -246656 0
9 1344420674885000 -2158096 54144 -246656 0
9 1344420674887500 -2157704 54336 -247416 0
9 1344420674890000 -2156424 54640 -247072 0
9 1344420674892500 -2155144 54000 -246240 0
9 1344420674895000 -2155800 53296 -246544 0
9 1344420674897500 -2157440 55304 -247296 0
