9 1344420693800000 -2157048 54936 -246008 0
9 1344420693802500 -2156840 54456 -246904 0
9 1344420693805000 -2157920 54208 -247080 0
9 1344420693807500 -2158224 54216 -248032 0
9 1344420693810000 -2158088 54520 -246248 0
9 1344420693812500 -2158304 53800 -245952 0
9 1344420693815000 -2159136 53944 -245856 0
9 1344420693817500 -2159136 54384 -246376 0
9 1344420693820000 -2156616 54720 -245824 0
9 1344420693822500 -2158208 52800 -247632 0
9 1344420693825000 -2157096 54192 -247184 0
9 1344420693827500 -2158024 55128 -246720 0
9 1344420693830000 -2157232 53808 -246496 0
9 1344420693832500 -2157512 53936 -247016 0
9 1344420693835000 -2155328 54256 -247272 0
9 1344420693837500 -2157608 53768 -248008 0
9 1344420693840000 -2155712 54416 -247024 0
9 1344420693842500 -2157312 54600 -245896 0
9 1344420693845000 -2155504 53744 -246056 0
9 1344420693847500 -2157432 54144 -246672 0
9 1344420693850000 -2156384 54328 -246616 0
9 1344420693852500 -2157592 54496 -245832 0
9 1344420693855000 -2157296 53400 -247632 0
9 1344420693857500 -2155600 53608 -247256 0
9 1344420693860000 -2155392 53184 -247088 0
9 1344420693862500 -2156384 52592 -246960 0
9 1344420693865000 -2155304 52896 -246288 0
9 1344420693867500 -2157016 54872 -247584 0
9 1344420693870000 -2154264 54160 -246200 0
9 1344420693872500 -2156184 54592 -246712 0
9 1344420693875000 -2155384 52784 -247272 0
9 1344420693877500 -2157528 54296 -246272 0
9 1344420693880000 -2156264 53832 -246232 0
9 1344420693882500 -2158072 55744 -245264 0
9 1344420693885000 -2157760 54152 -246288 0
9 1344420693887500 -2156000 54768 -246664 0
9 1344420693890000 -2158000 54064 -247552 0
9 1344420693892500 -2157648 54456 -246776 0
9 1344420693895000 -2158616 54864 -247504 0
9 1344420693897500 -2156360 53136 -246616 0
