9 1344420697200000 -2159400 54432 -249392 0
9 1344420697202500 -2151152 52664 -243792 0
9 1344420697205000 -2161880 55648 -249816 0
9 1344420697207500 -2151496 51992 -243208 0
9 1344420697210000 -2161328 54824 -248008 0
9 1344420697212500 -2152232 52992 -245320 0
9 1344420697215000 -2160976 55344 -248736 0
9 1344420697217500 -2152720 51976 -244536 0
9 1344420697220000 -2160568 54736 -247048 0
9 1344420697222500 -2154344 54488 -246480 0
9 1344420697225000 -2157928 54800 -245392 0
9 1344420697227500 -2158848 53344 -248032 0
9 1344420697230000 -2154952 53544 -245536 0
9 1344420697232500 -2157952 55384 -248224 0
9 1344420697235000 -2157168 54144 -246360 0
9 1344420697237500 -2157648 53632 -245680 0
9 1344420697240000 -2158104 54960 -247720 0
9 1344420697242500 -2156920 53784 -246264 0
9 1344420697245000 -2156096 53680 -245048 0
9 1344420697247500 -2157560 54736 -246064 0
9 1344420697250000 -2156560 54168 -246064 0
9 1344420697252500 -2156296 54136 -246528 0
9 1344420697255000 -2159376 53992 -245968 0
9 1344420697257500 -2155616 54976 -247992 0
9 1344420697260000 -2156208 55176 -246472 0
9 1344420697262500 -2157544 54784 -247888 0
9 1344420697265000 -2158248 53200 -245592 0
9 1344420697267500 -2156312 54336 -247024 0
9 1344420697270000 -2157552 53488 -246344 0
9 1344420697272500 -2158952 54008 -247248 0
9 1344420697275000 -2156048 53760 -245408 0
9 1344420697277500 -2157200 53984 -246832 0
9 1344420697280000 -2154832 54056 -245720 0
9 1344420697282500 -2160032 53600 -247768 0
9 1344420697285000 -2155000 53600 -247080 0
9 1344420697287500 -2157872 54872 -247624 0
9 1344420697290000 -2155272 53568 -246944 0
9 1344420697292500 -2158688 55208 -246888 0
9 1344420697295000 -2154224 52848 -246776 0
9 1344420697297500 -2158416 55008 -246592 0
