9 1344420708900000 -2156224 54184 -245944 0
9 1344420708902500 -2156264 54568 -246752 0
9 1344420708905000 -2156560 54976 -245704 0
9 1344420708907500 -2156368 54624 -246472 0
9 1344420708910000 -2156456 53800 -246200 0
9 1344420708912500 -2156504 54512 -247472 0
9 1344420708915000 -2156264 54064 -247008 0
9 1344420708917500 -2157336 54168 -246328 0
9 1344420708920000 -2155672 55032 -248224 0
9 1344420708922500 -2156696 54048 -247184 0
9 1344420708925000 -2156016 54504 -245888 0
9 1344420708927500 -2157472 54736 -247152 0
9 1344420708930000 -2157080 53616 -245696 0
9 1344420708932500 -2156760 54328 -246552 0
9 1344420708935000 -2156976 55224 -247720 0
9 1344420708937500 -2156752 54448 -247048 0
9 1344420708940000 -2155768 53792 -246888 0
9 1344420708942500 -2156208 53880 -247304 0
9 1344420708945000 -2155704 54008 -246688 0
9 1344420708947500 -2156568 54856 -244640 0
9 1344420708950000 -2155432 54112 -246504 0
9 1344420708952500 -2156152 53712 -246328 0
9 1344420708955000 -2156384 53680 -247328 0
9 1344420708957500 -2156392 53488 -246872 0
9 1344420708960000 -2158232 53968 -246120 0
9 1344420708962500 -2155472 54024 -246672 0
9 1344420708965000 -2157432 54016 -246560 0
9 1344420708967500 -2157056 53800 -245944 0
9 1344420708970000 -2156432 54744 -247192 0
9 1344420708972500 -2156008 53264 -246296 0
9 1344420708975000 -2157224 53136 -246160 0
9 1344420708977500 -2156216 53472 -247096 0
9 1344420708980000 -2157008 54200 -246264 0
9 1344420708982500 -2156992 53776 -247352 0
9 1344420708985000 -2157360 54592 -246904 0
9 1344420708987500 -2156656 54064 -246552 0
9 1344420708990000 -2157480 54624 -247192 0
9 1344420708992500 -2157640 53912 -245984 0
9 1344420708995000 -2156904 54440 -246288 0
9 1344420708997500 -2156480 54368 -246456 0
