9 1344420708400000 -2157256 54160 -245960 0
9 1344420708402500 -2156920 54392 -245632 0
9 1344420708405000 -2156392 54528 -246528 0
9 1344420708407500 -2157152 54712 -246072 0
9 1344420708410000 -2156656 54792 -246064 0
9 1344420708412500 -2157488 53856 -247064 0
9 1344420708415000 -2157072 54104 -245984 0
9 1344420708417500 -2156920 55080 -246544 0
9 1344420708420000 -2155736 54072 -246496 0
9 1344420708422500 -2156896 53448 -246624 0
9 1344420708425000 -2156432 54264 -246096 0
9 1344420708427500 -2156608 54536 -247176 0
9 1344420708430000 -2156248 52944 -246080 0
9 1344420708432500 -2156384 52424 -247840 0
9 1344420708435000 -2156800 53712 -245976 0
9 1344420708437500 -2157424 54096 -247232 0
9 1344420708440000 -2156856 54512 -246752 0
9 1344420708442500 -2157272 55424 -246584 0
9 1344420708445000 -2157400 53728 -246880 0
9 1344420708447500 -2157872 52896 -247456 0
9 1344420708450000 -2155768 55568 -247200 0
9 1344420708452500 -2156144 55376 -246504 0
9 1344420708455000 -2156312 53576 -246016 0
9 1344420708457500 -2156536 53856 -247192 0
9 1344420708460000 -2156672 54904 -246864 0
9 1344420708462500 -2157344 54200 -246448 0
9 1344420708465000 -2156968 55400 -246344 0
9 1344420708467500 -2158176 55816 -246344 0
9 1344420708470000 -2156472 56128 -246872 0
9 1344420708472500 -2156328 55200 -247424 0
9 1344420708475000 -2157056 53472 -248336 0
9 1344420708477500 -2156664 53616 -246536 0
9 1344420708480000 -2157344 54552 -247408 0
9 1344420708482500 -2156704 54064 -246984 0
9 1344420708485000 -2157184 55104 -245528 0
9 1344420708487500 -2156488 54272 -246080 0
9 1344420708490000 -2157704 53928 -245120 0
9 1344420708492500 -2157440 54368 -246216 0
9 1344420708495000 -2156800 53968 -246720 0
9 1344420708497500 -2155920 54824 -245568 0
