9 1344420676800000 -2156296 53760 -245600 0
9 1344420676802500 -2157168 53944 -247056 0
9 1344420676805000 -2156976 54456 -246640 0
9 1344420676807500 -2156808 54608 -247288 0
9 1344420676810000 -2156168 53744 -245400 0
9 1344420676812500 -2156808 54048 -247592 0
9 1344420676815000 -2156224 53408 -246144 0
9 1344420676817500 -2158568 53888 -246360 0
9 1344420676820000 -2158272 53408 -246016 0
9 1344420676822500 -2155944 54832 -245856 0
9 1344420676825000 -2156056 53928 -246840 0
9 1344420676827500 -2156944 54272 -246536 0
9 1344420676830000 -2156456 53064 -246320 0
9 1344420676832500 -2155392 53992 -247288 0
9 1344420676835000 -2156104 54032 -246480 0
9 1344420676837500 -2158384 55408 -246472 0
9 1344420676840000 -2157184 54280 -246664 0
9 1344420676842500 -2157472 53056 -245920 0
9 1344420676845000 -2156088 53440 -245360 0
9 1344420676847500 -2157800 53648 -247568 0
9 1344420676850000 -2156424 53872 -246896 0
9 1344420676852500 -2156048 53424 -247224 0
9 1344420676855000 -2157576 54072 -248032 0
9 1344420676857500 -2156544 52656 -247264 0
9 1344420676860000 -2156272 53680 -246960 0
9 1344420676862500 -2157760 52424 -246136 0
9 1344420676865000 -2157264 53904 -246392 0
9 1344420676867500 -2155656 54104 -247080 0
9 1344420676870000 -2157928 52840 -246560 0
9 1344420676872500 -2157344 53208 -246184 0
9 1344420676875000 -2156712 54024 -247280 0
9 1344420676877500 -2155536 53968 -246400 0
9 1344420676880000 -2157928 53312 -246000 0
9 1344420676882500 -2157248 53232 -246408 0
9 1344420676885000 -2157040 52912 -245984 0
9 1344420676887500 -2157464 53936 -247272 0
9 1344420676890000 -2156848 53248 -246656 0
9 1344420676892500 -2157808 54632 -248224 0
9 1344420676895000 -2158320 54568 -245696 0
9 1344420676897500 -2157728 52352 -246976 0
