9 1344420712600000 -2157056 53472 -246320 0
9 1344420712602500 -2157080 54344 -245896 0
9 1344420712605000 -2156440 54160 -246352 0
9 1344420712607500 -2156184 54232 -246048 0
9 1344420712610000 -2156856 53960 -245944 0
9 1344420712612500 -2158208 54768 -246408 0
9 1344420712615000 -2156320 53760 -246432 0
9 1344420712617500 -2157568 55176 -245784 0
9 1344420712620000 -2157096 54848 -248128 0
9 1344420712622500 -2155480 53968 -247448 0
9 1344420712625000 -2156088 54640 -245320 0
9 1344420712627500 -2157848 53752 -247744 0
9 1344420712630000 -2156600 54304 -246280 0
9 1344420712632500 -2156984 53936 -246512 0
9 1344420712635000 -2156712 53904 -247072 0
9 1344420712637500 -2156280 54728 -246168 0
9 1344420712640000 -2157136 55088 -245888 0
9 1344420712642500 -2156864 55288 -246248 0
9 1344420712645000 -2156920 54472 -246624 0
9 1344420712647500 -2156816 54768 -246840 0
9 1344420712650000 -2157304 54344 -246088 0
9 1344420712652500 -2156816 54144 -246344 0
9 1344420712655000 -2156408 54768 -246104 0
9 1344420712657500 -2155912 54864 -246040 0
9 1344420712660000 -2157432 53608 -246896 0
9 1344420712662500 -2156360 53152 -246920 0
9 1344420712665000 -2156760 55416 -245240 0
9 1344420712667500 -2157984 54984 -246472 0
9 1344420712670000 -2157408 55088 -245440 0
9 1344420712672500 -2156832 55624 -246264 0
9 1344420712675000 -2156112 54120 -246952 0
9 1344420712677500 -2157312 53784 -245984 0
9 1344420712680000 -2157552 55016 -246408 0
9 1344420712682500 -2157112 54072 -246672 0
9 1344420712685000 -2156152 54912 -246136 0
9 1344420712687500 -2157360 54928 -247400 0
9 1344420712690000 -2156544 54328 -246624 0
9 1344420712692500 -2157608 53792 -246608 0
9 1344420712695000 -2157224 54192 -247096 0
9 1344420712697500 -2157568 54784 -245928 0
