9 1344420694200000 -2157304 54512 -247192 0
9 1344420694202500 -2155936 53144 -246424 0
9 1344420694205000 -2156752 54216 -246840 0
9 1344420694207500 -2156608 54256 -246720 0
9 1344420694210000 -2155840 55504 -246216 0
9 1344420694212500 -2154736 53632 -247240 0
9 1344420694215000 -2156400 54032 -246544 0
9 1344420694217500 -2158248 54200 -247264 0
9 1344420694220000 -2155776 53848 -247112 0
9 1344420694222500 -2157616 54232 -248056 0
9 1344420694225000 -2157528 52856 -245312 0
9 1344420694227500 -2157160 53240 -247104 0
9 1344420694230000 -2158776 55120 -248536 0
9 1344420694232500 -2158648 55160 -246760 0
9 1344420694235000 -2157376 53992 -246216 0
9 1344420694237500 -2158736 54416 -246640 0
9 1344420694240000 -2157288 53032 -248240 0
9 1344420694242500 -2158712 53664 -246984 0
9 1344420694245000 -2156520 54136 -247104 0
9 1344420694247500 -2156992 53504 -248176 0
9 1344420694250000 -2155832 53912 -246704 0
9 1344420694252500 -2157264 55000 -247600 0
9 1344420694255000 -2154104 52360 -247368 0
9 1344420694257500 -2156808 54808 -246512 0
9 1344420694260000 -2154192 53880 -247328 0
9 1344420694262500 -2156792 53720 -248016 0
9 1344420694265000 -2156768 53424 -246128 0
9 1344420694267500 -2158344 54360 -245680 0
9 1344420694270000 -2157208 54504 -246688 0
9 1344420694272500 -2157416 55288 -246704 0
9 1344420694275000 -2155952 52864 -246752 0
9 1344420694277500 -2157592 55376 -246032 0
9 1344420694280000 -2156744 54280 -247256 0
9 1344420694282500 -2157016 55720 -247504 0
9 1344420694285000 -2157320 53896 -246544 0
9 1344420694287500 -2157392 54664 -246432 0
9 1344420694290000 -2156768 53640 -247320 0
9 1344420694292500 -2156728 55096 -246568 0
9 1344420694295000 -2158312 53944 -247208 0
9 1344420694297500 -2155936 53896 -246152 0
