9 1344420699400000 -2156712 54952 -247208 0
9 1344420699402500 -2157008 55712 -246752 0
9 1344420699405000 -2157536 54720 -245992 0
9 1344420699407500 -2156872 53384 -246480 0
9 1344420699410000 -2156752 54632 -246832 0
9 1344420699412500 -2156768 54304 -246544 0
9 1344420699415000 -2157664 54528 -245920 0
9 1344420699417500 -2157248 53208 -246352 0
9 1344420699420000 -2157000 53760 -245368 0
9 1344420699422500 -2157504 54024 -244952 0
9 1344420699425000 -2155528 54520 -246408 0
9 1344420699427500 -2157144 54648 -247176 0
9 1344420699430000 -2155024 54472 -246376 0
9 1344420699432500 -2156264 53856 -248304 0
9 1344420699435000 -2155512 54408 -246520 0
9 1344420699437500 -2157576 54752 -246920 0
9 1344420699440000 -2156560 53336 -246648 0
9 1344420699442500 -2157944 53952 -246144 0
9 1344420699445000 -2156632 53216 -245944 0
9 1344420699447500 -2158912 54528 -247040 0
9 1344420699450000 -2155296 51848 -245096 0
9 1344420699452500 -2159000 55464 -247136 0
9 1344420699455000 -2155800 53544 -246408 0
9 1344420699457500 -2158152 53904 -247600 0
9 1344420699460000 -2157288 53520 -246656 0
9 1344420699462500 -2157856 54584 -245664 0
9 1344420699465000 -2155448 53792 -247456 0
9 1344420699467500 -2157616 54624 -245880 0
9 1344420699470000 -2157368 53080 -246208 0
9 1344420699472500 -2157264 53776 -245016 0
9 1344420699475000 -2156736 54408 -246496 0
9 1344420699477500 -2157744 53016 -245776 0
9 1344420699480000 -2157088 53496 -247232 0
9 1344420699482500 -2155368 54928 -246512 0
9 1344420699485000 -2157008 54272 -247400 0
9 1344420699487500 -2157352 53264 -247336 0
9 1344420699490000 -2157424 54520 -245600 0
9 1344420699492500 -2156136 53072 -246768 0
9 1344420699495000 -2157504 54240 -247056 0
9 1344420699497500 -2157520 54232 -246272 0
