9 1344420703500000 -2156560 54632 -246240 0
9 1344420703502500 -2156584 54912 -247184 0
9 1344420703505000 -2156880 54680 -246488 0
9 1344420703507500 -2156872 54304 -245800 0
9 1344420703510000 -2156424 53912 -246256 0
9 1344420703512500 -2156528 54256 -246104 0
9 1344420703515000 -2156920 54600 -245656 0
9 1344420703517500 -2157024 54992 -245344 0
9 1344420703520000 -2155696 52120 -246864 0
9 1344420703522500 -2158168 54120 -247032 0
9 1344420703525000 -2155600 52544 -246184 0
9 1344420703527500 -2156376 54064 -244896 0
9 1344420703530000 -2156848 53816 -247328 0
9 1344420703532500 -2157456 55352 -248256 0
9 1344420703535000 -2155232 55456 -246856 0
9 1344420703537500 -2156832 52560 -246528 0
9 1344420703540000 -2155880 53680 -247064 0
9 1344420703542500 -2157296 54552 -246032 0
9 1344420703545000 -2156984 53728 -247104 0
9 1344420703547500 -2157376 54328 -246960 0
9 1344420703550000 -2157192 53384 -248384 0
9 1344420703552500 -2156328 54472 -247408 0
9 1344420703555000 -2157624 54168 -246848 0
9 1344420703557500 -2156744 54248 -247360 0
9 1344420703560000 -2157112 53856 -247312 0
9 1344420703562500 -2156736 53032 -246816 0
9 1344420703565000 -2157288 54488 -246480 0
9 1344420703567500 -2158024 55000 -246296 0
9 1344420703570000 -2157736 53864 -247336 0
9 1344420703572500 -2156776 54088 -245760 0
9 1344420703575000 -2157456 55152 -246896 0
9 1344420703577500 -2156536 54320 -247928 0
9 1344420703580000 -2157840 53656 -247072 0
9 1344420703582500 -2156840 53880 -246496 0
9 1344420703585000 -2156824 54536 -246368 0
9 1344420703587500 -2156704 54040 -245664 0
9 1344420703590000 -2157768 53872 -246424 0
9 1344420703592500 -2157696 55096 -246288 0
9 1344420703595000 -2156904 53592 -246976 0
9 1344420703597500 -2156296 54440 -247264 0
