9 1344420716300000 -2155816 53968 -246088 0
9 1344420716302500 -2156896 54496 -245808 0
9 1344420716305000 -2157136 53152 -246880 0
9 1344420716307500 -2157048 53224 -247688 0
9 1344420716310000 -2157608 54264 -246816 0
9 1344420716312500 -2157304 53152 -246368 0
9 1344420716315000 -2156872 53880 -246520 0
9 1344420716317500 -2156848 52240 -247784 0
9 1344420716320000 -2157888 53536 -247272 0
9 1344420716322500 -2155480 53688 -245824 0
9 1344420716325000 -2156008 53120 -246760 0
9 1344420716327500 -2156120 53152 -246248 0
9 1344420716330000 -2157712 55360 -246512 0
9 1344420716332500 -2156656 54320 -246408 0
9 1344420716335000 -2156520 53792 -247848 0
9 1344420716337500 -2157144 53888 -248288 0
9 1344420716340000 -2156976 53792 -247200 0
9 1344420716342500 -2157184 54144 -247488 0
9 1344420716345000 -2157488 53048 -246240 0
9 1344420716347500 -2156928 53520 -246952 0
9 1344420716350000 -2156568 53640 -246208 0
9 1344420716352500 -2156800 54432 -246616 0
9 1344420716355000 -2156696 53352 -246896 0
9 1344420716357500 -2157024 54608 -246424 0
9 1344420716360000 -2157664 53584 -246120 0
9 1344420716362500 -2157000 53672 -246128 0
9 1344420716365000 -2156888 54392 -246376 0
9 1344420716367500 -2156560 54400 -246760 0
9 1344420716370000 -2156912 53584 -247208 0
9 1344420716372500 -2158208 53920 -248544 0
9 1344420716375000 -2158840 54440 -246192 0
9 1344420716377500 -2155544 53440 -246272 0
9 1344420716380000 -2156408 53336 -247640 0
9 1344420716382500 -2156712 54520 -246592 0
9 1344420716385000 -2156416 53904 -246344 0
9 1344420716387500 -2157104 54104 -245984 0
9 1344420716390000 -2158096 54376 -246320 0
9 1344420716392500 -2157112 52312 -246000 0
9 1344420716395000 -2156624 53648 -245496 0
9 1344420716397500 -2157272 54192 -246552 0
