9 1344420716100000 -2156616 54720 -246448 0
9 1344420716102500 -2157552 54880 -246224 0
9 1344420716105000 -2157280 54592 -246376 0
9 1344420716107500 -2156808 53720 -246992 0
9 1344420716110000 -2157872 54240 -246528 0
9 1344420716112500 -2157152 54144 -246904 0
9 1344420716115000 -2156680 53904 -246432 0
9 1344420716117500 -2157840 54752 -246960 0
9 1344420716120000 -2157608 53744 -246304 0
9 1344420716122500 -2158152 53200 -245440 0
9 1344420716125000 -2156336 54656 -246608 0
9 1344420716127500 -2156824 53944 -247592 0
9 1344420716130000 -2156728 53424 -246536 0
9 1344420716132500 -2157072 54424 -245968 0
9 1344420716135000 -2157856 53960 -246256 0
9 1344420716137500 -2157448 54192 -247344 0
9 1344420716140000 -2157384 53928 -246448 0
9 1344420716142500 -2157192 53688 -246936 0
9 1344420716145000 -2156960 53920 -246688 0
9 1344420716147500 -2157360 54928 -247456 0
9 1344420716150000 -2156400 53352 -246536 0
9 1344420716152500 -2157016 53608 -246592 0
9 1344420716155000 -2155736 53008 -246440 0
9 1344420716157500 -2157248 54008 -246648 0
9 1344420716160000 -2157112 53712 -247096 0
9 1344420716162500 -2156168 53544 -247384 0
9 1344420716165000 -2157128 54128 -247208 0
9 1344420716167500 -2157616 56600 -247528 0
9 1344420716170000 -2156552 54512 -247104 0
9 1344420716172500 -2157928 54064 -246664 0
9 1344420716175000 -2157560 54000 -244976 0
9 1344420716177500 -2155776 54096 -246544 0
9 1344420716180000 -2155904 52968 -246992 0
9 1344420716182500 -2157352 53624 -246264 0
9 1344420716185000 -2156808 55896 -247832 0
9 1344420716187500 -2156768 54024 -246336 0
9 1344420716190000 -2157224 54496 -245672 0
9 1344420716192500 -2157000 53192 -245864 0
9 1344420716195000 -2157632 54056 -247344 0
9 1344420716197500 -2157304 53528 -247088 0
