9 1344420711800000 -2157168 52344 -247144 0
9 1344420711802500 -2155936 53968 -246368 0
9 1344420711805000 -2157712 53216 -246336 0
9 1344420711807500 -2155288 53408 -245720 0
9 1344420711810000 -2156392 53296 -246792 0
9 1344420711812500 -2156952 53920 -245576 0
9 1344420711815000 -2156848 54536 -246296 0
9 1344420711817500 -2156448 53120 -245896 0
9 1344420711820000 -2157544 53096 -247512 0
9 1344420711822500 -2156616 54088 -246472 0
9 1344420711825000 -2156976 54632 -246352 0
9 1344420711827500 -2156392 53888 -245520 0
9 1344420711830000 -2156792 52536 -246336 0
9 1344420711832500 -2156008 53696 -246504 0
9 1344420711835000 -2157448 53496 -244896 0
9 1344420711837500 -2156080 52672 -246080 0
9 1344420711840000 -2157232 54408 -245944 0
9 1344420711842500 -2157384 52528 -247216 0
9 1344420711845000 -2155976 54648 -247152 0
9 1344420711847500 -2157544 52936 -245960 0
9 1344420711850000 -2157024 53240 -246880 0
9 1344420711852500 -2157896 54712 -246752 0
9 1344420711855000 -2157032 54096 -246976 0
9 1344420711857500 -2156816 53488 -245976 0
9 1344420711860000 -2158064 53448 -247624 0
9 1344420711862500 -2156568 53440 -246824 0
9 1344420711865000 -2156264 54344 -245616 0
9 1344420711867500 -2156776 52776 -246464 0
9 1344420711870000 -2157424 53456 -245984 0
9 1344420711872500 -2156216 54280 -247624 0
9 1344420711875000 -2156152 53264 -246320 0
9 1344420711877500 -2156568 54056 -246864 0
9 1344420711880000 -2157664 53584 -247152 0
9 1344420711882500 -2156592 53840 -247064 0
9 1344420711885000 -2156776 54672 -246744 0
9 1344420711887500 -2158032 54264 -246144 0
9 1344420711890000 -2157992 53560 -246648 0
9 1344420711892500 -2156504 53304 -246288 0
9 1344420711895000 -2157792 55176 -245624 0
9 1344420711897500 -2156928 53248 -246176 0
