9 1344420701700000 -2156808 55112 -246744 0
9 1344420701702500 -2156552 54856 -247208 0
9 1344420701705000 -2156064 54240 -246104 0
9 1344420701707500 -2157480 55344 -246008 0
9 1344420701710000 -2155864 54192 -246408 0
9 1344420701712500 -2157840 54880 -246000 0
9 1344420701715000 -2157264 54728 -246704 0
9 1344420701717500 -2156120 54656 -245912 0
9 1344420701720000 -2156976 54408 -245592 0
9 1344420701722500 -2155480 54496 -245784 0
9 1344420701725000 -2157128 55976 -245832 0
9 1344420701727500 -2157272 54992 -246744 0
9 1344420701730000 -2156904 54928 -247216 0
9 1344420701732500 -2156064 54184 -246160 0
9 1344420701735000 -2158352 52680 -246672 0
9 1344420701737500 -2156944 54608 -245840 0
9 1344420701740000 -2157448 54512 -245920 0
9 1344420701742500 -2155304 54992 -246128 0
9 1344420701745000 -2157224 53880 -247392 0
9 1344420701747500 -2157368 54712 -246528 0
9 1344420701750000 -2157880 54848 -246624 0
9 1344420701752500 -2156464 53496 -246424 0
9 1344420701755000 -2155144 54040 -246568 0
9 1344420701757500 -2157040 54136 -247368 0
9 1344420701760000 -2157272 55448 -245864 0
9 1344420701762500 -2157288 53896 -246872 0
9 1344420701765000 -2157424 53576 -247032 0
9 1344420701767500 -2157376 53944 -247568 0
9 1344420701770000 -2156856 53872 -247376 0
9 1344420701772500 -2156392 54624 -246480 0
9 1344420701775000 -2156152 54056 -246344 0
9 1344420701777500 -2157904 54456 -246352 0
9 1344420701780000 -2156040 54496 -245624 0
9 1344420701782500 -2156760 53784 -247208 0
9 1344420701785000 -2157768 54184 -246400 0
9 1344420701787500 -2158952 54576 -247184 0
9 1344420701790000 -2156640 54488 -246160 0
9 1344420701792500 -2157408 55256 -246832 0
9 1344420701795000 -2156392 53736 -246600 0
9 1344420701797500 -2155768 54800 -246216 0
