9 1344420681100000 -2158816 52544 -248056 0
9 1344420681102500 -2156792 53824 -246672 0
9 1344420681105000 -2156696 53464 -247112 0
9 1344420681107500 -2156504 53552 -247512 0
9 1344420681110000 -2156720 54000 -247160 0
9 1344420681112500 -2156168 53496 -246248 0
9 1344420681115000 -2156736 54112 -248360 0
9 1344420681117500 -2156512 53128 -246696 0
9 1344420681120000 -2157008 52896 -247336 0
9 1344420681122500 -2157976 52944 -247288 0
9 1344420681125000 -2156920 52728 -248064 0
9 1344420681127500 -2156616 53648 -247464 0
9 1344420681130000 -2158008 52976 -246624 0
9 1344420681132500 -2157496 53352 -246512 0
9 1344420681135000 -2157472 53368 -246328 0
9 1344420681137500 -2157152 53984 -245032 0
9 1344420681140000 -2156632 53480 -246432 0
9 1344420681142500 -2156888 52952 -246872 0
9 1344420681145000 -2157080 54352 -246432 0
9 1344420681147500 -2157320 53992 -246872 0
9 1344420681150000 -2157616 53608 -246328 0
9 1344420681152500 -2157584 53472 -246432 0
9 1344420681155000 -2158016 53440 -247048 0
9 1344420681157500 -2156192 52696 -246120 0
9 1344420681160000 -2157768 53728 -246624 0
9 1344420681162500 -2157064 53480 -245808 0
9 1344420681165000 -2158264 54424 -246336 0
9 1344420681167500 -2156536 54416 -247376 0
9 1344420681170000 -2156152 53704 -246824 0
9 1344420681172500 -2156896 54416 -246280 0
9 1344420681175000 -2157864 53648 -246128 0
9 1344420681177500 -2157792 52624 -246672 0
9 1344420681180000 -2155520 54688 -247008 0
9 1344420681182500 -2157368 53960 -246512 0
9 1344420681185000 -2157832 53432 -246552 0
9 1344420681187500 -2157480 53912 -246744 0
9 1344420681190000 -2158248 54128 -246120 0
9 1344420681192500 -2158088 53696 -247152 0
9 1344420681195000 -2157432 53136 -246960 0
9 1344420681197500 -2156744 53624 -247280 0
