9 1344420709400000 -2156072 52816 -245920 0
9 1344420709402500 -2157584 53552 -247288 0
9 1344420709405000 -2157656 54776 -247528 0
9 1344420709407500 -2156808 54112 -245744 0
9 1344420709410000 -2158112 55160 -246000 0
9 1344420709412500 -2156864 55080 -247352 0
9 1344420709415000 -2156944 53904 -247696 0
9 1344420709417500 -2156032 53872 -246536 0
9 1344420709420000 -2156832 53584 -246832 0
9 1344420709422500 -2156720 55168 -246840 0
9 1344420709425000 -2156832 54032 -247088 0
9 1344420709427500 -2157080 55264 -245400 0
9 1344420709430000 -2156504 53472 -245368 0
9 1344420709432500 -2156640 53680 -246528 0
9 1344420709435000 -2157048 53472 -246912 0
9 1344420709437500 -2156480 53776 -247032 0
9 1344420709440000 -2156960 53664 -247272 0
9 1344420709442500 -2155408 53616 -245928 0
9 1344420709445000 -2155888 55064 -245680 0
9 1344420709447500 -2157128 54640 -245016 0
9 1344420709450000 -2158200 54744 -247816 0
9 1344420709452500 -2156072 53592 -246864 0
9 1344420709455000 -2156176 53848 -247336 0
9 1344420709457500 -2156352 54672 -247112 0
9 1344420709460000 -2157400 53968 -247000 0
9 1344420709462500 -2157152 53072 -247288 0
9 1344420709465000 -2156872 54624 -245400 0
9 1344420709467500 -2157384 53784 -245656 0
9 1344420709470000 -2156088 54864 -245576 0
9 1344420709472500 -2157600 54744 -246232 0
9 1344420709475000 -2156176 54816 -246632 0
9 1344420709477500 -2156896 54232 -246024 0
9 1344420709480000 -2157336 54064 -246888 0
9 1344420709482500 -2156256 54032 -246272 0
9 1344420709485000 -2155536 54952 -245464 0
9 1344420709487500 -2157464 54888 -246464 0
9 1344420709490000 -2157920 54104 -246832 0
9 1344420709492500 -2156656 54256 -246736 0
9 1344420709495000 -2156616 55360 -245272 0
9 1344420709497500 -2156944 55376 -245824 0
