9 1344420698600000 -2155568 53720 -247384 0
9 1344420698602500 -2156544 53384 -247960 0
9 1344420698605000 -2156984 54152 -247240 0
9 1344420698607500 -2158568 53608 -246232 0
9 1344420698610000 -2156856 53872 -246048 0
9 1344420698612500 -2158056 54056 -247112 0
9 1344420698615000 -2155432 53120 -246440 0
9 1344420698617500 -2156872 53800 -247704 0
9 1344420698620000 -2156744 53872 -246968 0
9 1344420698622500 -2157712 55048 -245896 0
9 1344420698625000 -2156264 52984 -246880 0
9 1344420698627500 -2156064 53544 -246288 0
9 1344420698630000 -2156736 53088 -247304 0
9 1344420698632500 -2156624 52856 -245920 0
9 1344420698635000 -2157200 53856 -247320 0
9 1344420698637500 -2156424 54232 -246864 0
9 1344420698640000 -2157152 52208 -246176 0
9 1344420698642500 -2156624 52680 -246576 0
9 1344420698645000 -2155744 53320 -246592 0
9 1344420698647500 -2157776 53960 -247208 0
9 1344420698650000 -2157016 54376 -247040 0
9 1344420698652500 -2157320 53336 -246616 0
9 1344420698655000 -2158480 52744 -246952 0
9 1344420698657500 -2156496 53496 -246096 0
9 1344420698660000 -2158552 53312 -247608 0
9 1344420698662500 -2156152 54360 -247352 0
9 1344420698665000 -2157296 53544 -248336 0
9 1344420698667500 -2155288 54848 -246008 0
9 1344420698670000 -2158384 55016 -246896 0
9 1344420698672500 -2155664 53336 -246896 0
9 1344420698675000 -2157792 53088 -247096 0
9 1344420698677500 -2157104 53928 -247424 0
9 1344420698680000 -2158472 54336 -247064 0
9 1344420698682500 -2156352 53896 -246368 0
9 1344420698685000 -2157800 54520 -247992 0
9 1344420698687500 -2156976 53136 -247792 0
9 1344420698690000 -2157592 54056 -247840 0
9 1344420698692500 -2157448 53152 -246624 0
9 1344420698695000 -2157200 52312 -246968 0
9 1344420698697500 -2157104 54200 -247136 0
