9 1344420688000000 -2156968 53984 -246376 0
9 1344420688002500 -2157528 53856 -247184 0
9 1344420688005000 -2156976 53912 -246896 0
9 1344420688007500 -2157824 55640 -246808 0
9 1344420688010000 -2158024 53264 -247160 0
9 1344420688012500 -2158832 53496 -246560 0
9 1344420688015000 -2158392 52912 -247208 0
9 1344420688017500 -2156768 55328 -246104 0
9 1344420688020000 -2157504 54592 -248240 0
9 1344420688022500 -2157072 52880 -246848 0
9 1344420688025000 -2157360 54936 -247672 0
9 1344420688027500 -2156536 53336 -246992 0
9 1344420688030000 -2157264 54144 -246632 0
9 1344420688032500 -2157160 53720 -247504 0
9 1344420688035000 -2156792 53752 -246928 0
9 1344420688037500 -2156464 53344 -246480 0
9 1344420688040000 -2157248 55096 -247448 0
9 1344420688042500 -2156880 53160 -247280 0
9 1344420688045000 -2156704 53888 -247808 0
9 1344420688047500 -2156552 53024 -246472 0
9 1344420688050000 -2157456 53464 -247056 0
9 1344420688052500 -2156912 53088 -246240 0
9 1344420688055000 -2157704 53128 -245856 0
9 1344420688057500 -2156784 53736 -247216 0
9 1344420688060000 -2156656 53056 -247344 0
9 1344420688062500 -2157512 52040 -246640 0
9 1344420688065000 -2157440 54112 -246360 0
9 1344420688067500 -2156544 54088 -246456 0
9 1344420688070000 -2158488 53600 -247736 0
9 1344420688072500 -2157272 55104 -247192 0
9 1344420688075000 -2157072 53592 -246504 0
9 1344420688077500 -2156696 54456 -248336 0
9 1344420688080000 -2156576 54136 -247080 0
9 1344420688082500 -2157368 52280 -247664 0
9 1344420688085000 -2156464 54264 -246200 0
9 1344420688087500 -2157352 53912 -246496 0
9 1344420688090000 -2156328 53808 -246440 0
9 1344420688092500 -2156992 53976 -246656 0
9 1344420688095000 -2156808 53376 -247688 0
9 1344420688097500 -2157240 54080 -246552 0
