9 1344420668900000 -2156280 53944 -246648 0
9 1344420668902500 -2157448 54480 -245768 0
9 1344420668905000 -2156640 54760 -247728 0
9 1344420668907500 -2157840 54424 -246704 0
9 1344420668910000 -2156136 54712 -247208 0
9 1344420668912500 -2156136 54256 -246872 0
9 1344420668915000 -2156768 54632 -247800 0
9 1344420668917500 -2156704 53744 -247056 0
9 1344420668920000 -2156888 55064 -246568 0
9 1344420668922500 -2155768 53896 -246296 0
9 1344420668925000 -2157856 53344 -247040 0
9 1344420668927500 -2157680 54888 -247432 0
9 1344420668930000 -2156520 55040 -246784 0
9 1344420668932500 -2157184 53616 -246208 0
9 1344420668935000 -2156816 54096 -246304 0
9 1344420668937500 -2156944 53192 -246176 0
9 1344420668940000 -2157152 54448 -245952 0
9 1344420668942500 -2157536 53904 -246024 0
9 1344420668945000 -2156904 54656 -246528 0
9 1344420668947500 -2156928 54608 -246080 0
9 1344420668950000 -2156632 54376 -246184 0
9 1344420668952500 -2155736 54392 -246064 0
9 1344420668955000 -2156680 54368 -245896 0
9 1344420668957500 -2157048 53848 -246656 0
9 1344420668960000 -2157016 54152 -246728 0
9 1344420668962500 -2156400 53520 -246456 0
9 1344420668965000 -2156696 54720 -247328 0
9 1344420668967500 -2157056 54032 -246928 0
9 1344420668970000 -2155992 53536 -245816 0
9 1344420668972500 -2158024 55368 -245632 0
9 1344420668975000 -2156352 53296 -245960 0
9 1344420668977500 -2156648 53128 -246752 0
9 1344420668980000 -2156392 54176 -246424 0
9 1344420668982500 -2157280 54984 -246744 0
9 1344420668985000 -2157096 52864 -246104 0
9 1344420668987500 -2158248 55512 -246680 0
9 1344420668990000 -2157232 54064 -247024 0
9 1344420668992500 -2158504 54176 -247160 0
9 1344420668995000 -2156600 54360 -245208 0
9 1344420668997500 -2157960 53760 -246144 0
