9 1344420694600000 -2159120 56144 -247192 0
9 1344420694602500 -2155224 53896 -246432 0
9 1344420694605000 -2157712 54816 -246808 0
9 1344420694607500 -2156800 54448 -246656 0
9 1344420694610000 -2158168 54584 -246088 0
9 1344420694612500 -2156240 53680 -246384 0
9 1344420694615000 -2156752 54656 -247656 0
9 1344420694617500 -2157272 52744 -246624 0
9 1344420694620000 -2157072 53256 -246848 0
9 1344420694622500 -2157112 53232 -246456 0
9 1344420694625000 -2156656 53560 -247072 0
9 1344420694627500 -2158752 53960 -246880 0
9 1344420694630000 -2155864 54448 -246272 0
9 1344420694632500 -2158600 54240 -246480 0
9 1344420694635000 -2154776 54176 -245600 0
9 1344420694637500 -2158040 53216 -248680 0
9 1344420694640000 -2156248 53800 -246360 0
9 1344420694642500 -2158184 56280 -246800 0
9 1344420694645000 -2154768 54656 -247616 0
9 1344420694647500 -2158856 54456 -247016 0
9 1344420694650000 -2155144 52784 -246728 0
9 1344420694652500 -2158952 54432 -246936 0
9 1344420694655000 -2155096 53528 -247072 0
9 1344420694657500 -2158192 53824 -246936 0
9 1344420694660000 -2156512 53256 -246672 0
9 1344420694662500 -2157752 54896 -246104 0
9 1344420694665000 -2157496 53960 -246792 0
9 1344420694667500 -2156392 53896 -247896 0
9 1344420694670000 -2157248 54512 -247992 0
9 1344420694672500 -2156736 54320 -247280 0
9 1344420694675000 -2157984 54720 -246560 0
9 1344420694677500 -2157360 53952 -246784 0
9 1344420694680000 -2158064 53312 -246816 0
9 1344420694682500 -2156560 54032 -245624 0
9 1344420694685000 -2157848 53640 -247616 0
9 1344420694687500 -2155824 54288 -245008 0
9 1344420694690000 -2157584 55008 -246920 0
9 1344420694692500 -2156152 53552 -247784 0
9 1344420694695000 -2157936 53984 -246392 0
9 1344420694697500 -2156008 53152 -246520 0
