9 1344420671600000 -2157376 54808 -246664 0
9 1344420671602500 -2157088 53976 -247016 0
9 1344420671605000 -2157336 54176 -246800 0
9 1344420671607500 -2156520 54360 -246960 0
9 1344420671610000 -2157808 53792 -246880 0
9 1344420671612500 -2158416 52984 -245832 0
9 1344420671615000 -2157912 55184 -245776 0
9 1344420671617500 -2157352 54632 -246608 0
9 1344420671620000 -2157184 55040 -246888 0
9 1344420671622500 -2157152 52968 -247456 0
9 1344420671625000 -2157224 53960 -246864 0
9 1344420671627500 -2157528 54752 -246088 0
9 1344420671630000 -2157248 54272 -246328 0
9 1344420671632500 -2157504 54000 -247704 0
9 1344420671635000 -2157704 53944 -246728 0
9 1344420671637500 -2157216 54072 -247472 0
9 1344420671640000 -2157264 54576 -246480 0
9 1344420671642500 -2156464 53568 -246520 0
9 1344420671645000 -2157160 52848 -246968 0
9 1344420671647500 -2157832 53592 -246288 0
9 1344420671650000 -2157600 54472 -247168 0
9 1344420671652500 -2156248 54144 -246872 0
9 1344420671655000 -2156512 54464 -247896 0
9 1344420671657500 -2158440 53992 -247160 0
9 1344420671660000 -2156800 53000 -247888 0
9 1344420671662500 -2156824 54184 -246688 0
9 1344420671665000 -2156752 53608 -246528 0
9 1344420671667500 -2156128 54200 -246952 0
9 1344420671670000 -2157416 53736 -246632 0
9 1344420671672500 -2157424 53296 -246776 0
9 1344420671675000 -2157720 54816 -246160 0
9 1344420671677500 -2156880 55384 -246792 0
9 1344420671680000 -2156864 54672 -246704 0
9 1344420671682500 -2156024 54088 -246736 0
9 1344420671685000 -2157040 54560 -247424 0
9 1344420671687500 -2157616 52488 -247672 0
9 1344420671690000 -2157560 54032 -246840 0
9 1344420671692500 -2156304 54088 -245808 0
9 1344420671695000 -2156952 54176 -246584 0
9 1344420671697500 -2156096 54792 -246568 0
