9 1344420692300000 -2246216 86576 -252512 0
9 1344420692302500 -2068672 23152 -242680 0
9 1344420692305000 -2241184 88224 -249840 0
9 1344420692307500 -2075480 21576 -241624 0
9 1344420692310000 -2227088 83360 -247808 0
9 1344420692312500 -2087128 22968 -246792 0
9 1344420692315000 -2225032 84512 -246792 0
9 1344420692317500 -2099432 25688 -244536 0
9 1344420692320000 -2210352 79720 -247488 0
9 1344420692322500 -2101088 27776 -250624 0
9 1344420692325000 -2200192 82360 -243760 0
9 1344420692327500 -2122512 27136 -249424 0
9 1344420692330000 -2184568 77360 -242176 0
9 1344420692332500 -2123120 32592 -254056 0
9 1344420692335000 -2184128 73680 -237416 0
9 1344420692337500 -2138904 31376 -251504 0
9 1344420692340000 -2170088 81224 -245328 0
9 1344420692342500 -2134800 33800 -253328 0
9 1344420692345000 -2168136 67528 -239016 0
9 1344420692347500 -2165224 42480 -253384 0
9 1344420692350000 -2141288 69912 -242208 0
9 1344420692352500 -2178168 47592 -257048 0
9 1344420692355000 -2136808 53968 -233360 0
9 1344420692357500 -2196248 55184 -257984 0
9 1344420692360000 -2119008 58208 -238016 0
9 1344420692362500 -2190512 53536 -255064 0
9 1344420692365000 -2129144 51952 -235264 0
9 1344420692367500 -2193632 55056 -256272 0
9 1344420692370000 -2107664 53064 -237648 0
9 1344420692372500 -2195032 55384 -252544 0
9 1344420692375000 -2124168 55736 -239416 0
9 1344420692377500 -2188424 55048 -253848 0
9 1344420692380000 -2112576 49320 -242128 0
9 1344420692382500 -2211584 59744 -253088 0
9 1344420692385000 -2114432 51088 -238744 0
9 1344420692387500 -2199600 58600 -254824 0
9 1344420692390000 -2110872 43216 -240608 0
9 1344420692392500 -2206328 61384 -253600 0
9 1344420692395000 -2116064 45480 -238144 0
9 1344420692397500 -2200888 63736 -251520 0
