9 1344420679000000 -2156464 55544 -246856 0
9 1344420679002500 -2157472 53600 -246960 0
9 1344420679005000 -2156680 53680 -247720 0
9 1344420679007500 -2156032 54072 -246088 0
9 1344420679010000 -2155632 54096 -246200 0
9 1344420679012500 -2155984 52944 -247168 0
9 1344420679015000 -2157184 53640 -246936 0
9 1344420679017500 -2157504 54592 -246736 0
9 1344420679020000 -2157104 54136 -246776 0
9 1344420679022500 -2156544 55544 -247920 0
9 1344420679025000 -2156528 53904 -247104 0
9 1344420679027500 -2157088 54560 -245704 0
9 1344420679030000 -2156912 53736 -246952 0
9 1344420679032500 -2156568 53056 -246624 0
9 1344420679035000 -2157184 53744 -246368 0
9 1344420679037500 -2155872 54904 -245768 0
9 1344420679040000 -2156144 53240 -246296 0
9 1344420679042500 -2156448 54224 -246960 0
9 1344420679045000 -2156408 53984 -246800 0
9 1344420679047500 -2157048 53752 -246232 0
9 1344420679050000 -2156576 53576 -246360 0
9 1344420679052500 -2157320 53432 -247200 0
9 1344420679055000 -2157608 53344 -246176 0
9 1344420679057500 -2156792 53448 -245912 0
9 1344420679060000 -2156720 53720 -246344 0
9 1344420679062500 -2156264 54224 -247000 0
9 1344420679065000 -2158080 54752 -246088 0
9 1344420679067500 -2157408 53912 -247184 0
9 1344420679070000 -2156880 54256 -246376 0
9 1344420679072500 -2157616 54768 -245904 0
9 1344420679075000 -2156800 54984 -246888 0
9 1344420679077500 -2157328 53208 -246456 0
9 1344420679080000 -2156064 53440 -246096 0
9 1344420679082500 -2156024 54744 -246088 0
9 1344420679085000 -2156984 53520 -247760 0
9 1344420679087500 -2157368 53752 -246176 0
9 1344420679090000 -2158232 53808 -246744 0
9 1344420679092500 -2157120 54080 -246112 0
9 1344420679095000 -2156432 54360 -245816 0
9 1344420679097500 -2158568 53512 -247232 0
