9 1344420717700000 -2156808 53440 -246152 0
9 1344420717702500 -2158472 55664 -245752 0
9 1344420717705000 -2157216 54960 -245968 0
9 1344420717707500 -2157864 54904 -246864 0
9 1344420717710000 -2157680 55432 -245904 0
9 1344420717712500 -2157208 53144 -245776 0
9 1344420717715000 -2157072 54416 -246840 0
9 1344420717717500 -2157032 53912 -246400 0
9 1344420717720000 -2157120 53848 -246464 0
9 1344420717722500 -2157480 53616 -247848 0
9 1344420717725000 -2156368 54376 -246768 0
9 1344420717727500 -2156824 53960 -246432 0
9 1344420717730000 -2157448 54808 -246272 0
9 1344420717732500 -2156776 53664 -247328 0
9 1344420717735000 -2155816 52968 -246720 0
9 1344420717737500 -2156272 55256 -247200 0
9 1344420717740000 -2156256 54224 -246776 0
9 1344420717742500 -2156192 54232 -246512 0
9 1344420717745000 -2158352 53552 -246352 0
9 1344420717747500 -2155824 53632 -246984 0
9 1344420717750000 -2156040 54832 -246544 0
9 1344420717752500 -2156832 53912 -246304 0
9 1344420717755000 -2155904 54440 -247352 0
9 1344420717757500 -2156216 54816 -246616 0
9 1344420717760000 -2156768 54336 -245920 0
9 1344420717762500 -2156672 54504 -246816 0
9 1344420717765000 -2156480 54712 -246344 0
9 1344420717767500 -2156872 54528 -247120 0
9 1344420717770000 -2157120 53104 -245832 0
9 1344420717772500 -2156488 53576 -246432 0
9 1344420717775000 -2157712 53256 -246720 0
9 1344420717777500 -2155704 54416 -245832 0
9 1344420717780000 -2156704 55224 -245568 0
9 1344420717782500 -2157184 53464 -245560 0
9 1344420717785000 -2156472 54680 -246520 0
9 1344420717787500 -2156136 53440 -245472 0
9 1344420717790000 -2155888 55240 -246848 0
9 1344420717792500 -2156840 54696 -246024 0
9 1344420717795000 -2156080 53104 -246848 0
9 1344420717797500 -2157744 55008 -245504 0
