9 1344420686800000 -2157288 53968 -247680 0
9 1344420686802500 -2157032 52632 -246480 0
9 1344420686805000 -2156920 54240 -246432 0
9 1344420686807500 -2158024 53136 -247704 0
9 1344420686810000 -2157224 53288 -246152 0
9 1344420686812500 -2156808 54704 -247312 0
9 1344420686815000 -2157248 52176 -246560 0
9 1344420686817500 -2156440 53184 -247304 0
9 1344420686820000 -2157256 53688 -247712 0
9 1344420686822500 -2155544 53344 -246952 0
9 1344420686825000 -2156808 52984 -246648 0
9 1344420686827500 -2157680 54288 -247056 0
9 1344420686830000 -2156792 54944 -246704 0
9 1344420686832500 -2157200 54440 -246848 0
9 1344420686835000 -2157808 54376 -246784 0
9 1344420686837500 -2155824 53280 -247088 0
9 1344420686840000 -2156872 53672 -246576 0
9 1344420686842500 -2156728 52912 -246616 0
9 1344420686845000 -2157696 53088 -247592 0
9 1344420686847500 -2155504 53368 -246104 0
9 1344420686850000 -2155960 53712 -246632 0
9 1344420686852500 -2157184 54040 -247992 0
9 1344420686855000 -2158344 53424 -246496 0
9 1344420686857500 -2157568 53608 -247696 0
9 1344420686860000 -2157368 54136 -247232 0
9 1344420686862500 -2156096 54152 -247648 0
9 1344420686865000 -2156536 53520 -246704 0
9 1344420686867500 -2157184 52376 -246936 0
9 1344420686870000 -2157712 53720 -247112 0
9 1344420686872500 -2157904 54424 -246456 0
9 1344420686875000 -2156760 53952 -247504 0
9 1344420686877500 -2157728 54176 -247304 0
9 1344420686880000 -2156904 53848 -247288 0
9 1344420686882500 -2157520 53352 -247088 0
9 1344420686885000 -2156888 53472 -248024 0
9 1344420686887500 -2156384 53328 -246848 0
9 1344420686890000 -2155536 53344 -245904 0
9 1344420686892500 -2156232 52392 -246528 0
9 1344420686895000 -2156608 54288 -246816 0
9 1344420686897500 -2156936 54688 -248216 0
