9 1344420715500000 -2157648 53392 -246736 0
9 1344420715502500 -2156832 53256 -247120 0
9 1344420715505000 -2156880 54832 -246872 0
9 1344420715507500 -2157200 55096 -246160 0
9 1344420715510000 -2157320 55024 -247448 0
9 1344420715512500 -2156920 53488 -245992 0
9 1344420715515000 -2158112 54200 -246912 0
9 1344420715517500 -2156344 53832 -246576 0
9 1344420715520000 -2157632 54256 -246488 0
9 1344420715522500 -2157376 55256 -246544 0
9 1344420715525000 -2158152 54944 -246136 0
9 1344420715527500 -2156776 53112 -247200 0
9 1344420715530000 -2157448 54088 -247096 0
9 1344420715532500 -2156864 54616 -245352 0
9 1344420715535000 -2157864 53736 -245296 0
9 1344420715537500 -2156712 53144 -246992 0
9 1344420715540000 -2157192 55160 -246496 0
9 1344420715542500 -2157768 54560 -246576 0
9 1344420715545000 -2156264 54496 -245048 0
9 1344420715547500 -2157384 53544 -246856 0
9 1344420715550000 -2157448 54712 -246728 0
9 1344420715552500 -2156016 53784 -246720 0
9 1344420715555000 -2156960 54008 -246352 0
9 1344420715557500 -2157224 54160 -245520 0
9 1344420715560000 -2157528 54568 -246112 0
9 1344420715562500 -2157752 54856 -247096 0
9 1344420715565000 -2156736 54360 -245824 0
9 1344420715567500 -2156264 54848 -245360 0
9 1344420715570000 -2157520 55496 -245656 0
9 1344420715572500 -2156792 55464 -245384 0
9 1344420715575000 -2158352 54896 -247488 0
9 1344420715577500 -2157144 54760 -246880 0
9 1344420715580000 -2157608 52760 -246528 0
9 1344420715582500 -2157464 53816 -246784 0
9 1344420715585000 -2157672 54256 -246224 0
9 1344420715587500 -2157304 53968 -245096 0
9 1344420715590000 -2157376 54776 -247144 0
9 1344420715592500 -2157016 54824 -246656 0
9 1344420715595000 -2156896 53960 -246664 0
9 1344420715597500 -2157040 54816 -246032 0
