9 1344420703700000 -2157848 54480 -246880 0
9 1344420703702500 -2155944 54408 -246984 0
9 1344420703705000 -2155704 54584 -247336 0
9 1344420703707500 -2156552 54096 -245768 0
9 1344420703710000 -2157456 54624 -247928 0
9 1344420703712500 -2156560 53960 -247616 0
9 1344420703715000 -2156472 54152 -245944 0
9 1344420703717500 -2155832 54320 -246736 0
9 1344420703720000 -2157584 54696 -246560 0
9 1344420703722500 -2156456 53856 -246840 0
9 1344420703725000 -2157496 53992 -245696 0
9 1344420703727500 -2156256 54760 -246264 0
9 1344420703730000 -2158432 53720 -246736 0
9 1344420703732500 -2155800 53784 -246792 0
9 1344420703735000 -2156912 55024 -245752 0
9 1344420703737500 -2156272 55000 -246440 0
9 1344420703740000 -2157392 54216 -247304 0
9 1344420703742500 -2156864 54008 -245656 0
9 1344420703745000 -2156920 53976 -246976 0
9 1344420703747500 -2156552 54216 -245304 0
9 1344420703750000 -2157680 54624 -246752 0
9 1344420703752500 -2156736 54512 -247192 0
9 1344420703755000 -2156032 54720 -245896 0
9 1344420703757500 -2156808 54496 -247224 0
9 1344420703760000 -2157744 53704 -246520 0
9 1344420703762500 -2157368 54008 -246408 0
9 1344420703765000 -2157240 54712 -246112 0
9 1344420703767500 -2157720 52360 -248376 0
9 1344420703770000 -2156824 54024 -245824 0
9 1344420703772500 -2155760 55104 -246976 0
9 1344420703775000 -2157776 53704 -247120 0
9 1344420703777500 -2157224 54768 -246656 0
9 1344420703780000 -2157048 54520 -247104 0
9 1344420703782500 -2157544 55144 -246248 0
9 1344420703785000 -2156568 53096 -247368 0
9 1344420703787500 -2157960 53072 -246944 0
9 1344420703790000 -2157088 54064 -247384 0
9 1344420703792500 -2157784 53816 -246560 0
9 1344420703795000 -2156200 53536 -247208 0
9 1344420703797500 -2156288 54144 -247376 0
