9 1344420677600000 -2156776 53976 -247792 0
9 1344420677602500 -2157456 53872 -246496 0
9 1344420677605000 -2156688 53176 -246232 0
9 1344420677607500 -2156536 55480 -246584 0
9 1344420677610000 -2157376 54328 -246736 0
9 1344420677612500 -2156912 53432 -247576 0
9 1344420677615000 -2158272 53512 -247128 0
9 1344420677617500 -2157072 54544 -247320 0
9 1344420677620000 -2156944 52664 -247216 0
9 1344420677622500 -2155600 55080 -247096 0
9 1344420677625000 -2155768 53144 -248520 0
9 1344420677627500 -2157792 54904 -246560 0
9 1344420677630000 -2157200 54448 -246040 0
9 1344420677632500 -2157480 54216 -248368 0
9 1344420677635000 -2156920 53568 -247184 0
9 1344420677637500 -2156368 54704 -246544 0
9 1344420677640000 -2156496 54160 -247024 0
9 1344420677642500 -2156032 54232 -246320 0
9 1344420677645000 -2157768 54880 -247208 0
9 1344420677647500 -2155976 54136 -245168 0
9 1344420677650000 -2159304 54112 -246680 0
9 1344420677652500 -2157128 54504 -246144 0
9 1344420677655000 -2157472 53432 -246072 0
9 1344420677657500 -2157296 54040 -246704 0
9 1344420677660000 -2157936 53080 -247208 0
9 1344420677662500 -2156128 55600 -246888 0
9 1344420677665000 -2156824 54160 -246608 0
9 1344420677667500 -2156624 54768 -245592 0
9 1344420677670000 -2157672 53552 -246712 0
9 1344420677672500 -2157816 54112 -244888 0
9 1344420677675000 -2156528 54792 -247624 0
9 1344420677677500 -2156128 53480 -246040 0
9 1344420677680000 -2158176 53968 -245240 0
9 1344420677682500 -2157904 54072 -247856 0
9 1344420677685000 -2153776 53344 -245848 0
9 1344420677687500 -2159408 55200 -246104 0
9 1344420677690000 -2156400 52936 -247440 0
9 1344420677692500 -2156744 54056 -245432 0
9 1344420677695000 -2157384 54384 -245944 0
9 1344420677697500 -2156832 52920 -247064 0
