9 1344420678200000 -2156680 54680 -245384 0
9 1344420678202500 -2157392 55080 -246488 0
9 1344420678205000 -2157904 54000 -247064 0
9 1344420678207500 -2157248 54488 -245840 0
9 1344420678210000 -2157248 54528 -246240 0
9 1344420678212500 -2156864 53368 -246328 0
9 1344420678215000 -2156080 54136 -247344 0
9 1344420678217500 -2157928 54112 -246512 0
9 1344420678220000 -2157472 54904 -245928 0
9 1344420678222500 -2156696 54352 -246032 0
9 1344420678225000 -2156080 53272 -245688 0
9 1344420678227500 -2156912 54240 -246912 0
9 1344420678230000 -2157800 53736 -247152 0
9 1344420678232500 -2157480 55224 -246128 0
9 1344420678235000 -2157880 54144 -247840 0
9 1344420678237500 -2156320 53472 -246792 0
9 1344420678240000 -2156304 54712 -246944 0
9 1344420678242500 -2156632 53880 -246704 0
9 1344420678245000 -2156936 52952 -246712 0
9 1344420678247500 -2157144 54304 -246800 0
9 1344420678250000 -2157344 53048 -246448 0
9 1344420678252500 -2156392 53936 -245960 0
9 1344420678255000 -2157632 54240 -246696 0
9 1344420678257500 -2156192 54272 -246936 0
9 1344420678260000 -2157344 55136 -245480 0
9 1344420678262500 -2157456 54776 -247144 0
9 1344420678265000 -2156896 53616 -247040 0
9 1344420678267500 -2157272 52872 -246712 0
9 1344420678270000 -2158424 53368 -246824 0
9 1344420678272500 -2156608 53816 -247424 0
9 1344420678275000 -2157576 54024 -246256 0
9 1344420678277500 -2157808 55056 -247184 0
9 1344420678280000 -2156864 54400 -245336 0
9 1344420678282500 -2157392 54208 -246256 0
9 1344420678285000 -2156952 55264 -247200 0
9 1344420678287500 -2157632 54472 -247776 0
9 1344420678290000 -2156376 54664 -246640 0
9 1344420678292500 -2157608 53992 -247240 0
9 1344420678295000 -2157720 53848 -246968 0
9 1344420678297500 -2156296 53640 -246216 0
