9 1344420673500000 -2157408 53792 -246352 0
9 1344420673502500 -2156856 54288 -247152 0
9 1344420673505000 -2157568 53648 -246992 0
9 1344420673507500 -2157536 55096 -247184 0
9 1344420673510000 -2155968 54696 -247144 0
9 1344420673512500 -2155744 54416 -246336 0
9 1344420673515000 -2157328 53456 -246672 0
9 1344420673517500 -2156216 53744 -246504 0
9 1344420673520000 -2157704 54520 -246608 0
9 1344420673522500 -2157576 55040 -246952 0
9 1344420673525000 -2156096 53136 -246064 0
9 1344420673527500 -2156968 54632 -247184 0
9 1344420673530000 -2157360 54040 -246552 0
9 1344420673532500 -2156936 54304 -247016 0
9 1344420673535000 -2156880 53840 -247496 0
9 1344420673537500 -2156240 53584 -246720 0
9 1344420673540000 -2157432 53384 -247792 0
9 1344420673542500 -2156696 54120 -246272 0
9 1344420673545000 -2156472 53936 -246128 0
9 1344420673547500 -2157480 53264 -246896 0
9 1344420673550000 -2156248 55208 -245824 0
9 1344420673552500 -2156448 53792 -246272 0
9 1344420673555000 -2156400 53144 -246432 0
9 1344420673557500 -2157040 54544 -246784 0
9 1344420673560000 -2156088 54072 -246136 0
9 1344420673562500 -2155632 54992 -247944 0
9 1344420673565000 -2156088 54512 -246376 0
9 1344420673567500 -2156104 54864 -246288 0
9 1344420673570000 -2156800 53224 -245520 0
9 1344420673572500 -2156240 54768 -246856 0
9 1344420673575000 -2157520 54304 -246864 0
9 1344420673577500 -2158080 53616 -246456 0
9 1344420673580000 -2156688 55144 -247072 0
9 1344420673582500 -2156784 53392 -246648 0
9 1344420673585000 -2156080 53240 -245824 0
9 1344420673587500 -2156960 53424 -246384 0
9 1344420673590000 -2156784 54456 -246048 0
9 1344420673592500 -2156944 54848 -247696 0
9 1344420673595000 -2157096 53672 -247576 0
9 1344420673597500 -2156744 54008 -245520 0
