9 1344420697900000 -2156120 53784 -246016 0
9 1344420697902500 -2156240 54496 -246904 0
9 1344420697905000 -2155856 54080 -245736 0
9 1344420697907500 -2159912 55840 -246632 0
9 1344420697910000 -2154672 51936 -246904 0
9 1344420697912500 -2158648 55416 -245496 0
9 1344420697915000 -2156384 53776 -246600 0
9 1344420697917500 -2157080 53808 -245944 0
9 1344420697920000 -2156040 54168 -248032 0
9 1344420697922500 -2156688 55264 -246192 0
9 1344420697925000 -2157528 54656 -247016 0
9 1344420697927500 -2156744 53912 -246440 0
9 1344420697930000 -2157256 55048 -247800 0
9 1344420697932500 -2155840 54088 -246216 0
9 1344420697935000 -2158992 54064 -247672 0
9 1344420697937500 -2154864 52840 -247736 0
9 1344420697940000 -2159576 54240 -247128 0
9 1344420697942500 -2154968 54072 -247112 0
9 1344420697945000 -2158024 54608 -246664 0
9 1344420697947500 -2156944 53136 -246040 0
9 1344420697950000 -2156928 54744 -245368 0
9 1344420697952500 -2155488 54008 -247048 0
9 1344420697955000 -2156560 52952 -245784 0
9 1344420697957500 -2157456 54136 -247680 0
9 1344420697960000 -2156696 53984 -247824 0
9 1344420697962500 -2157808 54200 -247048 0
9 1344420697965000 -2157024 53096 -246752 0
9 1344420697967500 -2157848 54096 -246368 0
9 1344420697970000 -2156944 54232 -247008 0
9 1344420697972500 -2156048 54616 -245824 0
9 1344420697975000 -2157688 53720 -246944 0
9 1344420697977500 -2156704 52952 -246216 0
9 1344420697980000 -2156536 54472 -246784 0
9 1344420697982500 -2156704 53904 -246032 0
9 1344420697985000 -2157032 53192 -245744 0
9 1344420697987500 -2157776 52552 -246408 0
9 1344420697990000 -2155928 52840 -246848 0
9 1344420697992500 -2158824 53704 -246576 0
9 1344420697995000 -2155952 53464 -246416 0
9 1344420697997500 -2157456 52952 -246472 0
