9 1344420702400000 -2156248 53952 -246768 0
9 1344420702402500 -2156608 53536 -247760 0
9 1344420702405000 -2156152 53720 -246568 0
9 1344420702407500 -2156640 54768 -247176 0
9 1344420702410000 -2157456 53864 -245248 0
9 1344420702412500 -2155472 54376 -245664 0
9 1344420702415000 -2157184 53672 -246712 0
9 1344420702417500 -2156736 53640 -245808 0
9 1344420702420000 -2157096 53816 -246872 0
9 1344420702422500 -2157640 54640 -246576 0
9 1344420702425000 -2157608 54424 -246584 0
9 1344420702427500 -2156488 54224 -245880 0
9 1344420702430000 -2158216 54968 -246640 0
9 1344420702432500 -2156856 55000 -247208 0
9 1344420702435000 -2158304 54400 -246328 0
9 1344420702437500 -2156456 55256 -247056 0
9 1344420702440000 -2155976 54184 -247296 0
9 1344420702442500 -2157296 52424 -248192 0
9 1344420702445000 -2157224 53824 -247176 0
9 1344420702447500 -2157728 54360 -247664 0
9 1344420702450000 -2156808 54512 -247200 0
9 1344420702452500 -2157336 53608 -247040 0
9 1344420702455000 -2156960 53720 -246224 0
9 1344420702457500 -2157296 54576 -245528 0
9 1344420702460000 -2156984 53160 -247432 0
9 1344420702462500 -2156992 55000 -245880 0
9 1344420702465000 -2156280 54264 -247072 0
9 1344420702467500 -2157624 54544 -246760 0
9 1344420702470000 -2157024 53648 -246912 0
9 1344420702472500 -2156664 53392 -246648 0
9 1344420702475000 -2158664 53696 -246184 0
9 1344420702477500 -2156568 54792 -247032 0
9 1344420702480000 -2156344 54416 -247032 0
9 1344420702482500 -2156848 54312 -246856 0
9 1344420702485000 -2155336 54392 -247744 0
9 1344420702487500 -2156432 54368 -246744 0
9 1344420702490000 -2157176 54264 -246968 0
9 1344420702492500 -2157520 54744 -246888 0
9 1344420702495000 -2156448 54384 -246952 0
9 1344420702497500 -2157728 54736 -246480 0
