9 1344420675500000 -2156632 53248 -245792 0
9 1344420675502500 -2156784 53680 -246304 0
9 1344420675505000 -2156016 53648 -246224 0
9 1344420675507500 -2157688 54272 -246688 0
9 1344420675510000 -2156256 53504 -247624 0
9 1344420675512500 -2156464 53800 -247512 0
9 1344420675515000 -2156832 53608 -246624 0
9 1344420675517500 -2157440 52944 -247432 0
9 1344420675520000 -2157512 54280 -246344 0
9 1344420675522500 -2157288 53776 -247312 0
9 1344420675525000 -2156936 52984 -246808 0
9 1344420675527500 -2156232 52976 -246160 0
9 1344420675530000 -2156192 53656 -245920 0
9 1344420675532500 -2156744 53280 -247208 0
9 1344420675535000 -2157336 54624 -246392 0
9 1344420675537500 -2156200 54608 -247000 0
9 1344420675540000 -2155128 54840 -246272 0
9 1344420675542500 -2156176 54376 -245968 0
9 1344420675545000 -2156248 55104 -246880 0
9 1344420675547500 -2154800 54552 -246304 0
9 1344420675550000 -2156624 54824 -245592 0
9 1344420675552500 -2157096 53792 -247056 0
9 1344420675555000 -2157480 52600 -246056 0
9 1344420675557500 -2157504 54952 -245704 0
9 1344420675560000 -2155648 53040 -246304 0
9 1344420675562500 -2156696 54280 -246712 0
9 1344420675565000 -2156352 55240 -247120 0
9 1344420675567500 -2156968 53560 -246584 0
9 1344420675570000 -2156864 52776 -246864 0
9 1344420675572500 -2156992 55152 -246192 0
9 1344420675575000 -2157488 53856 -246128 0
9 1344420675577500 -2156800 53952 -246584 0
9 1344420675580000 -2157648 54488 -247416 0
9 1344420675582500 -2157024 54704 -246088 0
9 1344420675585000 -2157296 53992 -245784 0
9 1344420675587500 -2156872 53552 -245824 0
9 1344420675590000 -2157344 54736 -247280 0
9 1344420675592500 -2155392 54832 -246464 0
9 1344420675595000 -2156040 55320 -246632 0
9 1344420675597500 -2157248 54392 -245904 0
