9 1344420669500000 -2156632 55072 -247432 0
9 1344420669502500 -2156800 54544 -247448 0
9 1344420669505000 -2155912 54736 -247256 0
9 1344420669507500 -2156064 54104 -247640 0
9 1344420669510000 -2157664 54576 -246488 0
9 1344420669512500 -2156328 53656 -246248 0
9 1344420669515000 -2156248 53992 -247152 0
9 1344420669517500 -2156104 54192 -246008 0
9 1344420669520000 -2156232 54816 -246208 0
9 1344420669522500 -2158136 55424 -245928 0
9 1344420669525000 -2157528 54592 -246704 0
9 1344420669527500 -2156856 54512 -246952 0
9 1344420669530000 -2156432 54568 -248232 0
9 1344420669532500 -2158000 53712 -245624 0
9 1344420669535000 -2157336 53992 -246608 0
9 1344420669537500 -2156656 54496 -245864 0
9 1344420669540000 -2157592 53736 -246824 0
9 1344420669542500 -2156400 52744 -245928 0
9 1344420669545000 -2157464 53888 -246976 0
9 1344420669547500 -2158616 53640 -245544 0
9 1344420669550000 -2156168 53296 -245904 0
9 1344420669552500 -2156328 53896 -247608 0
9 1344420669555000 -2156056 52800 -247024 0
9 1344420669557500 -2156648 53048 -247080 0
9 1344420669560000 -2156480 53840 -246992 0
9 1344420669562500 -2156040 52488 -246704 0
9 1344420669565000 -2156880 53632 -245760 0
9 1344420669567500 -2155752 53992 -246160 0
9 1344420669570000 -2157456 55152 -246712 0
9 1344420669572500 -2156264 54264 -246536 0
9 1344420669575000 -2157880 52760 -247016 0
9 1344420669577500 -2157064 53776 -246728 0
9 1344420669580000 -2156336 53712 -247088 0
9 1344420669582500 -2156304 53824 -246952 0
9 1344420669585000 -2157760 53816 -246152 0
9 1344420669587500 -2156584 54152 -247560 0
9 1344420669590000 -2157368 53864 -247016 0
9 1344420669592500 -2157080 54720 -247728 0
9 1344420669595000 -2156688 54928 -246920 0
9 1344420669597500 -2156688 54320 -246080 0
