9 1344420693300000 -2157504 55248 -246496 0
9 1344420693302500 -2155072 53256 -246184 0
9 1344420693305000 -2155288 54200 -246768 0
9 1344420693307500 -2155688 53144 -245768 0
9 1344420693310000 -2157784 54704 -246408 0
9 1344420693312500 -2155480 54472 -246824 0
9 1344420693315000 -2158776 54672 -246272 0
9 1344420693317500 -2157320 53688 -246120 0
9 1344420693320000 -2157160 54464 -246592 0
9 1344420693322500 -2156424 53960 -246808 0
9 1344420693325000 -2157264 54728 -246192 0
9 1344420693327500 -2156952 55456 -247296 0
9 1344420693330000 -2156744 53592 -246784 0
9 1344420693332500 -2158800 54424 -246112 0
9 1344420693335000 -2157400 54112 -245672 0
9 1344420693337500 -2158344 54520 -246632 0
9 1344420693340000 -2154928 52336 -246032 0
9 1344420693342500 -2157496 54048 -248208 0
9 1344420693345000 -2154520 55288 -246968 0
9 1344420693347500 -2158216 53160 -246784 0
9 1344420693350000 -2155920 52960 -244816 0
9 1344420693352500 -2158952 54888 -247336 0
9 1344420693355000 -2155928 53528 -247296 0
9 1344420693357500 -2160056 54488 -246008 0
9 1344420693360000 -2155664 52808 -247256 0
9 1344420693362500 -2156520 55240 -247088 0
9 1344420693365000 -2156784 52848 -247496 0
9 1344420693367500 -2158016 54224 -246384 0
9 1344420693370000 -2157880 52960 -246032 0
9 1344420693372500 -2157656 54552 -246392 0
9 1344420693375000 -2158232 54088 -246504 0
9 1344420693377500 -2157024 54256 -245248 0
9 1344420693380000 -2156920 52296 -246736 0
9 1344420693382500 -2156128 54712 -246632 0
9 1344420693385000 -2157120 54144 -247680 0
9 1344420693387500 -2155704 54384 -247400 0
9 1344420693390000 -2158840 54248 -247096 0
9 1344420693392500 -2155576 53136 -245960 0
9 1344420693395000 -2158384 53384 -247016 0
9 1344420693397500 -2154904 53000 -246904 0
