9 1344420677400000 -2153656 52752 -246576 0
9 1344420677402500 -2161808 54240 -247928 0
9 1344420677405000 -2152504 52432 -245728 0
9 1344420677407500 -2160272 53464 -248552 0
9 1344420677410000 -2151536 53872 -246384 0
9 1344420677412500 -2161344 54816 -248552 0
9 1344420677415000 -2153808 53856 -246272 0
9 1344420677417500 -2160272 54936 -248896 0
9 1344420677420000 -2153136 51680 -246288 0
9 1344420677422500 -2162848 54392 -247208 0
9 1344420677425000 -2151328 50896 -245872 0
9 1344420677427500 -2163480 54624 -248520 0
9 1344420677430000 -2152448 53328 -244920 0
9 1344420677432500 -2162360 54680 -248832 0
9 1344420677435000 -2150760 54136 -245424 0
9 1344420677437500 -2160872 55456 -247584 0
9 1344420677440000 -2153352 52072 -246080 0
9 1344420677442500 -2159312 54896 -246864 0
9 1344420677445000 -2153936 52472 -245320 0
9 1344420677447500 -2161816 55464 -247768 0
9 1344420677450000 -2153432 53432 -246680 0
9 1344420677452500 -2160720 53640 -247480 0
9 1344420677455000 -2155320 53360 -247192 0
9 1344420677457500 -2157888 54152 -247696 0
9 1344420677460000 -2156104 54712 -247128 0
9 1344420677462500 -2156792 52816 -246240 0
9 1344420677465000 -2157488 53952 -247400 0
9 1344420677467500 -2156776 52872 -246288 0
9 1344420677470000 -2158648 54840 -247232 0
9 1344420677472500 -2156496 53616 -247184 0
9 1344420677475000 -2158080 55168 -246920 0
9 1344420677477500 -2156624 52240 -246024 0
9 1344420677480000 -2157456 54776 -246208 0
9 1344420677482500 -2154616 54096 -247424 0
9 1344420677485000 -2159384 55288 -246632 0
9 1344420677487500 -2157728 54520 -246168 0
9 1344420677490000 -2157208 55192 -247080 0
9 1344420677492500 -2157152 53856 -246408 0
9 1344420677495000 -2158976 54968 -245720 0
9 1344420677497500 -2155944 54304 -246872 0
