9 1344420713600000 -2157160 54800 -246360 0
9 1344420713602500 -2156992 54264 -246680 0
9 1344420713605000 -2156976 54104 -246744 0
9 1344420713607500 -2157320 54208 -245400 0
9 1344420713610000 -2157552 54528 -246552 0
9 1344420713612500 -2156248 54640 -246240 0
9 1344420713615000 -2157976 54848 -245728 0
9 1344420713617500 -2157648 55416 -247448 0
9 1344420713620000 -2156888 54872 -247104 0
9 1344420713622500 -2156440 54688 -245960 0
9 1344420713625000 -2158248 54744 -245760 0
9 1344420713627500 -2158104 54344 -247624 0
9 1344420713630000 -2158440 54920 -247320 0
9 1344420713632500 -2157744 53976 -245664 0
9 1344420713635000 -2157112 55376 -247064 0
9 1344420713637500 -2158480 53920 -247320 0
9 1344420713640000 -2158232 55640 -245832 0
9 1344420713642500 -2156232 54296 -247592 0
9 1344420713645000 -2155448 53328 -246832 0
9 1344420713647500 -2158024 53472 -246080 0
9 1344420713650000 -2157456 53096 -246056 0
9 1344420713652500 -2157880 54480 -246848 0
9 1344420713655000 -2156032 55448 -247096 0
9 1344420713657500 -2158352 55072 -246624 0
9 1344420713660000 -2155888 55072 -246368 0
9 1344420713662500 -2157944 54912 -245896 0
9 1344420713665000 -2158264 54944 -246816 0
9 1344420713667500 -2157448 54904 -246320 0
9 1344420713670000 -2157984 53736 -245536 0
9 1344420713672500 -2157648 54840 -246080 0
9 1344420713675000 -2156216 55096 -246432 0
9 1344420713677500 -2155768 55048 -245896 0
9 1344420713680000 -2156408 54664 -246976 0
9 1344420713682500 -2155736 53432 -247848 0
9 1344420713685000 -2155856 54296 -246368 0
9 1344420713687500 -2156696 54248 -246904 0
9 1344420713690000 -2157416 54080 -247616 0
9 1344420713692500 -2157232 53744 -246616 0
9 1344420713695000 -2158000 54344 -245392 0
9 1344420713697500 -2157344 54520 -246416 0
