9 1344420705400000 -2156928 54744 -245528 0
9 1344420705402500 -2156176 55072 -246360 0
9 1344420705405000 -2156528 54176 -246632 0
9 1344420705407500 -2156488 54680 -247232 0
9 1344420705410000 -2155664 54456 -246448 0
9 1344420705412500 -2156968 54552 -246416 0
9 1344420705415000 -2155928 54392 -246056 0
9 1344420705417500 -2157656 54824 -246872 0
9 1344420705420000 -2157960 55352 -246632 0
9 1344420705422500 -2156496 54456 -246472 0
9 1344420705425000 -2156224 54752 -246240 0
9 1344420705427500 -2156448 54920 -246376 0
9 1344420705430000 -2156328 54112 -247384 0
9 1344420705432500 -2156856 53640 -245520 0
9 1344420705435000 -2156920 53904 -246704 0
9 1344420705437500 -2156992 55280 -246136 0
9 1344420705440000 -2157536 54096 -246224 0
9 1344420705442500 -2155928 53568 -247272 0
9 1344420705445000 -2157536 54640 -247168 0
9 1344420705447500 -2157032 54616 -246608 0
9 1344420705450000 -2156824 55016 -246328 0
9 1344420705452500 -2156952 54976 -246304 0
9 1344420705455000 -2158056 54152 -247352 0
9 1344420705457500 -2156816 54040 -247280 0
9 1344420705460000 -2156184 54088 -245304 0
9 1344420705462500 -2155416 54056 -246464 0
9 1344420705465000 -2156424 54936 -247408 0
9 1344420705467500 -2156016 53616 -246784 0
9 1344420705470000 -2157064 55296 -246672 0
9 1344420705472500 -2157784 54408 -246728 0
9 1344420705475000 -2157728 53392 -247784 0
9 1344420705477500 -2157264 54176 -246472 0
9 1344420705480000 -2156584 54728 -247048 0
9 1344420705482500 -2156856 54296 -246440 0
9 1344420705485000 -2156888 54888 -247480 0
9 1344420705487500 -2156720 53808 -247984 0
9 1344420705490000 -2157856 54456 -245832 0
9 1344420705492500 -2156528 55056 -245984 0
9 1344420705495000 -2156936 54560 -246584 0
9 1344420705497500 -2157104 53792 -246112 0
