9 1344420711200000 -2156752 54584 -247528 0
9 1344420711202500 -2157016 54208 -246696 0
9 1344420711205000 -2157504 53080 -245808 0
9 1344420711207500 -2156416 53248 -247088 0
9 1344420711210000 -2156968 55080 -246320 0
9 1344420711212500 -2158024 54816 -246496 0
9 1344420711215000 -2156344 54176 -245328 0
9 1344420711217500 -2157072 55112 -245992 0
9 1344420711220000 -2156048 54352 -245896 0
9 1344420711222500 -2157224 55552 -246696 0
9 1344420711225000 -2157352 54592 -246712 0
9 1344420711227500 -2156888 54424 -246008 0
9 1344420711230000 -2157024 54248 -246280 0
9 1344420711232500 -2158704 54736 -247064 0
9 1344420711235000 -2156456 54560 -247408 0
9 1344420711237500 -2156272 54984 -246816 0
9 1344420711240000 -2157032 54432 -247160 0
9 1344420711242500 -2156952 53856 -246752 0
9 1344420711245000 -2156208 55112 -246520 0
9 1344420711247500 -2157304 53976 -246264 0
9 1344420711250000 -2157616 53568 -246280 0
9 1344420711252500 -2157112 53968 -246768 0
9 1344420711255000 -2157448 54128 -246600 0
9 1344420711257500 -2158184 55488 -246536 0
9 1344420711260000 -2155696 53984 -246736 0
9 1344420711262500 -2157104 54920 -245864 0
9 1344420711265000 -2157848 54792 -246288 0
9 1344420711267500 -2156664 53872 -246424 0
9 1344420711270000 -2157064 55968 -246352 0
9 1344420711272500 -2156768 54632 -245688 0
9 1344420711275000 -2157976 54808 -247120 0
9 1344420711277500 -2156568 54520 -245656 0
9 1344420711280000 -2156808 54200 -244920 0
9 1344420711282500 -2155640 54016 -246336 0
9 1344420711285000 -2156352 53568 -245592 0
9 1344420711287500 -2156792 54544 -245952 0
9 1344420711290000 -2156152 54488 -245608 0
9 1344420711292500 -2157344 54624 -246000 0
9 1344420711295000 -2157208 54656 -245720 0
9 1344420711297500 -2156672 53696 -247088 0
