9 1344420683400000 -2156704 54768 -246120 0
9 1344420683402500 -2157008 53592 -247176 0
9 1344420683405000 -2156496 53144 -248376 0
9 1344420683407500 -2156520 54416 -247776 0
9 1344420683410000 -2157192 54872 -246648 0
9 1344420683412500 -2156720 53912 -248088 0
9 1344420683415000 -2155608 52568 -246656 0
9 1344420683417500 -2157160 54048 -246728 0
9 1344420683420000 -2157392 53496 -247072 0
9 1344420683422500 -2156104 52672 -247168 0
9 1344420683425000 -2156456 54520 -246296 0
9 1344420683427500 -2156064 54896 -246904 0
9 1344420683430000 -2155400 53592 -246160 0
9 1344420683432500 -2157144 54920 -246384 0
9 1344420683435000 -2157280 54360 -246240 0
9 1344420683437500 -2156456 53880 -245944 0
9 1344420683440000 -2156408 53968 -246216 0
9 1344420683442500 -2158344 54344 -248144 0
9 1344420683445000 -2156112 54592 -247544 0
9 1344420683447500 -2158168 54384 -247048 0
9 1344420683450000 -2157040 53520 -246088 0
9 1344420683452500 -2156320 54544 -246504 0
9 1344420683455000 -2155824 54288 -246312 0
9 1344420683457500 -2156976 55200 -246336 0
9 1344420683460000 -2156872 54224 -246088 0
9 1344420683462500 -2156656 54408 -246064 0
9 1344420683465000 -2158088 53920 -245976 0
9 1344420683467500 -2156592 53480 -246664 0
9 1344420683470000 -2156312 53592 -246224 0
9 1344420683472500 -2155904 53944 -246440 0
9 1344420683475000 -2157264 54104 -247448 0
9 1344420683477500 -2156760 54208 -246048 0
9 1344420683480000 -2157144 53760 -246336 0
9 1344420683482500 -2157128 52672 -246672 0
9 1344420683485000 -2158272 54912 -248224 0
9 1344420683487500 -2158592 53032 -247248 0
9 1344420683490000 -2157064 54008 -246864 0
9 1344420683492500 -2156424 54744 -246920 0
9 1344420683495000 -2157424 54232 -247288 0
9 1344420683497500 -2158472 55136 -245952 0
