9 1344420690800000 -2156744 54536 -246480 0
9 1344420690802500 -2156752 54024 -246480 0
9 1344420690805000 -2156720 53784 -247840 0
9 1344420690807500 -2156144 53504 -247184 0
9 1344420690810000 -2157080 52888 -247112 0
9 1344420690812500 -2157992 53616 -245880 0
9 1344420690815000 -2158176 53824 -247264 0
9 1344420690817500 -2157512 54368 -245488 0
9 1344420690820000 -2157584 52888 -245784 0
9 1344420690822500 -2158704 53840 -246880 0
9 1344420690825000 -2157016 53352 -248216 0
9 1344420690827500 -2156352 53416 -247048 0
9 1344420690830000 -2156024 53952 -247256 0
9 1344420690832500 -2156040 54160 -247504 0
9 1344420690835000 -2156656 53720 -248032 0
9 1344420690837500 -2156976 54040 -246728 0
9 1344420690840000 -2155992 54704 -247040 0
9 1344420690842500 -2157344 54168 -247520 0
9 1344420690845000 -2158464 53944 -246944 0
9 1344420690847500 -2157256 54744 -246976 0
9 1344420690850000 -2156672 53760 -246600 0
9 1344420690852500 -2156704 53960 -247704 0
9 1344420690855000 -2155264 53728 -246496 0
9 1344420690857500 -2156000 54792 -246600 0
9 1344420690860000 -2156600 55168 -246200 0
9 1344420690862500 -2157512 53216 -244984 0
9 1344420690865000 -2156832 53840 -247816 0
9 1344420690867500 -2157152 53504 -248072 0
9 1344420690870000 -2157200 53736 -246544 0
9 1344420690872500 -2157664 52840 -246392 0
9 1344420690875000 -2157928 53168 -246776 0
9 1344420690877500 -2157736 52768 -247032 0
9 1344420690880000 -2157000 53240 -247032 0
9 1344420690882500 -2157152 53168 -246232 0
9 1344420690885000 -2157032 54624 -246408 0
9 1344420690887500 -2156848 52544 -245840 0
9 1344420690890000 -2155544 54584 -246456 0
9 1344420690892500 -2157376 55224 -247248 0
9 1344420690895000 -2156648 54912 -246480 0
9 1344420690897500 -2156448 53968 -246584 0
