9 1344420686600000 -2158384 53840 -247272 0
9 1344420686602500 -2158488 54968 -245880 0
9 1344420686605000 -2156240 55496 -246400 0
9 1344420686607500 -2156416 53840 -246232 0
9 1344420686610000 -2157456 54072 -247240 0
9 1344420686612500 -2157264 53912 -247400 0
9 1344420686615000 -2157408 54736 -246480 0
9 1344420686617500 -2157696 54456 -247184 0
9 1344420686620000 -2158504 53840 -246480 0
9 1344420686622500 -2155904 55536 -245752 0
9 1344420686625000 -2156072 55256 -245808 0
9 1344420686627500 -2157184 54720 -246584 0
9 1344420686630000 -2156264 54320 -246392 0
9 1344420686632500 -2158144 54048 -245816 0
9 1344420686635000 -2157192 54576 -247120 0
9 1344420686637500 -2157712 53928 -246640 0
9 1344420686640000 -2157248 54648 -246288 0
9 1344420686642500 -2156184 54808 -246520 0
9 1344420686645000 -2157648 54144 -246280 0
9 1344420686647500 -2157760 54128 -247256 0
9 1344420686650000 -2157960 52936 -247264 0
9 1344420686652500 -2158536 54040 -246768 0
9 1344420686655000 -2157536 53032 -245864 0
9 1344420686657500 -2157312 53608 -246456 0
9 1344420686660000 -2157320 53240 -246936 0
9 1344420686662500 -2156880 54800 -246496 0
9 1344420686665000 -2155872 53736 -247688 0
9 1344420686667500 -2156536 52952 -246448 0
9 1344420686670000 -2156240 53184 -247184 0
9 1344420686672500 -2156320 53992 -246928 0
9 1344420686675000 -2157392 53880 -246360 0
9 1344420686677500 -2156080 55200 -246496 0
9 1344420686680000 -2157656 54152 -246728 0
9 1344420686682500 -2155936 54664 -246888 0
9 1344420686685000 -2157512 53856 -245752 0
9 1344420686687500 -2158232 54328 -246008 0
9 1344420686690000 -2157400 52632 -247104 0
9 1344420686692500 -2157672 53496 -248240 0
9 1344420686695000 -2157424 53888 -246264 0
9 1344420686697500 -2157688 54144 -245656 0
