9 1344420695900000 -2157624 54104 -247136 0
9 1344420695902500 -2155216 54456 -247216 0
9 1344420695905000 -2156592 55480 -246024 0
9 1344420695907500 -2157792 52488 -247944 0
9 1344420695910000 -2156808 53680 -245408 0
9 1344420695912500 -2156640 53584 -247152 0
9 1344420695915000 -2157296 54304 -245688 0
9 1344420695917500 -2156088 54376 -247600 0
9 1344420695920000 -2153864 53840 -246344 0
9 1344420695922500 -2159896 54872 -247976 0
9 1344420695925000 -2155256 53936 -246744 0
9 1344420695927500 -2155968 53208 -246680 0
9 1344420695930000 -2160104 55056 -247368 0
9 1344420695932500 -2156416 53920 -246048 0
9 1344420695935000 -2155640 53448 -246608 0
9 1344420695937500 -2158656 54760 -247736 0
9 1344420695940000 -2156136 53592 -246304 0
9 1344420695942500 -2158552 54552 -248016 0
9 1344420695945000 -2152856 52480 -246072 0
9 1344420695947500 -2158384 53400 -245056 0
9 1344420695950000 -2160160 54016 -247296 0
9 1344420695952500 -2155768 53672 -246728 0
9 1344420695955000 -2154144 53136 -246672 0
9 1344420695957500 -2160872 55096 -246592 0
9 1344420695960000 -2155248 54200 -247312 0
9 1344420695962500 -2156864 54456 -246112 0
9 1344420695965000 -2157496 54488 -245128 0
9 1344420695967500 -2157520 53800 -246792 0
9 1344420695970000 -2157312 53888 -246984 0
9 1344420695972500 -2158944 54696 -247088 0
9 1344420695975000 -2155832 53488 -245808 0
9 1344420695977500 -2155384 54120 -246648 0
9 1344420695980000 -2157696 54512 -246136 0
9 1344420695982500 -2156752 54424 -247264 0
9 1344420695985000 -2154592 54792 -248224 0
9 1344420695987500 -2156240 53416 -246424 0
9 1344420695990000 -2158792 54416 -245056 0
9 1344420695992500 -2156256 54312 -246920 0
9 1344420695995000 -2157056 55536 -246568 0
9 1344420695997500 -2158264 54040 -244904 0
