9 1344420682800000 -2156640 54080 -246440 0
9 1344420682802500 -2156568 53408 -246856 0
9 1344420682805000 -2157336 55152 -246208 0
9 1344420682807500 -2157584 53920 -246816 0
9 1344420682810000 -2158360 53360 -246432 0
9 1344420682812500 -2156344 53920 -247824 0
9 1344420682815000 -2156800 53568 -246808 0
9 1344420682817500 -2156760 54360 -247768 0
9 1344420682820000 -2156560 53360 -245616 0
9 1344420682822500 -2157056 54312 -247224 0
9 1344420682825000 -2156976 53008 -246136 0
9 1344420682827500 -2157656 54584 -246712 0
9 1344420682830000 -2155880 54488 -247032 0
9 1344420682832500 -2157664 54024 -246984 0
9 1344420682835000 -2157072 53416 -246792 0
9 1344420682837500 -2157328 54248 -246512 0
9 1344420682840000 -2158048 54432 -247224 0
9 1344420682842500 -2157512 53264 -246880 0
9 1344420682845000 -2156048 53784 -246456 0
9 1344420682847500 -2156064 54408 -246856 0
9 1344420682850000 -2155952 55224 -247192 0
9 1344420682852500 -2157616 54528 -246744 0
9 1344420682855000 -2155888 54696 -246720 0
9 1344420682857500 -2156656 53248 -247584 0
9 1344420682860000 -2155496 53392 -246576 0
9 1344420682862500 -2155944 53664 -247608 0
9 1344420682865000 -2156312 54960 -247008 0
9 1344420682867500 -2156296 54192 -247080 0
9 1344420682870000 -2156904 54744 -246808 0
9 1344420682872500 -2155792 54472 -246528 0
9 1344420682875000 -2157080 53032 -246360 0
9 1344420682877500 -2156544 54288 -246136 0
9 1344420682880000 -2157512 54464 -246688 0
9 1344420682882500 -2156872 55680 -246112 0
9 1344420682885000 -2156064 53280 -246056 0
9 1344420682887500 -2156688 54328 -246928 0
9 1344420682890000 -2157680 53752 -246312 0
9 1344420682892500 -2157168 53568 -247080 0
9 1344420682895000 -2155320 53248 -246856 0
9 1344420682897500 -2156136 54680 -246920 0
