9 1344420694700000 -2157360 53952 -247960 0
9 1344420694702500 -2156112 53056 -246144 0
9 1344420694705000 -2158088 54976 -246472 0
9 1344420694707500 -2156736 53328 -246304 0
9 1344420694710000 -2159472 53992 -246408 0
9 1344420694712500 -2156136 54056 -246704 0
9 1344420694715000 -2157216 54688 -247704 0
9 1344420694717500 -2155608 53640 -246160 0
9 1344420694720000 -2158152 53976 -246624 0
9 1344420694722500 -2156208 53352 -246472 0
9 1344420694725000 -2157360 54440 -248264 0
9 1344420694727500 -2157024 54848 -247000 0
9 1344420694730000 -2157968 53696 -246592 0
9 1344420694732500 -2156568 54032 -246448 0
9 1344420694735000 -2156384 54264 -246544 0
9 1344420694737500 -2157984 55208 -246800 0
9 1344420694740000 -2157064 53896 -246720 0
9 1344420694742500 -2157712 54992 -247048 0
9 1344420694745000 -2156192 53928 -246288 0
9 1344420694747500 -2159400 54672 -247832 0
9 1344420694750000 -2157216 55016 -246496 0
9 1344420694752500 -2157568 55384 -245640 0
9 1344420694755000 -2156848 52856 -247216 0
9 1344420694757500 -2157040 53768 -245864 0
9 1344420694760000 -2156976 54984 -246120 0
9 1344420694762500 -2156952 54000 -246488 0
9 1344420694765000 -2157416 53640 -246744 0
9 1344420694767500 -2158208 54080 -247600 0
9 1344420694770000 -2156880 54800 -246688 0
9 1344420694772500 -2156696 54128 -248192 0
9 1344420694775000 -2156336 54944 -246752 0
9 1344420694777500 -2157176 55024 -246472 0
9 1344420694780000 -2156592 53656 -247464 0
9 1344420694782500 -2159016 54728 -246624 0
9 1344420694785000 -2155216 53744 -245664 0
9 1344420694787500 -2156408 54792 -247296 0
9 1344420694790000 -2155400 52864 -247944 0
9 1344420694792500 -2158592 54168 -246680 0
9 1344420694795000 -2155952 55336 -246296 0
9 1344420694797500 -2156376 55064 -248168 0
