9 1344420677500000 -2157768 54440 -247704 0
9 1344420677502500 -2155832 54624 -245408 0
9 1344420677505000 -2157776 55176 -247272 0
9 1344420677507500 -2155488 53336 -247184 0
9 1344420677510000 -2158064 53376 -245344 0
9 1344420677512500 -2157920 53000 -247344 0
9 1344420677515000 -2155360 54632 -247440 0
9 1344420677517500 -2159024 54640 -246328 0
9 1344420677520000 -2157296 53992 -246136 0
9 1344420677522500 -2156632 54008 -248064 0
9 1344420677525000 -2156456 54312 -245456 0
9 1344420677527500 -2158136 53888 -245352 0
9 1344420677530000 -2156248 54264 -245184 0
9 1344420677532500 -2157064 54504 -247104 0
9 1344420677535000 -2156704 53576 -246928 0
9 1344420677537500 -2158608 54432 -246976 0
9 1344420677540000 -2156240 53344 -246072 0
9 1344420677542500 -2158368 55080 -248056 0
9 1344420677545000 -2154744 54560 -247272 0
9 1344420677547500 -2159072 54384 -247096 0
9 1344420677550000 -2155384 53480 -246224 0
9 1344420677552500 -2159384 53848 -248624 0
9 1344420677555000 -2156456 54296 -246960 0
9 1344420677557500 -2157504 54504 -245464 0
9 1344420677560000 -2156696 53712 -247040 0
9 1344420677562500 -2157968 53632 -246024 0
9 1344420677565000 -2155816 53920 -246784 0
9 1344420677567500 -2157448 53320 -246080 0
9 1344420677570000 -2157360 55056 -245832 0
9 1344420677572500 -2157184 55456 -246936 0
9 1344420677575000 -2155352 54952 -246696 0
9 1344420677577500 -2156448 54664 -245792 0
9 1344420677580000 -2156848 53552 -246304 0
9 1344420677582500 -2155744 55144 -246248 0
9 1344420677585000 -2156984 53512 -246688 0
9 1344420677587500 -2158088 52672 -245136 0
9 1344420677590000 -2156960 53888 -248352 0
9 1344420677592500 -2154968 54568 -246632 0
9 1344420677595000 -2158704 54488 -247176 0
9 1344420677597500 -2157728 53992 -246832 0
