9 1344420715100000 -2156704 55376 -245688 0
9 1344420715102500 -2157080 54488 -246248 0
9 1344420715105000 -2156952 54944 -246872 0
9 1344420715107500 -2157744 54784 -247240 0
9 1344420715110000 -2157624 53928 -247320 0
9 1344420715112500 -2156280 54280 -245968 0
9 1344420715115000 -2157488 54120 -246272 0
9 1344420715117500 -2157008 54512 -246448 0
9 1344420715120000 -2157544 54808 -245936 0
9 1344420715122500 -2156240 54920 -247104 0
9 1344420715125000 -2157592 53016 -245096 0
9 1344420715127500 -2156144 54688 -246232 0
9 1344420715130000 -2157416 55000 -246784 0
9 1344420715132500 -2156080 55184 -247128 0
9 1344420715135000 -2157336 54768 -246296 0
9 1344420715137500 -2157920 54944 -246984 0
9 1344420715140000 -2156992 55880 -246120 0
9 1344420715142500 -2158048 54424 -246560 0
9 1344420715145000 -2156736 54624 -246280 0
9 1344420715147500 -2156984 55512 -246984 0
9 1344420715150000 -2157120 53808 -247088 0
9 1344420715152500 -2157144 53312 -246960 0
9 1344420715155000 -2155912 55280 -246848 0
9 1344420715157500 -2157784 55800 -245360 0
9 1344420715160000 -2157296 54312 -247296 0
9 1344420715162500 -2156632 54184 -245992 0
9 1344420715165000 -2156760 54560 -246816 0
9 1344420715167500 -2157032 54312 -247360 0
9 1344420715170000 -2156904 54560 -246336 0
9 1344420715172500 -2157064 54128 -246040 0
9 1344420715175000 -2156632 54408 -246720 0
9 1344420715177500 -2156384 54488 -245224 0
9 1344420715180000 -2156944 55416 -246656 0
9 1344420715182500 -2157232 54584 -245888 0
9 1344420715185000 -2156296 55008 -246192 0
9 1344420715187500 -2157576 54552 -245816 0
9 1344420715190000 -2157224 54152 -246488 0
9 1344420715192500 -2156640 54848 -247440 0
9 1344420715195000 -2157568 52688 -245648 0
9 1344420715197500 -2157824 53800 -247064 0
