9 1344420698700000 -2157408 53320 -246640 0
9 1344420698702500 -2156592 54296 -246160 0
9 1344420698705000 -2157024 54704 -246064 0
9 1344420698707500 -2156272 53232 -246576 0
9 1344420698710000 -2155968 53072 -246728 0
9 1344420698712500 -2157696 53912 -246864 0
9 1344420698715000 -2157080 52736 -245784 0
9 1344420698717500 -2156736 53664 -245640 0
9 1344420698720000 -2155424 53328 -246696 0
9 1344420698722500 -2156432 53176 -246512 0
9 1344420698725000 -2157600 55112 -246136 0
9 1344420698727500 -2156584 53640 -246312 0
9 1344420698730000 -2157176 55112 -246976 0
9 1344420698732500 -2157016 53592 -245872 0
9 1344420698735000 -2157352 53104 -245608 0
9 1344420698737500 -2157416 54328 -247640 0
9 1344420698740000 -2157792 52984 -245640 0
9 1344420698742500 -2158064 54176 -247256 0
9 1344420698745000 -2156672 52560 -247592 0
9 1344420698747500 -2157976 53232 -247648 0
9 1344420698750000 -2156592 52864 -246552 0
9 1344420698752500 -2159680 53656 -248272 0
9 1344420698755000 -2158600 53296 -245992 0
9 1344420698757500 -2157504 52968 -246600 0
9 1344420698760000 -2155872 52776 -246576 0
9 1344420698762500 -2157768 52784 -246112 0
9 1344420698765000 -2155648 52984 -246648 0
9 1344420698767500 -2157528 54096 -246808 0
9 1344420698770000 -2156696 53184 -247880 0
9 1344420698772500 -2158080 54040 -246656 0
9 1344420698775000 -2155552 53768 -247304 0
9 1344420698777500 -2156336 53688 -246960 0
9 1344420698780000 -2156256 52552 -246528 0
9 1344420698782500 -2158352 53720 -246904 0
9 1344420698785000 -2155976 53416 -245112 0
9 1344420698787500 -2157800 54968 -246152 0
9 1344420698790000 -2157808 53560 -246992 0
9 1344420698792500 -2157256 53984 -247592 0
9 1344420698795000 -2155272 54896 -248176 0
9 1344420698797500 -2156936 53840 -246984 0
