9 1344420702600000 -2155288 52928 -245512 0
9 1344420702602500 -2155232 54008 -245872 0
9 1344420702605000 -2157000 54392 -246296 0
9 1344420702607500 -2156776 53840 -246672 0
9 1344420702610000 -2157920 54384 -246744 0
9 1344420702612500 -2157072 53688 -248072 0
9 1344420702615000 -2156624 54024 -248192 0
9 1344420702617500 -2156696 54536 -248112 0
9 1344420702620000 -2157728 54424 -246928 0
9 1344420702622500 -2157456 54144 -246024 0
9 1344420702625000 -2156856 53240 -246536 0
9 1344420702627500 -2155528 54720 -246424 0
9 1344420702630000 -2157096 53192 -247040 0
9 1344420702632500 -2155792 53720 -246272 0
9 1344420702635000 -2156800 54104 -246584 0
9 1344420702637500 -2156848 53232 -246216 0
9 1344420702640000 -2156232 55016 -245392 0
9 1344420702642500 -2156608 54568 -246176 0
9 1344420702645000 -2157376 54288 -246680 0
9 1344420702647500 -2155920 53840 -247152 0
9 1344420702650000 -2155696 54680 -246944 0
9 1344420702652500 -2156016 52712 -246848 0
9 1344420702655000 -2156248 53984 -246416 0
9 1344420702657500 -2157080 53192 -246520 0
9 1344420702660000 -2157000 54968 -246768 0
9 1344420702662500 -2156864 54856 -245104 0
9 1344420702665000 -2157104 54808 -246856 0
9 1344420702667500 -2156752 53616 -247016 0
9 1344420702670000 -2155464 54472 -245272 0
9 1344420702672500 -2156680 54384 -247056 0
9 1344420702675000 -2157192 54800 -247200 0
9 1344420702677500 -2156112 54512 -247048 0
9 1344420702680000 -2157280 55520 -247392 0
9 1344420702682500 -2156264 54136 -247384 0
9 1344420702685000 -2157376 54560 -247008 0
9 1344420702687500 -2155016 53176 -246840 0
9 1344420702690000 -2157304 54688 -247216 0
9 1344420702692500 -2156216 54704 -246480 0
9 1344420702695000 -2156696 54128 -246904 0
9 1344420702697500 -2156560 55048 -247272 0
