9 1344420701400000 -2156512 53592 -246256 0
9 1344420701402500 -2156888 53344 -247512 0
9 1344420701405000 -2155888 53992 -246432 0
9 1344420701407500 -2156928 54488 -247168 0
9 1344420701410000 -2156912 53704 -246336 0
9 1344420701412500 -2156472 54112 -247192 0
9 1344420701415000 -2156440 53128 -245376 0
9 1344420701417500 -2156304 54024 -246472 0
9 1344420701420000 -2155696 54016 -247752 0
9 1344420701422500 -2157720 52784 -246472 0
9 1344420701425000 -2157072 53544 -247024 0
9 1344420701427500 -2158512 53856 -246600 0
9 1344420701430000 -2157176 53544 -248096 0
9 1344420701432500 -2156432 54392 -247000 0
9 1344420701435000 -2156840 53424 -247152 0
9 1344420701437500 -2157720 54656 -246232 0
9 1344420701440000 -2157656 53888 -246440 0
9 1344420701442500 -2156912 53720 -246800 0
9 1344420701445000 -2156632 54168 -246936 0
9 1344420701447500 -2156904 52432 -246880 0
9 1344420701450000 -2157600 53496 -247168 0
9 1344420701452500 -2156072 54016 -246800 0
9 1344420701455000 -2157296 55512 -246664 0
9 1344420701457500 -2157000 53904 -246208 0
9 1344420701460000 -2156848 54616 -246224 0
9 1344420701462500 -2156392 53424 -246272 0
9 1344420701465000 -2156488 53592 -246104 0
9 1344420701467500 -2157376 53432 -247664 0
9 1344420701470000 -2156752 54848 -246912 0
9 1344420701472500 -2155960 53784 -247384 0
9 1344420701475000 -2156576 54424 -246920 0
9 1344420701477500 -2156192 54760 -247080 0
9 1344420701480000 -2155392 54792 -246608 0
9 1344420701482500 -2156952 54592 -246784 0
9 1344420701485000 -2157888 54040 -246736 0
9 1344420701487500 -2157520 54304 -246848 0
9 1344420701490000 -2157384 53584 -248720 0
9 1344420701492500 -2157280 53448 -246584 0
9 1344420701495000 -2157504 54488 -246440 0
9 1344420701497500 -2156152 55576 -246784 0
