9 1344420702900000 -2156968 54296 -247792 0
9 1344420702902500 -2156168 53944 -246464 0
9 1344420702905000 -2157032 53520 -247392 0
9 1344420702907500 -2157128 53744 -247016 0
9 1344420702910000 -2156568 53832 -246144 0
9 1344420702912500 -2156768 53568 -246176 0
9 1344420702915000 -2158136 53952 -246128 0
9 1344420702917500 -2157064 54736 -246560 0
9 1344420702920000 -2157096 55016 -247008 0
9 1344420702922500 -2156984 53768 -245384 0
9 1344420702925000 -2156560 52720 -246712 0
9 1344420702927500 -2157224 54544 -246000 0
9 1344420702930000 -2156832 53840 -247544 0
9 1344420702932500 -2157800 54136 -246344 0
9 1344420702935000 -2157408 54336 -246128 0
9 1344420702937500 -2156624 53048 -245888 0
9 1344420702940000 -2158104 53584 -246824 0
9 1344420702942500 -2155664 53280 -247208 0
9 1344420702945000 -2156400 54896 -245960 0
9 1344420702947500 -2155616 53560 -246400 0
9 1344420702950000 -2156808 55432 -247424 0
9 1344420702952500 -2155048 54008 -246560 0
9 1344420702955000 -2157440 54032 -246416 0
9 1344420702957500 -2156280 53648 -246816 0
9 1344420702960000 -2157736 54160 -247040 0
9 1344420702962500 -2155760 53512 -247344 0
9 1344420702965000 -2155880 54672 -246848 0
9 1344420702967500 -2156424 53304 -246520 0
9 1344420702970000 -2157608 54520 -247328 0
9 1344420702972500 -2156968 53792 -246408 0
9 1344420702975000 -2156480 53360 -246128 0
9 1344420702977500 -2158440 52904 -247656 0
9 1344420702980000 -2157000 52816 -246520 0
9 1344420702982500 -2157264 53888 -247480 0
9 1344420702985000 -2156728 54088 -247160 0
9 1344420702987500 -2156384 52600 -246760 0
9 1344420702990000 -2157144 53264 -245888 0
9 1344420702992500 -2156280 53952 -246496 0
9 1344420702995000 -2157344 53960 -245368 0
9 1344420702997500 -2158096 53024 -247384 0
