9 1344420690000000 -2156376 53720 -247056 0
9 1344420690002500 -2157080 53776 -247392 0
9 1344420690005000 -2156728 54840 -247296 0
9 1344420690007500 -2158136 53912 -246456 0
9 1344420690010000 -2157872 54536 -246776 0
9 1344420690012500 -2157488 54064 -246608 0
9 1344420690015000 -2157016 54952 -246112 0
9 1344420690017500 -2157784 55280 -247208 0
9 1344420690020000 -2158288 54752 -246512 0
9 1344420690022500 -2157232 54088 -246192 0
9 1344420690025000 -2157968 53592 -245744 0
9 1344420690027500 -2156904 54344 -248184 0
9 1344420690030000 -2157304 53464 -246504 0
9 1344420690032500 -2157424 54840 -246696 0
9 1344420690035000 -2156688 53888 -247000 0
9 1344420690037500 -2157064 55096 -246568 0
9 1344420690040000 -2158032 54240 -246992 0
9 1344420690042500 -2157576 55728 -246088 0
9 1344420690045000 -2157288 54696 -246992 0
9 1344420690047500 -2157792 53944 -246688 0
9 1344420690050000 -2156032 56288 -246984 0
9 1344420690052500 -2157624 55440 -247616 0
9 1344420690055000 -2157480 54960 -246024 0
9 1344420690057500 -2156968 55248 -246736 0
9 1344420690060000 -2157056 54576 -246584 0
9 1344420690062500 -2156768 54416 -247136 0
9 1344420690065000 -2156512 53672 -246328 0
9 1344420690067500 -2157400 54960 -247576 0
9 1344420690070000 -2158088 55224 -246696 0
9 1344420690072500 -2158128 55576 -246240 0
9 1344420690075000 -2156808 54008 -246872 0
9 1344420690077500 -2157496 53728 -245576 0
9 1344420690080000 -2157264 53464 -246328 0
9 1344420690082500 -2157872 53904 -247016 0
9 1344420690085000 -2156392 54744 -246576 0
9 1344420690087500 -2158352 54776 -246464 0
9 1344420690090000 -2156536 55456 -246952 0
9 1344420690092500 -2156888 55064 -246216 0
9 1344420690095000 -2158088 53336 -246944 0
9 1344420690097500 -2158432 54736 -245872 0
