9 1344420710400000 -2157704 53128 -246480 0
9 1344420710402500 -2156304 53352 -246528 0
9 1344420710405000 -2157208 53952 -246472 0
9 1344420710407500 -2155928 54144 -246472 0
9 1344420710410000 -2157064 53560 -246128 0
9 1344420710412500 -2157320 53824 -246656 0
9 1344420710415000 -2158224 54152 -247488 0
9 1344420710417500 -2156584 53832 -246528 0
9 1344420710420000 -2157080 54424 -247320 0
9 1344420710422500 -2156920 52576 -247408 0
9 1344420710425000 -2157256 52824 -246600 0
9 1344420710427500 -2156816 54256 -247240 0
9 1344420710430000 -2156272 53848 -247232 0
9 1344420710432500 -2156992 54736 -246760 0
9 1344420710435000 -2156432 53608 -246488 0
9 1344420710437500 -2157888 54592 -246800 0
9 1344420710440000 -2157752 54288 -246992 0
9 1344420710442500 -2157416 53824 -246552 0
9 1344420710445000 -2156640 54064 -246800 0
9 1344420710447500 -2157400 54000 -247608 0
9 1344420710450000 -2157088 53328 -246792 0
9 1344420710452500 -2158192 52656 -246312 0
9 1344420710455000 -2157232 53848 -246320 0
9 1344420710457500 -2157808 54424 -247176 0
9 1344420710460000 -2157320 53328 -247752 0
9 1344420710462500 -2156280 54144 -247544 0
9 1344420710465000 -2156744 54408 -246504 0
9 1344420710467500 -2157216 54224 -246376 0
9 1344420710470000 -2157448 52544 -246728 0
9 1344420710472500 -2158400 52760 -247048 0
9 1344420710475000 -2156112 54584 -246136 0
9 1344420710477500 -2156536 53928 -247704 0
9 1344420710480000 -2157464 54672 -246664 0
9 1344420710482500 -2156720 55744 -246560 0
9 1344420710485000 -2157968 53688 -246984 0
9 1344420710487500 -2156088 53824 -245688 0
9 1344420710490000 -2156800 54024 -247760 0
9 1344420710492500 -2156912 54096 -247720 0
9 1344420710495000 -2157136 54032 -246696 0
9 1344420710497500 -2156744 53776 -246712 0
