9 1344420683300000 -2156136 54336 -247008 0
9 1344420683302500 -2156576 53416 -246000 0
9 1344420683305000 -2157280 52960 -245312 0
9 1344420683307500 -2157240 54376 -245912 0
9 1344420683310000 -2157088 54496 -247048 0
9 1344420683312500 -2156392 53872 -246592 0
9 1344420683315000 -2158136 54008 -246824 0
9 1344420683317500 -2156584 54704 -247304 0
9 1344420683320000 -2156392 54120 -245984 0
9 1344420683322500 -2157824 54088 -246736 0
9 1344420683325000 -2156944 53776 -246672 0
9 1344420683327500 -2158000 54232 -246560 0
9 1344420683330000 -2157704 54200 -246648 0
9 1344420683332500 -2158408 53840 -245664 0
9 1344420683335000 -2157512 54192 -246784 0
9 1344420683337500 -2157288 54768 -245800 0
9 1344420683340000 -2158312 53344 -246696 0
9 1344420683342500 -2158200 53520 -247808 0
9 1344420683345000 -2157528 53664 -248176 0
9 1344420683347500 -2156992 54560 -247056 0
9 1344420683350000 -2158376 54672 -247328 0
9 1344420683352500 -2157328 54392 -246864 0
9 1344420683355000 -2157264 54688 -247032 0
9 1344420683357500 -2157480 54744 -246016 0
9 1344420683360000 -2158904 53496 -246840 0
9 1344420683362500 -2156952 53944 -247112 0
9 1344420683365000 -2156616 53760 -246200 0
9 1344420683367500 -2156984 53536 -245712 0
9 1344420683370000 -2156304 53096 -247096 0
9 1344420683372500 -2157512 53888 -246904 0
9 1344420683375000 -2157536 54936 -245960 0
9 1344420683377500 -2157456 54696 -246632 0
9 1344420683380000 -2156520 53416 -245256 0
9 1344420683382500 -2156384 54592 -247008 0
9 1344420683385000 -2156720 53816 -246840 0
9 1344420683387500 -2156360 53824 -246152 0
9 1344420683390000 -2156048 54080 -246584 0
9 1344420683392500 -2156688 52920 -246384 0
9 1344420683395000 -2157120 53072 -246032 0
9 1344420683397500 -2157344 54400 -246864 0
