9 1344420717200000 -2155808 53128 -246128 0
9 1344420717202500 -2156856 53264 -246784 0
9 1344420717205000 -2156696 54592 -246816 0
9 1344420717207500 -2157016 53344 -246360 0
9 1344420717210000 -2156088 54456 -246696 0
9 1344420717212500 -2156400 54416 -246960 0
9 1344420717215000 -2157544 54344 -246464 0
9 1344420717217500 -2156920 54760 -246224 0
9 1344420717220000 -2157688 54080 -246768 0
9 1344420717222500 -2156568 53680 -246840 0
9 1344420717225000 -2158296 54424 -247016 0
9 1344420717227500 -2156344 53792 -246904 0
9 1344420717230000 -2156832 54240 -246352 0
9 1344420717232500 -2155728 54248 -246528 0
9 1344420717235000 -2157024 54752 -247728 0
9 1344420717237500 -2157320 53352 -245800 0
9 1344420717240000 -2157440 55144 -246568 0
9 1344420717242500 -2156040 54296 -245848 0
9 1344420717245000 -2157032 54040 -246192 0
9 1344420717247500 -2156608 54456 -246392 0
9 1344420717250000 -2156832 54200 -246552 0
9 1344420717252500 -2156520 53432 -247160 0
9 1344420717255000 -2157464 54712 -246168 0
9 1344420717257500 -2157752 54776 -245960 0
9 1344420717260000 -2156560 54368 -245744 0
9 1344420717262500 -2156952 55288 -246224 0
9 1344420717265000 -2155032 54792 -245856 0
9 1344420717267500 -2156456 54912 -247248 0
9 1344420717270000 -2157720 54144 -247032 0
9 1344420717272500 -2156528 55464 -246704 0
9 1344420717275000 -2157424 54664 -245912 0
9 1344420717277500 -2155880 53752 -245944 0
9 1344420717280000 -2156816 54472 -245600 0
9 1344420717282500 -2156592 54672 -245792 0
9 1344420717285000 -2156168 54768 -247248 0
9 1344420717287500 -2156872 54800 -246096 0
9 1344420717290000 -2157320 54624 -246512 0
9 1344420717292500 -2157136 53160 -246952 0
9 1344420717295000 -2155456 54456 -247160 0
9 1344420717297500 -2157544 55096 -245728 0
