9 1344420681900000 -2155960 52360 -246464 0
9 1344420681902500 -2159768 54176 -245608 0
9 1344420681905000 -2153752 54208 -247440 0
9 1344420681907500 -2159168 54536 -246864 0
9 1344420681910000 -2156880 52384 -245760 0
9 1344420681912500 -2157616 55720 -248200 0
9 1344420681915000 -2154704 53104 -246280 0
9 1344420681917500 -2160824 53608 -247032 0
9 1344420681920000 -2155648 52928 -246176 0
9 1344420681922500 -2157152 55168 -247168 0
9 1344420681925000 -2156160 53688 -246600 0
9 1344420681927500 -2157368 55768 -247816 0
9 1344420681930000 -2154384 53976 -247104 0
9 1344420681932500 -2158992 54832 -246088 0
9 1344420681935000 -2157120 53872 -245976 0
9 1344420681937500 -2157176 54568 -247288 0
9 1344420681940000 -2156616 54000 -247896 0
9 1344420681942500 -2157800 54640 -246208 0
9 1344420681945000 -2156648 53816 -246416 0
9 1344420681947500 -2156584 53752 -246968 0
9 1344420681950000 -2158008 54416 -247360 0
9 1344420681952500 -2157608 54600 -247560 0
9 1344420681955000 -2156656 54400 -247832 0
9 1344420681957500 -2157208 53280 -247568 0
9 1344420681960000 -2158440 53792 -247160 0
9 1344420681962500 -2155960 55160 -247208 0
9 1344420681965000 -2156832 54112 -247784 0
9 1344420681967500 -2156424 54752 -247504 0
9 1344420681970000 -2158552 54336 -246864 0
9 1344420681972500 -2158008 53448 -247456 0
9 1344420681975000 -2156464 54040 -247360 0
9 1344420681977500 -2157088 54632 -246696 0
9 1344420681980000 -2157400 53680 -246360 0
9 1344420681982500 -2156736 55312 -246320 0
9 1344420681985000 -2155752 53992 -246544 0
9 1344420681987500 -2157240 53664 -247160 0
9 1344420681990000 -2156848 53720 -246144 0
9 1344420681992500 -2157880 53528 -247312 0
9 1344420681995000 -2155312 53224 -247272 0
9 1344420681997500 -2158320 54352 -245944 0
