9 1344420702100000 -2157984 54040 -245752 0
9 1344420702102500 -2155992 54096 -247240 0
9 1344420702105000 -2157672 54024 -247064 0
9 1344420702107500 -2157664 54480 -245944 0
9 1344420702110000 -2157664 54696 -247536 0
9 1344420702112500 -2156928 54288 -246488 0
9 1344420702115000 -2155896 53256 -247896 0
9 1344420702117500 -2156712 54448 -246944 0
9 1344420702120000 -2157624 55152 -245800 0
9 1344420702122500 -2155720 53056 -246768 0
9 1344420702125000 -2155640 53104 -246240 0
9 1344420702127500 -2157064 54256 -245904 0
9 1344420702130000 -2156264 53760 -247064 0
9 1344420702132500 -2156784 53752 -246696 0
9 1344420702135000 -2158584 53888 -246960 0
9 1344420702137500 -2156216 54392 -246896 0
9 1344420702140000 -2157024 54320 -246136 0
9 1344420702142500 -2156976 52912 -247264 0
9 1344420702145000 -2157048 53536 -245888 0
9 1344420702147500 -2156704 54944 -246760 0
9 1344420702150000 -2156544 53680 -247056 0
9 1344420702152500 -2156456 53648 -247408 0
9 1344420702155000 -2157640 53624 -246896 0
9 1344420702157500 -2156216 53736 -246528 0
9 1344420702160000 -2157472 54816 -247040 0
9 1344420702162500 -2156344 53640 -246944 0
9 1344420702165000 -2155952 54648 -247112 0
9 1344420702167500 -2156688 53264 -246608 0
9 1344420702170000 -2155248 52680 -248360 0
9 1344420702172500 -2157088 53368 -247968 0
9 1344420702175000 -2156312 53560 -245712 0
9 1344420702177500 -2156968 54552 -245680 0
9 1344420702180000 -2157088 52944 -247504 0
9 1344420702182500 -2157800 53064 -246480 0
9 1344420702185000 -2157104 53256 -245832 0
9 1344420702187500 -2156928 54064 -247760 0
9 1344420702190000 -2156952 52672 -247536 0
9 1344420702192500 -2156600 54800 -247280 0
9 1344420702195000 -2156848 53232 -247240 0
9 1344420702197500 -2157824 53176 -247120 0
