9 1344420669000000 -2157560 54352 -246192 0
9 1344420669002500 -2156072 54344 -246136 0
9 1344420669005000 -2157144 53656 -245288 0
9 1344420669007500 -2157088 54424 -245648 0
9 1344420669010000 -2157832 54328 -246296 0
9 1344420669012500 -2156552 53984 -247056 0
9 1344420669015000 -2157928 54784 -245816 0
9 1344420669017500 -2157104 53400 -246104 0
9 1344420669020000 -2157176 53936 -245736 0
9 1344420669022500 -2157960 54720 -246832 0
9 1344420669025000 -2158088 54024 -247304 0
9 1344420669027500 -2157568 55424 -246400 0
9 1344420669030000 -2156616 53928 -246096 0
9 1344420669032500 -2156272 53040 -246928 0
9 1344420669035000 -2156856 56120 -247464 0
9 1344420669037500 -2158008 54960 -245784 0
9 1344420669040000 -2156880 53992 -246464 0
9 1344420669042500 -2156288 53808 -246592 0
9 1344420669045000 -2157032 55296 -245776 0
9 1344420669047500 -2157168 54520 -246952 0
9 1344420669050000 -2157336 54960 -247256 0
9 1344420669052500 -2158240 54664 -247352 0
9 1344420669055000 -2157200 54440 -246056 0
9 1344420669057500 -2157264 53456 -246504 0
9 1344420669060000 -2156896 54952 -246632 0
9 1344420669062500 -2155536 53536 -246728 0
9 1344420669065000 -2156736 54616 -246904 0
9 1344420669067500 -2157224 54448 -247408 0
9 1344420669070000 -2158040 54184 -247848 0
9 1344420669072500 -2157200 54024 -248536 0
9 1344420669075000 -2156792 53312 -248144 0
9 1344420669077500 -2157232 54248 -247408 0
9 1344420669080000 -2156480 53576 -246744 0
9 1344420669082500 -2155856 55128 -247584 0
9 1344420669085000 -2156664 54080 -247096 0
9 1344420669087500 -2157848 53216 -246664 0
9 1344420669090000 -2158768 54192 -247984 0
9 1344420669092500 -2156736 54216 -246664 0
9 1344420669095000 -2156712 52896 -246296 0
9 1344420669097500 -2157480 53616 -247696 0
