9 1344420680400000 -2157416 53064 -246824 0
9 1344420680402500 -2156208 53496 -245880 0
9 1344420680405000 -2155584 53608 -247840 0
9 1344420680407500 -2157112 53608 -247240 0
9 1344420680410000 -2157040 53736 -246440 0
9 1344420680412500 -2156744 52680 -247240 0
9 1344420680415000 -2156904 53064 -246904 0
9 1344420680417500 -2156440 54792 -246200 0
9 1344420680420000 -2156640 53528 -247296 0
9 1344420680422500 -2156968 54192 -247704 0
9 1344420680425000 -2157368 53880 -247616 0
9 1344420680427500 -2156576 51880 -246328 0
9 1344420680430000 -2157664 53656 -247376 0
9 1344420680432500 -2156984 53432 -247744 0
9 1344420680435000 -2157136 53240 -246776 0
9 1344420680437500 -2156656 53464 -246240 0
9 1344420680440000 -2156920 53112 -247784 0
9 1344420680442500 -2156872 52456 -245912 0
9 1344420680445000 -2155800 53456 -246576 0
9 1344420680447500 -2157208 54256 -248072 0
9 1344420680450000 -2156856 53712 -246304 0
9 1344420680452500 -2158024 53000 -246480 0
9 1344420680455000 -2156936 53624 -246592 0
9 1344420680457500 -2157408 53424 -246432 0
9 1344420680460000 -2157416 53328 -246992 0
9 1344420680462500 -2156440 53256 -245880 0
9 1344420680465000 -2156568 53040 -246904 0
9 1344420680467500 -2156664 54208 -247256 0
9 1344420680470000 -2156272 54136 -246432 0
9 1344420680472500 -2157288 53168 -245816 0
9 1344420680475000 -2156440 53016 -246912 0
9 1344420680477500 -2157352 54080 -247184 0
9 1344420680480000 -2156480 53888 -247152 0
9 1344420680482500 -2156368 55200 -247416 0
9 1344420680485000 -2157272 53384 -248040 0
9 1344420680487500 -2158240 53360 -246984 0
9 1344420680490000 -2157064 52800 -247336 0
9 1344420680492500 -2157456 52664 -247024 0
9 1344420680495000 -2157232 54424 -247008 0
9 1344420680497500 -2157072 54576 -246368 0
