9 1344420673300000 -2156232 53520 -247648 0
9 1344420673302500 -2156136 54152 -246896 0
9 1344420673305000 -2156472 53632 -247544 0
9 1344420673307500 -2155368 55424 -247432 0
9 1344420673310000 -2157072 54304 -246408 0
9 1344420673312500 -2157232 53680 -246736 0
9 1344420673315000 -2156520 53392 -246552 0
9 1344420673317500 -2157880 54384 -246688 0
9 1344420673320000 -2156608 54800 -248296 0
9 1344420673322500 -2155992 55128 -246800 0
9 1344420673325000 -2157216 55208 -246760 0
9 1344420673327500 -2157224 53832 -247824 0
9 1344420673330000 -2156376 53976 -245872 0
9 1344420673332500 -2156728 53712 -246848 0
9 1344420673335000 -2157496 53312 -245952 0
9 1344420673337500 -2157080 55256 -246464 0
9 1344420673340000 -2156056 54248 -247952 0
9 1344420673342500 -2157280 54128 -246384 0
9 1344420673345000 -2156136 53632 -245944 0
9 1344420673347500 -2156616 54024 -246880 0
9 1344420673350000 -2157192 55184 -246224 0
9 1344420673352500 -2156320 53344 -247024 0
9 1344420673355000 -2157088 54080 -246696 0
9 1344420673357500 -2157024 53840 -246352 0
9 1344420673360000 -2157552 53824 -246040 0
9 1344420673362500 -2157656 53520 -247384 0
9 1344420673365000 -2157456 54568 -246784 0
9 1344420673367500 -2156736 54000 -247048 0
9 1344420673370000 -2156576 54336 -247696 0
9 1344420673372500 -2156808 53952 -246488 0
9 1344420673375000 -2157600 54488 -247256 0
9 1344420673377500 -2157000 52816 -246520 0
9 1344420673380000 -2157768 54112 -246464 0
9 1344420673382500 -2157976 53776 -246128 0
9 1344420673385000 -2156528 54912 -246056 0
9 1344420673387500 -2155488 54392 -246160 0
9 1344420673390000 -2156648 54568 -249112 0
9 1344420673392500 -2156976 54264 -246552 0
9 1344420673395000 -2156496 54712 -246784 0
9 1344420673397500 -2156536 54888 -246296 0
