9 1344420680000000 -2156944 54320 -246136 0
9 1344420680002500 -2158104 53904 -246704 0
9 1344420680005000 -2157128 53944 -248152 0
9 1344420680007500 -2156728 55416 -245648 0
9 1344420680010000 -2157136 54568 -245880 0
9 1344420680012500 -2156464 53560 -247352 0
9 1344420680015000 -2157536 53856 -246752 0
9 1344420680017500 -2158064 53592 -247760 0
9 1344420680020000 -2156880 54152 -246544 0
9 1344420680022500 -2156752 53432 -247056 0
9 1344420680025000 -2157216 54232 -244736 0
9 1344420680027500 -2156896 54480 -246208 0
9 1344420680030000 -2157080 53800 -245568 0
9 1344420680032500 -2157048 53720 -246240 0
9 1344420680035000 -2157120 53536 -246720 0
9 1344420680037500 -2157288 53824 -246944 0
9 1344420680040000 -2158488 54040 -247552 0
9 1344420680042500 -2157024 53072 -247328 0
9 1344420680045000 -2156072 53816 -246568 0
9 1344420680047500 -2155912 53400 -247272 0
9 1344420680050000 -2158080 54008 -246272 0
9 1344420680052500 -2157608 53728 -245728 0
9 1344420680055000 -2156376 53088 -246920 0
9 1344420680057500 -2157488 53264 -247832 0
9 1344420680060000 -2156656 53592 -248376 0
9 1344420680062500 -2156192 54080 -245768 0
9 1344420680065000 -2157360 53360 -246800 0
9 1344420680067500 -2156424 53112 -246544 0
9 1344420680070000 -2154960 53968 -246840 0
9 1344420680072500 -2157240 54448 -246632 0
9 1344420680075000 -2156120 52832 -246016 0
9 1344420680077500 -2155608 53984 -245960 0
9 1344420680080000 -2156336 53712 -247240 0
9 1344420680082500 -2157496 52568 -246992 0
9 1344420680085000 -2155976 53496 -246504 0
9 1344420680087500 -2156680 53984 -246448 0
9 1344420680090000 -2156568 54096 -246192 0
9 1344420680092500 -2157096 54536 -246136 0
9 1344420680095000 -2156672 54160 -246056 0
9 1344420680097500 -2155992 53840 -246360 0
