9 1344420691700000 -2157120 54304 -247144 0
9 1344420691702500 -2158424 52328 -247072 0
9 1344420691705000 -2157040 53712 -245960 0
9 1344420691707500 -2159680 54768 -247856 0
9 1344420691710000 -2154240 52784 -245952 0
9 1344420691712500 -2159512 53768 -246952 0
9 1344420691715000 -2153600 53128 -244320 0
9 1344420691717500 -2158616 53672 -248384 0
9 1344420691720000 -2155448 55024 -245944 0
9 1344420691722500 -2159808 56256 -246568 0
9 1344420691725000 -2150016 53200 -246392 0
9 1344420691727500 -2161920 51872 -247880 0
9 1344420691730000 -2157896 56096 -244056 0
9 1344420691732500 -2156320 54376 -247072 0
9 1344420691735000 -2150648 52168 -247912 0
9 1344420691737500 -2165528 53112 -247200 0
9 1344420691740000 -2156408 55992 -245280 0
9 1344420691742500 -2154184 52672 -247168 0
9 1344420691745000 -2155832 53240 -246904 0
9 1344420691747500 -2161992 54272 -246368 0
9 1344420691750000 -2152504 55000 -244168 0
9 1344420691752500 -2157512 53840 -248224 0
9 1344420691755000 -2152704 55112 -246312 0
9 1344420691757500 -2160568 55616 -247720 0
9 1344420691760000 -2155712 53832 -244616 0
9 1344420691762500 -2159904 52832 -247776 0
9 1344420691765000 -2153128 53560 -245680 0
9 1344420691767500 -2161352 55264 -247736 0
9 1344420691770000 -2152344 54528 -243568 0
9 1344420691772500 -2155096 52824 -248576 0
9 1344420691775000 -2154808 54384 -246272 0
9 1344420691777500 -2164000 53080 -247928 0
9 1344420691780000 -2154184 55064 -244224 0
9 1344420691782500 -2157120 53048 -247664 0
9 1344420691785000 -2154680 55504 -245752 0
9 1344420691787500 -2159200 53816 -248640 0
9 1344420691790000 -2155472 56264 -244928 0
9 1344420691792500 -2154912 52864 -248784 0
9 1344420691795000 -2155816 54432 -245792 0
9 1344420691797500 -2159096 51784 -248704 0
