9 1344420698800000 -2157088 53688 -246112 0
9 1344420698802500 -2156288 53544 -246416 0
9 1344420698805000 -2157208 54152 -246872 0
9 1344420698807500 -2155560 54696 -246848 0
9 1344420698810000 -2156472 54240 -246600 0
9 1344420698812500 -2156384 52752 -245840 0
9 1344420698815000 -2157864 54536 -246328 0
9 1344420698817500 -2157456 53416 -246112 0
9 1344420698820000 -2158208 53080 -245704 0
9 1344420698822500 -2156008 53896 -246944 0
9 1344420698825000 -2157128 54992 -246904 0
9 1344420698827500 -2156848 53064 -246248 0
9 1344420698830000 -2158424 54504 -246104 0
9 1344420698832500 -2156344 53432 -245824 0
9 1344420698835000 -2157936 54808 -247928 0
9 1344420698837500 -2157984 53832 -246864 0
9 1344420698840000 -2157216 54136 -245616 0
9 1344420698842500 -2156584 54512 -245520 0
9 1344420698845000 -2156040 53808 -246736 0
9 1344420698847500 -2157344 54104 -246320 0
9 1344420698850000 -2157288 55024 -245128 0
9 1344420698852500 -2155416 54752 -247464 0
9 1344420698855000 -2157256 53312 -246928 0
9 1344420698857500 -2156376 54200 -246392 0
9 1344420698860000 -2156384 54904 -247072 0
9 1344420698862500 -2157912 54536 -247048 0
9 1344420698865000 -2157576 54304 -247368 0
9 1344420698867500 -2156576 53456 -246552 0
9 1344420698870000 -2156312 54384 -246440 0
9 1344420698872500 -2156328 53816 -245664 0
9 1344420698875000 -2156168 54592 -245624 0
9 1344420698877500 -2157824 54664 -246968 0
9 1344420698880000 -2156112 53216 -246096 0
9 1344420698882500 -2158584 53656 -246312 0
9 1344420698885000 -2157048 53008 -245832 0
9 1344420698887500 -2157120 53792 -245624 0
9 1344420698890000 -2157248 53624 -247088 0
9 1344420698892500 -2157952 54336 -246888 0
9 1344420698895000 -2157056 53936 -246136 0
9 1344420698897500 -2156392 54904 -247168 0
