9 1344420688100000 -2157512 53408 -246576 0
9 1344420688102500 -2156784 53848 -246304 0
9 1344420688105000 -2157528 54384 -246368 0
9 1344420688107500 -2157904 55528 -247136 0
9 1344420688110000 -2157008 53488 -246424 0
9 1344420688112500 -2155912 53456 -247104 0
9 1344420688115000 -2157272 54016 -246056 0
9 1344420688117500 -2157264 53736 -248168 0
9 1344420688120000 -2156544 54392 -246952 0
9 1344420688122500 -2156808 54128 -246832 0
9 1344420688125000 -2155800 53176 -247384 0
9 1344420688127500 -2157800 54824 -247344 0
9 1344420688130000 -2156248 53768 -247216 0
9 1344420688132500 -2155488 54624 -247208 0
9 1344420688135000 -2155032 53984 -246888 0
9 1344420688137500 -2157352 53272 -247792 0
9 1344420688140000 -2156536 53472 -247592 0
9 1344420688142500 -2157432 54096 -246896 0
9 1344420688145000 -2156792 54288 -246088 0
9 1344420688147500 -2158440 54536 -246592 0
9 1344420688150000 -2157512 54200 -245536 0
9 1344420688152500 -2157992 53672 -246776 0
9 1344420688155000 -2156928 54136 -247408 0
9 1344420688157500 -2156712 54536 -247000 0
9 1344420688160000 -2156584 54000 -246688 0
9 1344420688162500 -2157072 54392 -247344 0
9 1344420688165000 -2156912 54520 -246880 0
9 1344420688167500 -2157856 54288 -247160 0
9 1344420688170000 -2157240 55256 -247496 0
9 1344420688172500 -2158104 53984 -246704 0
9 1344420688175000 -2157648 54448 -246648 0
9 1344420688177500 -2156648 54552 -247160 0
9 1344420688180000 -2156312 54088 -246816 0
9 1344420688182500 -2156784 52992 -246992 0
9 1344420688185000 -2155704 53824 -245640 0
9 1344420688187500 -2156744 54560 -246904 0
9 1344420688190000 -2157032 53864 -247112 0
9 1344420688192500 -2157392 54944 -246464 0
9 1344420688195000 -2157136 54248 -246248 0
9 1344420688197500 -2157808 54136 -246400 0
