9 1344420687700000 -2157560 53576 -246288 0
9 1344420687702500 -2157432 54648 -247240 0
9 1344420687705000 -2157328 53544 -246424 0
9 1344420687707500 -2157240 54040 -247184 0
9 1344420687710000 -2158192 52984 -246344 0
9 1344420687712500 -2156872 54304 -246976 0
9 1344420687715000 -2156992 53440 -246360 0
9 1344420687717500 -2156944 54168 -246440 0
9 1344420687720000 -2156432 53624 -247568 0
9 1344420687722500 -2157592 53952 -246952 0
9 1344420687725000 -2157576 53688 -246672 0
9 1344420687727500 -2156880 54960 -246144 0
9 1344420687730000 -2156136 53888 -245808 0
9 1344420687732500 -2157840 53960 -247856 0
9 1344420687735000 -2157424 54320 -246216 0
9 1344420687737500 -2157280 54256 -246944 0
9 1344420687740000 -2157488 54040 -246744 0
9 1344420687742500 -2157480 54424 -246872 0
9 1344420687745000 -2157888 54136 -245312 0
9 1344420687747500 -2157544 54744 -246248 0
9 1344420687750000 -2158184 53856 -248096 0
9 1344420687752500 -2155888 54968 -245888 0
9 1344420687755000 -2156416 53712 -246456 0
9 1344420687757500 -2157496 54224 -247080 0
9 1344420687760000 -2157288 54624 -246992 0
9 1344420687762500 -2158104 54592 -246848 0
9 1344420687765000 -2157624 54480 -247200 0
9 1344420687767500 -2158192 54064 -246024 0
9 1344420687770000 -2157696 53488 -247992 0
9 1344420687772500 -2157464 54112 -245800 0
9 1344420687775000 -2158512 55344 -246960 0
9 1344420687777500 -2157912 55232 -246080 0
9 1344420687780000 -2156680 54480 -246608 0
9 1344420687782500 -2157872 54696 -246472 0
9 1344420687785000 -2156776 52464 -246312 0
9 1344420687787500 -2156984 54800 -244888 0
9 1344420687790000 -2157608 55776 -246528 0
9 1344420687792500 -2157456 52992 -247192 0
9 1344420687795000 -2156200 54504 -245920 0
9 1344420687797500 -2156312 53864 -246656 0
