9 1344420675300000 -2157752 54536 -245536 0
9 1344420675302500 -2156432 54536 -245864 0
9 1344420675305000 -2157720 55424 -246728 0
9 1344420675307500 -2157504 53456 -246040 0
9 1344420675310000 -2155824 53600 -246960 0
9 1344420675312500 -2156328 54064 -245816 0
9 1344420675315000 -2157088 54664 -247200 0
9 1344420675317500 -2157520 53232 -247784 0
9 1344420675320000 -2156824 55632 -246024 0
9 1344420675322500 -2156744 53728 -246864 0
9 1344420675325000 -2157616 54272 -246560 0
9 1344420675327500 -2156904 55008 -247608 0
9 1344420675330000 -2156128 54592 -245864 0
9 1344420675332500 -2157016 53672 -246272 0
9 1344420675335000 -2156904 54608 -247456 0
9 1344420675337500 -2157288 54368 -247024 0
9 1344420675340000 -2156504 54160 -246168 0
9 1344420675342500 -2155296 54744 -246976 0
9 1344420675345000 -2157232 53464 -246568 0
9 1344420675347500 -2156952 54368 -246616 0
9 1344420675350000 -2156512 53920 -246920 0
9 1344420675352500 -2157288 53360 -246192 0
9 1344420675355000 -2156848 54776 -247024 0
9 1344420675357500 -2156040 55536 -247800 0
9 1344420675360000 -2156376 54320 -247264 0
9 1344420675362500 -2156968 52648 -245416 0
9 1344420675365000 -2156360 53624 -246464 0
9 1344420675367500 -2158264 54448 -248152 0
9 1344420675370000 -2157512 53848 -247424 0
9 1344420675372500 -2155712 53816 -245888 0
9 1344420675375000 -2157224 53968 -246632 0
9 1344420675377500 -2156328 53480 -246536 0
9 1344420675380000 -2156480 53880 -247032 0
9 1344420675382500 -2156024 54552 -246600 0
9 1344420675385000 -2156184 54216 -246608 0
9 1344420675387500 -2156760 54056 -247728 0
9 1344420675390000 -2157616 53752 -246168 0
9 1344420675392500 -2156880 53008 -246312 0
9 1344420675395000 -2157040 53152 -247016 0
9 1344420675397500 -2158376 54160 -246504 0
