9 1344420704500000 -2156976 55672 -246256 0
9 1344420704502500 -2156424 55088 -246104 0
9 1344420704505000 -2157944 54072 -247088 0
9 1344420704507500 -2157296 54608 -246696 0
9 1344420704510000 -2157264 55640 -246984 0
9 1344420704512500 -2157088 54904 -247672 0
9 1344420704515000 -2155616 54616 -246936 0
9 1344420704517500 -2156752 54376 -245352 0
9 1344420704520000 -2156440 53696 -246392 0
9 1344420704522500 -2155928 54424 -246032 0
9 1344420704525000 -2156992 53488 -246192 0
9 1344420704527500 -2157568 55312 -246440 0
9 1344420704530000 -2156712 53688 -247248 0
9 1344420704532500 -2156632 55320 -247392 0
9 1344420704535000 -2156344 54816 -246040 0
9 1344420704537500 -2156920 54400 -247256 0
9 1344420704540000 -2157136 54232 -246896 0
9 1344420704542500 -2156976 55032 -246712 0
9 1344420704545000 -2157392 54928 -246176 0
9 1344420704547500 -2156792 54576 -246128 0
9 1344420704550000 -2157296 54168 -246392 0
9 1344420704552500 -2157008 53392 -247096 0
9 1344420704555000 -2157328 55584 -246560 0
9 1344420704557500 -2156304 55184 -245520 0
9 1344420704560000 -2157336 53616 -246176 0
9 1344420704562500 -2157344 54336 -246592 0
9 1344420704565000 -2156808 54560 -246672 0
9 1344420704567500 -2155584 53528 -247376 0
9 1344420704570000 -2158704 54792 -247024 0
9 1344420704572500 -2156584 54008 -246800 0
9 1344420704575000 -2157064 54248 -246784 0
9 1344420704577500 -2158848 52768 -246160 0
9 1344420704580000 -2157896 53656 -245624 0
9 1344420704582500 -2157016 54192 -245856 0
9 1344420704585000 -2157720 54216 -246992 0
9 1344420704587500 -2156880 54256 -246320 0
9 1344420704590000 -2156328 54288 -246304 0
9 1344420704592500 -2157032 54880 -245968 0
9 1344420704595000 -2157640 53776 -246872 0
9 1344420704597500 -2157176 54520 -246992 0
