9 1344420710200000 -2156568 54592 -247336 0
9 1344420710202500 -2156992 52848 -246048 0
9 1344420710205000 -2157232 54280 -247280 0
9 1344420710207500 -2156784 54656 -245512 0
9 1344420710210000 -2158152 54808 -245616 0
9 1344420710212500 -2156312 54200 -245976 0
9 1344420710215000 -2156304 54512 -247016 0
9 1344420710217500 -2156016 53176 -246280 0
9 1344420710220000 -2158168 55408 -245992 0
9 1344420710222500 -2157072 54208 -247352 0
9 1344420710225000 -2156952 54416 -246056 0
9 1344420710227500 -2156888 54024 -246608 0
9 1344420710230000 -2156016 55528 -245928 0
9 1344420710232500 -2156880 54000 -247264 0
9 1344420710235000 -2155480 53072 -245920 0
9 1344420710237500 -2155800 54768 -247136 0
9 1344420710240000 -2156104 54112 -246448 0
9 1344420710242500 -2157128 55528 -247464 0
9 1344420710245000 -2155944 54056 -246008 0
9 1344420710247500 -2157232 53608 -246632 0
9 1344420710250000 -2157864 53944 -246656 0
9 1344420710252500 -2157136 55632 -246736 0
9 1344420710255000 -2156480 53360 -245976 0
9 1344420710257500 -2157056 54296 -246328 0
9 1344420710260000 -2156400 54192 -246896 0
9 1344420710262500 -2157024 54504 -246056 0
9 1344420710265000 -2156512 53888 -247736 0
9 1344420710267500 -2156120 53064 -246256 0
9 1344420710270000 -2156944 53568 -246472 0
9 1344420710272500 -2157080 54672 -246008 0
9 1344420710275000 -2157840 53952 -247272 0
9 1344420710277500 -2157296 53144 -247880 0
9 1344420710280000 -2155600 55384 -247544 0
9 1344420710282500 -2155136 54560 -248080 0
9 1344420710285000 -2156624 55672 -246000 0
9 1344420710287500 -2156400 54584 -246152 0
9 1344420710290000 -2156872 54264 -246744 0
9 1344420710292500 -2156312 53856 -246608 0
9 1344420710295000 -2156904 54112 -246432 0
9 1344420710297500 -2156024 53584 -246368 0
