9 1344420707100000 -2157064 53648 -246424 0
9 1344420707102500 -2157096 54472 -247184 0
9 1344420707105000 -2157120 55048 -245984 0
9 1344420707107500 -2156464 53832 -246904 0
9 1344420707110000 -2156824 54768 -247120 0
9 1344420707112500 -2156248 53992 -245552 0
9 1344420707115000 -2156920 54152 -246896 0
9 1344420707117500 -2156432 52480 -245528 0
9 1344420707120000 -2157560 54064 -246248 0
9 1344420707122500 -2156704 52952 -246712 0
9 1344420707125000 -2156824 54664 -246968 0
9 1344420707127500 -2156712 53216 -247008 0
9 1344420707130000 -2156384 53744 -247096 0
9 1344420707132500 -2156792 53624 -246720 0
9 1344420707135000 -2156360 55008 -247120 0
9 1344420707137500 -2155968 53760 -247072 0
9 1344420707140000 -2157552 53064 -246168 0
9 1344420707142500 -2156024 54520 -245992 0
9 1344420707145000 -2157248 54160 -246496 0
9 1344420707147500 -2157352 54696 -247232 0
9 1344420707150000 -2155936 53624 -246504 0
9 1344420707152500 -2157720 53416 -247200 0
9 1344420707155000 -2156472 54664 -247224 0
9 1344420707157500 -2157248 54264 -246408 0
9 1344420707160000 -2157392 53560 -247496 0
9 1344420707162500 -2156456 52672 -246616 0
9 1344420707165000 -2157000 53376 -246432 0
9 1344420707167500 -2156480 55200 -246120 0
9 1344420707170000 -2157744 54256 -247016 0
9 1344420707172500 -2155880 54080 -247288 0
9 1344420707175000 -2156704 54464 -245960 0
9 1344420707177500 -2155904 55408 -247072 0
9 1344420707180000 -2156680 54024 -246432 0
9 1344420707182500 -2156296 54680 -246264 0
9 1344420707185000 -2156064 53992 -246144 0
9 1344420707187500 -2156688 53728 -246928 0
9 1344420707190000 -2157912 53504 -246456 0
9 1344420707192500 -2158104 54792 -247608 0
9 1344420707195000 -2156536 54904 -246224 0
9 1344420707197500 -2156400 53536 -246816 0
