9 1344420675100000 -2156224 53792 -247304 0
9 1344420675102500 -2157016 54488 -247968 0
9 1344420675105000 -2157600 55088 -246904 0
9 1344420675107500 -2156624 54744 -246448 0
9 1344420675110000 -2157128 53792 -246744 0
9 1344420675112500 -2157248 54424 -247784 0
9 1344420675115000 -2156000 54856 -246704 0
9 1344420675117500 -2158288 55704 -247240 0
9 1344420675120000 -2156864 53016 -247816 0
9 1344420675122500 -2156752 53992 -246984 0
9 1344420675125000 -2157016 55328 -246528 0
9 1344420675127500 -2155736 54328 -246072 0
9 1344420675130000 -2156896 53824 -246472 0
9 1344420675132500 -2156880 54504 -246200 0
9 1344420675135000 -2157760 53520 -246568 0
9 1344420675137500 -2157016 54344 -246920 0
9 1344420675140000 -2156872 54184 -247920 0
9 1344420675142500 -2156256 53024 -247040 0
9 1344420675145000 -2158360 54360 -247408 0
9 1344420675147500 -2157408 54776 -247632 0
9 1344420675150000 -2156072 54480 -246384 0
9 1344420675152500 -2157744 54744 -246816 0
9 1344420675155000 -2156184 54384 -247064 0
9 1344420675157500 -2156512 53664 -247128 0
9 1344420675160000 -2157104 53888 -248584 0
9 1344420675162500 -2157000 54064 -246376 0
9 1344420675165000 -2157048 53880 -246680 0
9 1344420675167500 -2157056 55120 -246776 0
9 1344420675170000 -2155816 54344 -246224 0
9 1344420675172500 -2156488 54608 -247200 0
9 1344420675175000 -2157504 53416 -246512 0
9 1344420675177500 -2157824 53160 -245472 0
9 1344420675180000 -2155752 52952 -246456 0
9 1344420675182500 -2156768 54496 -247008 0
9 1344420675185000 -2156448 54120 -245840 0
9 1344420675187500 -2156952 53944 -247536 0
9 1344420675190000 -2157064 55024 -244752 0
9 1344420675192500 -2157192 53272 -247184 0
9 1344420675195000 -2157480 52944 -247096 0
9 1344420675197500 -2157200 54248 -247272 0
