9 1344420715800000 -2155264 53064 -246232 0
9 1344420715802500 -2156624 54128 -246336 0
9 1344420715805000 -2156040 54640 -247168 0
9 1344420715807500 -2157704 53952 -248080 0
9 1344420715810000 -2156272 53880 -247384 0
9 1344420715812500 -2157440 53464 -246560 0
9 1344420715815000 -2156608 54408 -246456 0
9 1344420715817500 -2157328 54328 -246008 0
9 1344420715820000 -2155872 53328 -245880 0
9 1344420715822500 -2157952 54968 -246504 0
9 1344420715825000 -2156744 54872 -246312 0
9 1344420715827500 -2157728 53760 -246064 0
9 1344420715830000 -2158280 53304 -245648 0
9 1344420715832500 -2157768 54512 -246392 0
9 1344420715835000 -2156024 51768 -248136 0
9 1344420715837500 -2157736 52904 -245384 0
9 1344420715840000 -2156648 53872 -246600 0
9 1344420715842500 -2156624 53800 -246208 0
9 1344420715845000 -2157600 53384 -247968 0
9 1344420715847500 -2157144 53272 -246472 0
9 1344420715850000 -2157016 53672 -246800 0
9 1344420715852500 -2156656 53384 -246880 0
9 1344420715855000 -2157080 53952 -246168 0
9 1344420715857500 -2156992 53704 -245920 0
9 1344420715860000 -2157368 54280 -246360 0
9 1344420715862500 -2157552 53784 -246200 0
9 1344420715865000 -2157144 54144 -245904 0
9 1344420715867500 -2156720 53256 -246560 0
9 1344420715870000 -2157840 53768 -247488 0
9 1344420715872500 -2156664 53664 -246760 0
9 1344420715875000 -2157688 52968 -246696 0
9 1344420715877500 -2157232 54248 -246880 0
9 1344420715880000 -2156200 53720 -246776 0
9 1344420715882500 -2156752 54224 -247192 0
9 1344420715885000 -2157256 54032 -246680 0
9 1344420715887500 -2156160 54272 -246840 0
9 1344420715890000 -2157192 54232 -247288 0
9 1344420715892500 -2156480 54936 -246504 0
9 1344420715895000 -2156096 53600 -245408 0
9 1344420715897500 -2156752 54616 -246616 0
