9 1344420679300000 -2156224 54000 -246224 0
9 1344420679302500 -2158016 53488 -247664 0
9 1344420679305000 -2156944 54176 -247320 0
9 1344420679307500 -2156760 53960 -246160 0
9 1344420679310000 -2156752 53504 -247696 0
9 1344420679312500 -2157248 53888 -246968 0
9 1344420679315000 -2156608 54560 -247120 0
9 1344420679317500 -2157600 53928 -246864 0
9 1344420679320000 -2157056 53912 -247792 0
9 1344420679322500 -2156128 54440 -246312 0
9 1344420679325000 -2156824 53160 -247360 0
9 1344420679327500 -2156808 53904 -247504 0
9 1344420679330000 -2158496 53576 -246920 0
9 1344420679332500 -2157312 53088 -247288 0
9 1344420679335000 -2157640 54416 -246808 0
9 1344420679337500 -2157488 54552 -247008 0
9 1344420679340000 -2156896 53928 -246480 0
9 1344420679342500 -2157072 53752 -246952 0
9 1344420679345000 -2156328 52616 -247200 0
9 1344420679347500 -2156864 54200 -247184 0
9 1344420679350000 -2157584 53168 -247320 0
9 1344420679352500 -2157472 53688 -246440 0
9 1344420679355000 -2158480 54248 -247136 0
9 1344420679357500 -2156032 53720 -247320 0
9 1344420679360000 -2155960 52712 -247432 0
9 1344420679362500 -2156856 53400 -246608 0
9 1344420679365000 -2157248 55048 -247648 0
9 1344420679367500 -2157064 53712 -246936 0
9 1344420679370000 -2157032 53432 -246312 0
9 1344420679372500 -2156648 54320 -245792 0
9 1344420679375000 -2157400 54792 -245792 0
9 1344420679377500 -2157304 54104 -245984 0
9 1344420679380000 -2156800 54472 -247008 0
9 1344420679382500 -2156792 54616 -246456 0
9 1344420679385000 -2156392 54264 -246552 0
9 1344420679387500 -2156424 53328 -245904 0
9 1344420679390000 -2157888 53432 -247808 0
9 1344420679392500 -2156776 53208 -247432 0
9 1344420679395000 -2157920 54456 -246960 0
9 1344420679397500 -2156144 53288 -246280 0
