9 1344420687100000 -2157936 53600 -246456 0
9 1344420687102500 -2157176 54160 -246000 0
9 1344420687105000 -2157072 53776 -246904 0
9 1344420687107500 -2157920 53368 -247816 0
9 1344420687110000 -2158112 54032 -247144 0
9 1344420687112500 -2157368 54792 -246328 0
9 1344420687115000 -2158272 55368 -246592 0
9 1344420687117500 -2157352 55040 -246688 0
9 1344420687120000 -2156872 54288 -246888 0
9 1344420687122500 -2156168 53232 -246920 0
9 1344420687125000 -2157176 55056 -247448 0
9 1344420687127500 -2155992 54672 -246896 0
9 1344420687130000 -2156576 53368 -246944 0
9 1344420687132500 -2156000 54304 -246800 0
9 1344420687135000 -2157888 55192 -246816 0
9 1344420687137500 -2156464 54464 -246944 0
9 1344420687140000 -2157352 53792 -245704 0
9 1344420687142500 -2157328 53968 -247184 0
9 1344420687145000 -2157368 53128 -246416 0
9 1344420687147500 -2156392 55096 -246752 0
9 1344420687150000 -2156824 53680 -246144 0
9 1344420687152500 -2156984 54824 -246928 0
9 1344420687155000 -2157104 54360 -246032 0
9 1344420687157500 -2155840 53488 -245992 0
9 1344420687160000 -2157256 54568 -246528 0
9 1344420687162500 -2156856 54656 -247384 0
9 1344420687165000 -2157344 53960 -246544 0
9 1344420687167500 -2158568 53832 -246800 0
9 1344420687170000 -2157752 53488 -247512 0
9 1344420687172500 -2156384 54400 -247072 0
9 1344420687175000 -2155984 53280 -247336 0
9 1344420687177500 -2157512 53624 -247064 0
9 1344420687180000 -2155864 54472 -246240 0
9 1344420687182500 -2157088 54784 -246624 0
9 1344420687185000 -2155928 54880 -247200 0
9 1344420687187500 -2157168 53720 -246632 0
9 1344420687190000 -2156464 54336 -246752 0
9 1344420687192500 -2156392 54832 -247200 0
9 1344420687195000 -2157176 54536 -245736 0
9 1344420687197500 -2157176 53912 -246872 0
