9 1344420674000000 -2156720 54728 -247960 0
9 1344420674002500 -2157504 54432 -246176 0
9 1344420674005000 -2154768 54144 -247944 0
9 1344420674007500 -2156680 53992 -247200 0
9 1344420674010000 -2156936 55096 -245328 0
9 1344420674012500 -2157136 53672 -247504 0
9 1344420674015000 -2157680 53288 -247080 0
9 1344420674017500 -2156528 55080 -246504 0
9 1344420674020000 -2156568 55376 -246392 0
9 1344420674022500 -2157312 54200 -246488 0
9 1344420674025000 -2156608 54512 -246648 0
9 1344420674027500 -2157384 54800 -247160 0
9 1344420674030000 -2157368 55168 -245800 0
9 1344420674032500 -2156224 55128 -246712 0
9 1344420674035000 -2156936 53600 -247328 0
9 1344420674037500 -2157040 53624 -246344 0
9 1344420674040000 -2157816 54616 -245784 0
9 1344420674042500 -2157064 53912 -246672 0
9 1344420674045000 -2156704 53536 -246648 0
9 1344420674047500 -2156880 54976 -247048 0
9 1344420674050000 -2157040 54520 -246792 0
9 1344420674052500 -2156688 53992 -246312 0
9 1344420674055000 -2156896 54296 -245880 0
9 1344420674057500 -2156520 55296 -246192 0
9 1344420674060000 -2155720 53776 -247080 0
9 1344420674062500 -2157136 54856 -246888 0
9 1344420674065000 -2156032 54360 -246712 0
9 1344420674067500 -2156728 54336 -247080 0
9 1344420674070000 -2157344 54920 -247752 0
9 1344420674072500 -2157400 53016 -246112 0
9 1344420674075000 -2156328 52784 -245856 0
9 1344420674077500 -2156904 55200 -246224 0
9 1344420674080000 -2157000 56168 -246512 0
9 1344420674082500 -2157384 54520 -247784 0
9 1344420674085000 -2156840 53504 -246160 0
9 1344420674087500 -2157640 54200 -245880 0
9 1344420674090000 -2156512 53728 -246632 0
9 1344420674092500 -2156920 53952 -246232 0
9 1344420674095000 -2157152 54384 -246072 0
9 1344420674097500 -2157760 53528 -245856 0
