9 1344420674300000 -2156584 53840 -247664 0
9 1344420674302500 -2156576 53672 -247048 0
9 1344420674305000 -2156312 54304 -246128 0
9 1344420674307500 -2156800 53896 -246184 0
9 1344420674310000 -2156456 54552 -246104 0
9 1344420674312500 -2157760 54768 -245680 0
9 1344420674315000 -2155312 55120 -246376 0
9 1344420674317500 -2156608 52928 -246456 0
9 1344420674320000 -2156848 53088 -246984 0
9 1344420674322500 -2157344 54432 -247032 0
9 1344420674325000 -2156568 54160 -246760 0
9 1344420674327500 -2156768 53888 -246488 0
9 1344420674330000 -2157264 54696 -247112 0
9 1344420674332500 -2158048 54576 -245176 0
9 1344420674335000 -2156464 54176 -246328 0
9 1344420674337500 -2157512 53320 -246536 0
9 1344420674340000 -2156168 55568 -245664 0
9 1344420674342500 -2157048 54232 -245888 0
9 1344420674345000 -2157928 55016 -246928 0
9 1344420674347500 -2157176 54592 -246296 0
9 1344420674350000 -2157512 55616 -246056 0
9 1344420674352500 -2157104 53456 -246920 0
9 1344420674355000 -2157224 55512 -247160 0
9 1344420674357500 -2157520 54152 -246888 0
9 1344420674360000 -2156528 53680 -246200 0
9 1344420674362500 -2157424 55160 -246936 0
9 1344420674365000 -2158816 53440 -246584 0
9 1344420674367500 -2157272 54048 -246840 0
9 1344420674370000 -2157280 53848 -246520 0
9 1344420674372500 -2157008 54168 -246448 0
9 1344420674375000 -2157888 54096 -246832 0
9 1344420674377500 -2157624 54192 -246680 0
9 1344420674380000 -2156560 55368 -246928 0
9 1344420674382500 -2156744 54368 -247944 0
9 1344420674385000 -2157248 55376 -246616 0
9 1344420674387500 -2156848 53344 -245296 0
9 1344420674390000 -2156168 54120 -247304 0
9 1344420674392500 -2157040 55376 -246856 0
9 1344420674395000 -2157392 54048 -245976 0
9 1344420674397500 -2157008 54368 -246784 0
