9 1344420717800000 -2155856 54144 -246048 0
9 1344420717802500 -2157264 53176 -246472 0
9 1344420717805000 -2154624 55136 -246544 0
9 1344420717807500 -2157336 54920 -246016 0
9 1344420717810000 -2157512 55272 -247128 0
9 1344420717812500 -2157056 54472 -246952 0
9 1344420717815000 -2157512 54112 -246232 0
9 1344420717817500 -2156416 53592 -245608 0
9 1344420717820000 -2157616 55256 -246768 0
9 1344420717822500 -2156472 54360 -246904 0
9 1344420717825000 -2156968 54616 -246672 0
9 1344420717827500 -2158336 54656 -245648 0
9 1344420717830000 -2156600 53448 -247176 0
9 1344420717832500 -2156984 53976 -246096 0
9 1344420717835000 -2156712 54568 -247352 0
9 1344420717837500 -2157256 53704 -246928 0
9 1344420717840000 -2157024 54352 -246880 0
9 1344420717842500 -2156640 53960 -246960 0
9 1344420717845000 -2156256 54056 -247608 0
9 1344420717847500 -2157384 53584 -246600 0
9 1344420717850000 -2157560 54376 -247288 0
9 1344420717852500 -2156872 54192 -247472 0
9 1344420717855000 -2157080 53832 -247424 0
9 1344420717857500 -2156296 54992 -247080 0
9 1344420717860000 -2155680 53048 -247320 0
9 1344420717862500 -2156656 53168 -247552 0
9 1344420717865000 -2155800 52944 -246336 0
9 1344420717867500 -2157472 53376 -246672 0
9 1344420717870000 -2157136 52744 -247552 0
9 1344420717872500 -2157088 54200 -246584 0
9 1344420717875000 -2156792 53392 -246576 0
9 1344420717877500 -2156184 53984 -245768 0
9 1344420717880000 -2156168 54688 -246696 0
9 1344420717882500 -2155656 53920 -246296 0
9 1344420717885000 -2156312 52768 -246360 0
9 1344420717887500 -2156536 52768 -246984 0
9 1344420717890000 -2156744 53984 -247048 0
9 1344420717892500 -2155944 54160 -247000 0
9 1344420717895000 -2155928 54488 -246904 0
9 1344420717897500 -2157168 54512 -247376 0
