9 1344420682600000 -2157304 53336 -247264 0
9 1344420682602500 -2156768 52920 -247016 0
9 1344420682605000 -2157216 53544 -248064 0
9 1344420682607500 -2157264 53592 -247448 0
9 1344420682610000 -2155984 53728 -246616 0
9 1344420682612500 -2156392 52968 -246808 0
9 1344420682615000 -2155392 54520 -246960 0
9 1344420682617500 -2157120 52560 -246456 0
9 1344420682620000 -2157280 54000 -246504 0
9 1344420682622500 -2156392 54272 -245800 0
9 1344420682625000 -2157048 54048 -246400 0
9 1344420682627500 -2157520 54080 -246008 0
9 1344420682630000 -2156848 54152 -246664 0
9 1344420682632500 -2156928 55080 -246920 0
9 1344420682635000 -2157224 53648 -245968 0
9 1344420682637500 -2156592 53368 -245576 0
9 1344420682640000 -2156776 54744 -245936 0
9 1344420682642500 -2158008 53216 -247112 0
9 1344420682645000 -2157224 53616 -246976 0
9 1344420682647500 -2157432 53744 -247152 0
9 1344420682650000 -2156384 54408 -246784 0
9 1344420682652500 -2157328 54792 -246888 0
9 1344420682655000 -2157792 54152 -246168 0
9 1344420682657500 -2157168 54400 -247080 0
9 1344420682660000 -2157968 54472 -247360 0
9 1344420682662500 -2156736 53624 -247176 0
9 1344420682665000 -2156960 52904 -246424 0
9 1344420682667500 -2156848 53504 -246296 0
9 1344420682670000 -2156408 54112 -247128 0
9 1344420682672500 -2157224 54320 -247976 0
9 1344420682675000 -2156280 53728 -247024 0
9 1344420682677500 -2157328 54160 -246872 0
9 1344420682680000 -2159384 53376 -246456 0
9 1344420682682500 -2157936 53072 -247736 0
9 1344420682685000 -2157256 53648 -246832 0
9 1344420682687500 -2156912 53272 -246760 0
9 1344420682690000 -2157768 55208 -246456 0
9 1344420682692500 -2157784 54776 -246968 0
9 1344420682695000 -2157136 53912 -247048 0
9 1344420682697500 -2157016 54144 -246976 0
