9 1344420681200000 -2156512 52848 -247104 0
9 1344420681202500 -2157656 54184 -247336 0
9 1344420681205000 -2156928 53648 -247408 0
9 1344420681207500 -2158512 54456 -244072 0
9 1344420681210000 -2155952 53496 -247120 0
9 1344420681212500 -2157864 54096 -246552 0
9 1344420681215000 -2155968 53144 -245920 0
9 1344420681217500 -2158432 55360 -246880 0
9 1344420681220000 -2157936 54296 -245912 0
9 1344420681222500 -2156408 54200 -247160 0
9 1344420681225000 -2158240 53568 -247216 0
9 1344420681227500 -2157488 52240 -247112 0
9 1344420681230000 -2156752 53024 -247552 0
9 1344420681232500 -2157560 53712 -247376 0
9 1344420681235000 -2157112 53920 -247104 0
9 1344420681237500 -2157496 53672 -246832 0
9 1344420681240000 -2158240 54712 -246072 0
9 1344420681242500 -2158024 55256 -246896 0
9 1344420681245000 -2158320 55208 -246912 0
9 1344420681247500 -2155992 54112 -245424 0
9 1344420681250000 -2158176 54632 -247288 0
9 1344420681252500 -2157496 54144 -245504 0
9 1344420681255000 -2157560 55352 -246416 0
9 1344420681257500 -2156224 53768 -247216 0
9 1344420681260000 -2157744 53816 -246928 0
9 1344420681262500 -2157576 52608 -246528 0
9 1344420681265000 -2156920 55272 -245824 0
9 1344420681267500 -2156696 54312 -246080 0
9 1344420681270000 -2156968 53728 -247048 0
9 1344420681272500 -2156464 54672 -247552 0
9 1344420681275000 -2156568 54416 -246208 0
9 1344420681277500 -2158048 53768 -246056 0
9 1344420681280000 -2157592 53568 -246544 0
9 1344420681282500 -2157040 54472 -246872 0
9 1344420681285000 -2156840 54904 -246816 0
9 1344420681287500 -2156912 52648 -247848 0
9 1344420681290000 -2157432 53504 -245680 0
9 1344420681292500 -2158152 55616 -247992 0
9 1344420681295000 -2155608 53640 -246760 0
9 1344420681297500 -2157776 55056 -246616 0
