9 1344420681700000 -2156576 54096 -247128 0
9 1344420681702500 -2158296 54192 -246896 0
9 1344420681705000 -2156000 54448 -247912 0
9 1344420681707500 -2157768 54624 -246472 0
9 1344420681710000 -2157096 53496 -246744 0
9 1344420681712500 -2158344 54392 -247024 0
9 1344420681715000 -2156616 53240 -246712 0
9 1344420681717500 -2158048 53912 -247520 0
9 1344420681720000 -2157728 54800 -245856 0
9 1344420681722500 -2158048 54816 -245976 0
9 1344420681725000 -2157248 54480 -248400 0
9 1344420681727500 -2157912 53824 -247592 0
9 1344420681730000 -2157688 53400 -246216 0
9 1344420681732500 -2157416 53912 -246200 0
9 1344420681735000 -2156776 54952 -248016 0
9 1344420681737500 -2157304 53760 -246264 0
9 1344420681740000 -2158784 54672 -247680 0
9 1344420681742500 -2155904 54160 -246208 0
9 1344420681745000 -2157616 54960 -248336 0
9 1344420681747500 -2157376 53232 -247008 0
9 1344420681750000 -2158352 54312 -246368 0
9 1344420681752500 -2154128 55072 -246560 0
9 1344420681755000 -2158048 53720 -247160 0
9 1344420681757500 -2155280 53024 -244136 0
9 1344420681760000 -2158984 54112 -248792 0
9 1344420681762500 -2155200 52888 -246056 0
9 1344420681765000 -2157616 54432 -246872 0
9 1344420681767500 -2156376 53312 -246896 0
9 1344420681770000 -2157440 55448 -247568 0
9 1344420681772500 -2154032 53680 -246456 0
9 1344420681775000 -2159088 53792 -246344 0
9 1344420681777500 -2156472 53960 -247808 0
9 1344420681780000 -2157600 53576 -246424 0
9 1344420681782500 -2156880 52944 -247992 0
9 1344420681785000 -2158576 55824 -246488 0
9 1344420681787500 -2156760 53600 -247448 0
9 1344420681790000 -2156424 54144 -245288 0
9 1344420681792500 -2157360 54464 -247424 0
9 1344420681795000 -2158880 54376 -245328 0
9 1344420681797500 -2156520 53568 -246768 0
