9 1344420717600000 -2156936 52880 -246912 0
9 1344420717602500 -2157280 53792 -246064 0
9 1344420717605000 -2156464 54392 -246712 0
9 1344420717607500 -2155680 53776 -246800 0
9 1344420717610000 -2157248 53408 -246136 0
9 1344420717612500 -2156096 54504 -246904 0
9 1344420717615000 -2156856 54528 -246848 0
9 1344420717617500 -2156344 55136 -245752 0
9 1344420717620000 -2156416 54096 -246616 0
9 1344420717622500 -2155792 54072 -246728 0
9 1344420717625000 -2156200 54040 -246664 0
9 1344420717627500 -2157344 54304 -245096 0
9 1344420717630000 -2156296 54584 -246376 0
9 1344420717632500 -2155704 55128 -246952 0
9 1344420717635000 -2156552 54024 -247016 0
9 1344420717637500 -2156384 53880 -245728 0
9 1344420717640000 -2155960 53768 -246176 0
9 1344420717642500 -2154960 53944 -246608 0
9 1344420717645000 -2156200 55216 -246664 0
9 1344420717647500 -2155432 54680 -247176 0
9 1344420717650000 -2156072 54848 -246048 0
9 1344420717652500 -2156920 54312 -246256 0
9 1344420717655000 -2155912 54920 -246720 0
9 1344420717657500 -2155920 54376 -246832 0
9 1344420717660000 -2156160 54576 -246072 0
9 1344420717662500 -2156728 55640 -246696 0
9 1344420717665000 -2156960 54144 -245696 0
9 1344420717667500 -2155656 53768 -245952 0
9 1344420717670000 -2156632 55024 -246944 0
9 1344420717672500 -2156640 52688 -246896 0
9 1344420717675000 -2156976 54104 -247640 0
9 1344420717677500 -2157200 54200 -245904 0
9 1344420717680000 -2157384 53312 -245608 0
9 1344420717682500 -2155560 54408 -245728 0
9 1344420717685000 -2157896 54976 -247184 0
9 1344420717687500 -2157656 54840 -246680 0
9 1344420717690000 -2155528 53432 -247456 0
9 1344420717692500 -2157040 53744 -245696 0
9 1344420717695000 -2157088 54280 -246872 0
9 1344420717697500 -2157144 54552 -245232 0
