9 1344420711500000 -2155936 54072 -245816 0
9 1344420711502500 -2156648 53872 -247528 0
9 1344420711505000 -2157120 54488 -247392 0
9 1344420711507500 -2156536 54184 -246288 0
9 1344420711510000 -2156984 54616 -246136 0
9 1344420711512500 -2156176 54784 -246712 0
9 1344420711515000 -2156808 52688 -246864 0
9 1344420711517500 -2156360 54336 -245544 0
9 1344420711520000 -2157848 53728 -246936 0
9 1344420711522500 -2154968 53712 -247088 0
9 1344420711525000 -2155960 54040 -247888 0
9 1344420711527500 -2156776 53656 -245688 0
9 1344420711530000 -2155520 53128 -247048 0
9 1344420711532500 -2156728 54000 -246256 0
9 1344420711535000 -2154952 54056 -246392 0
9 1344420711537500 -2156192 53224 -247592 0
9 1344420711540000 -2157280 53968 -246368 0
9 1344420711542500 -2155736 54536 -246984 0
9 1344420711545000 -2157424 53880 -245712 0
9 1344420711547500 -2157264 52984 -247696 0
9 1344420711550000 -2156176 54800 -245904 0
9 1344420711552500 -2156856 54280 -246136 0
9 1344420711555000 -2157304 54808 -246048 0
9 1344420711557500 -2156344 53952 -246504 0
9 1344420711560000 -2157248 55280 -246192 0
9 1344420711562500 -2156488 53144 -247440 0
9 1344420711565000 -2156592 54600 -245552 0
9 1344420711567500 -2156208 54208 -246848 0
9 1344420711570000 -2157344 53648 -246136 0
9 1344420711572500 -2157160 55096 -245832 0
9 1344420711575000 -2156472 54072 -246816 0
9 1344420711577500 -2157104 54104 -246736 0
9 1344420711580000 -2156456 54416 -245608 0
9 1344420711582500 -2156344 55032 -246416 0
9 1344420711585000 -2157056 54472 -245880 0
9 1344420711587500 -2156256 53824 -246656 0
9 1344420711590000 -2156088 52952 -248344 0
9 1344420711592500 -2157488 53840 -246672 0
9 1344420711595000 -2156760 54312 -246624 0
9 1344420711597500 -2158376 53712 -246632 0
