9 1344420717100000 -2156136 54144 -246992 0
9 1344420717102500 -2156736 53784 -246480 0
9 1344420717105000 -2155528 54752 -246848 0
9 1344420717107500 -2157120 54792 -246576 0
9 1344420717110000 -2156424 54320 -246072 0
9 1344420717112500 -2157656 54064 -246000 0
9 1344420717115000 -2157864 54616 -246536 0
9 1344420717117500 -2158160 54136 -245696 0
9 1344420717120000 -2157696 53496 -246424 0
9 1344420717122500 -2156520 54096 -246656 0
9 1344420717125000 -2156728 54496 -247504 0
9 1344420717127500 -2156776 54736 -246944 0
9 1344420717130000 -2155808 54512 -246216 0
9 1344420717132500 -2156752 54152 -246544 0
9 1344420717135000 -2157000 55184 -246920 0
9 1344420717137500 -2157456 54112 -247472 0
9 1344420717140000 -2156832 53984 -246040 0
9 1344420717142500 -2157264 54264 -247224 0
9 1344420717145000 -2156208 54592 -247088 0
9 1344420717147500 -2157608 54256 -246264 0
9 1344420717150000 -2156768 53744 -246768 0
9 1344420717152500 -2156872 53584 -247336 0
9 1344420717155000 -2156536 53024 -246768 0
9 1344420717157500 -2157320 53512 -246816 0
9 1344420717160000 -2157192 54272 -245944 0
9 1344420717162500 -2156544 53768 -246768 0
9 1344420717165000 -2156408 52944 -245864 0
9 1344420717167500 -2155624 53400 -246768 0
9 1344420717170000 -2156936 53776 -245840 0
9 1344420717172500 -2156792 54144 -246472 0
9 1344420717175000 -2157360 54576 -245864 0
9 1344420717177500 -2157264 53792 -246224 0
9 1344420717180000 -2156056 54024 -246416 0
9 1344420717182500 -2156192 53472 -246440 0
9 1344420717185000 -2155800 52888 -248144 0
9 1344420717187500 -2157368 54312 -246584 0
9 1344420717190000 -2156968 55160 -247192 0
9 1344420717192500 -2156808 54616 -246008 0
9 1344420717195000 -2156480 55320 -245192 0
9 1344420717197500 -2157464 55336 -246200 0
