9 1344420695100000 -2156672 54208 -246952 0
9 1344420695102500 -2156520 54176 -247400 0
9 1344420695105000 -2157512 53376 -247088 0
9 1344420695107500 -2154880 53872 -246984 0
9 1344420695110000 -2157776 53584 -247448 0
9 1344420695112500 -2156408 54504 -246736 0
9 1344420695115000 -2157968 54536 -246096 0
9 1344420695117500 -2155936 53392 -246504 0
9 1344420695120000 -2158888 53272 -246256 0
9 1344420695122500 -2157592 53448 -245832 0
9 1344420695125000 -2155928 54160 -247160 0
9 1344420695127500 -2156024 55584 -246120 0
9 1344420695130000 -2157848 55288 -247760 0
9 1344420695132500 -2155048 52856 -246936 0
9 1344420695135000 -2160208 55248 -246952 0
9 1344420695137500 -2155224 52824 -246936 0
9 1344420695140000 -2157648 54208 -246000 0
9 1344420695142500 -2156744 53976 -246576 0
9 1344420695145000 -2158432 55336 -247608 0
9 1344420695147500 -2156560 54144 -247152 0
9 1344420695150000 -2156616 53536 -245928 0
9 1344420695152500 -2157648 53584 -247384 0
9 1344420695155000 -2156184 54744 -245672 0
9 1344420695157500 -2157560 54400 -246832 0
9 1344420695160000 -2158000 53008 -247016 0
9 1344420695162500 -2156736 53976 -247560 0
9 1344420695165000 -2156512 54432 -246144 0
9 1344420695167500 -2160136 54248 -246968 0
9 1344420695170000 -2155040 54736 -246960 0
9 1344420695172500 -2156952 54456 -247416 0
9 1344420695175000 -2156952 54048 -246696 0
9 1344420695177500 -2156544 55024 -247112 0
9 1344420695180000 -2154760 54592 -247152 0
9 1344420695182500 -2156168 54192 -248016 0
9 1344420695185000 -2157224 54160 -247192 0
9 1344420695187500 -2156920 55560 -247112 0
9 1344420695190000 -2154824 53352 -246152 0
9 1344420695192500 -2157832 53944 -247512 0
9 1344420695195000 -2155760 54080 -245832 0
9 1344420695197500 -2158448 53856 -247840 0
