9 1344420695000000 -2157672 54376 -246408 0
9 1344420695002500 -2156840 53512 -247056 0
9 1344420695005000 -2157880 53880 -245560 0
9 1344420695007500 -2157056 53776 -248096 0
9 1344420695010000 -2156608 54328 -247416 0
9 1344420695012500 -2157120 54088 -246920 0
9 1344420695015000 -2157616 54168 -246696 0
9 1344420695017500 -2157776 53688 -246952 0
9 1344420695020000 -2156648 53880 -247064 0
9 1344420695022500 -2157176 53976 -246576 0
9 1344420695025000 -2155240 53840 -247048 0
9 1344420695027500 -2157784 54384 -246360 0
9 1344420695030000 -2155680 54008 -246616 0
9 1344420695032500 -2157704 54096 -246608 0
9 1344420695035000 -2156280 54136 -245992 0
9 1344420695037500 -2156592 54416 -244960 0
9 1344420695040000 -2156816 54008 -246224 0
9 1344420695042500 -2156472 54704 -246288 0
9 1344420695045000 -2155728 54320 -247456 0
9 1344420695047500 -2157792 53264 -246440 0
9 1344420695050000 -2156080 52664 -246792 0
9 1344420695052500 -2156600 54744 -246440 0
9 1344420695055000 -2156256 53584 -247424 0
9 1344420695057500 -2157760 52592 -246616 0
9 1344420695060000 -2156432 53496 -246928 0
9 1344420695062500 -2157144 55904 -246976 0
9 1344420695065000 -2157040 54400 -246360 0
9 1344420695067500 -2155880 54136 -247416 0
9 1344420695070000 -2156232 53216 -246112 0
9 1344420695072500 -2157128 54248 -246432 0
9 1344420695075000 -2155152 53784 -245368 0
9 1344420695077500 -2158432 54032 -246472 0
9 1344420695080000 -2156416 54664 -246064 0
9 1344420695082500 -2156872 54624 -246440 0
9 1344420695085000 -2157832 54656 -247368 0
9 1344420695087500 -2156808 53808 -245776 0
9 1344420695090000 -2156280 55248 -246920 0
9 1344420695092500 -2156576 53496 -245560 0
9 1344420695095000 -2158048 54144 -247168 0
9 1344420695097500 -2157616 54144 -246856 0
