9 1344420675400000 -2155416 53760 -246456 0
9 1344420675402500 -2156608 53152 -247672 0
9 1344420675405000 -2156848 54192 -247200 0
9 1344420675407500 -2156112 53496 -247264 0
9 1344420675410000 -2157616 52912 -247232 0
9 1344420675412500 -2156816 53800 -245768 0
9 1344420675415000 -2157208 54424 -247568 0
9 1344420675417500 -2156904 53864 -246272 0
9 1344420675420000 -2157024 54256 -246184 0
9 1344420675422500 -2157320 54312 -246064 0
9 1344420675425000 -2157616 54080 -246264 0
9 1344420675427500 -2156464 52840 -246664 0
9 1344420675430000 -2156168 54112 -246440 0
9 1344420675432500 -2156656 53968 -246472 0
9 1344420675435000 -2157056 53648 -247440 0
9 1344420675437500 -2156720 53256 -246976 0
9 1344420675440000 -2156528 54096 -247720 0
9 1344420675442500 -2156920 54992 -246696 0
9 1344420675445000 -2156208 53800 -246896 0
9 1344420675447500 -2156656 54232 -248056 0
9 1344420675450000 -2157424 55192 -246056 0
9 1344420675452500 -2157176 54240 -246496 0
9 1344420675455000 -2156592 54160 -246424 0
9 1344420675457500 -2156056 53656 -246472 0
9 1344420675460000 -2156608 54752 -247096 0
9 1344420675462500 -2155112 53168 -247088 0
9 1344420675465000 -2155952 55104 -247296 0
9 1344420675467500 -2157408 55048 -246688 0
9 1344420675470000 -2156720 53856 -246568 0
9 1344420675472500 -2156608 53440 -246960 0
9 1344420675475000 -2156936 54056 -247080 0
9 1344420675477500 -2154904 53520 -246488 0
9 1344420675480000 -2156928 54496 -246632 0
9 1344420675482500 -2157208 53968 -247416 0
9 1344420675485000 -2157096 52800 -247688 0
9 1344420675487500 -2157016 54104 -247008 0
9 1344420675490000 -2156320 52984 -247192 0
9 1344420675492500 -2155808 53208 -247464 0
9 1344420675495000 -2156560 53616 -246768 0
9 1344420675497500 -2157008 53408 -246456 0
