9 1344420686700000 -2157040 54048 -247032 0
9 1344420686702500 -2157432 54568 -246528 0
9 1344420686705000 -2156784 53488 -246816 0
9 1344420686707500 -2157192 54656 -246832 0
9 1344420686710000 -2156776 53560 -247344 0
9 1344420686712500 -2156008 53728 -246568 0
9 1344420686715000 -2157656 54040 -247984 0
9 1344420686717500 -2157328 54264 -248208 0
9 1344420686720000 -2155928 52416 -247552 0
9 1344420686722500 -2156840 54136 -246064 0
9 1344420686725000 -2155864 53936 -247792 0
9 1344420686727500 -2156496 54664 -246616 0
9 1344420686730000 -2157240 53960 -246568 0
9 1344420686732500 -2156248 52368 -246800 0
9 1344420686735000 -2156456 53960 -246448 0
9 1344420686737500 -2156664 53432 -246880 0
9 1344420686740000 -2157784 53896 -246144 0
9 1344420686742500 -2156792 52648 -246192 0
9 1344420686745000 -2157992 53768 -245848 0
9 1344420686747500 -2157808 54128 -246768 0
9 1344420686750000 -2156472 54560 -247120 0
9 1344420686752500 -2156688 54032 -248392 0
9 1344420686755000 -2157472 54008 -247096 0
9 1344420686757500 -2157128 53440 -247032 0
9 1344420686760000 -2156904 54432 -246048 0
9 1344420686762500 -2158232 53976 -245824 0
9 1344420686765000 -2156376 54000 -247448 0
9 1344420686767500 -2156016 54016 -246920 0
9 1344420686770000 -2157304 52816 -247064 0
9 1344420686772500 -2157544 54296 -246384 0
9 1344420686775000 -2155480 54408 -247136 0
9 1344420686777500 -2157088 53880 -246872 0
9 1344420686780000 -2156584 53536 -246920 0
9 1344420686782500 -2157368 52968 -246704 0
9 1344420686785000 -2156528 52944 -245792 0
9 1344420686787500 -2158264 53264 -246664 0
9 1344420686790000 -2157744 53136 -248600 0
9 1344420686792500 -2157600 54584 -245616 0
9 1344420686795000 -2157816 53344 -246544 0
9 1344420686797500 -2157864 53696 -246104 0
