9 1344420714000000 -2156936 54864 -246312 0
9 1344420714002500 -2157384 54928 -247880 0
9 1344420714005000 -2156008 53320 -247752 0
9 1344420714007500 -2157880 54104 -246088 0
9 1344420714010000 -2157360 53976 -247544 0
9 1344420714012500 -2156080 54512 -246736 0
9 1344420714015000 -2155928 54216 -246112 0
9 1344420714017500 -2157432 54320 -245824 0
9 1344420714020000 -2157432 54408 -245864 0
9 1344420714022500 -2156592 54512 -245032 0
9 1344420714025000 -2157184 54352 -246728 0
9 1344420714027500 -2156312 53768 -246808 0
9 1344420714030000 -2157008 53992 -246576 0
9 1344420714032500 -2156904 54832 -246768 0
9 1344420714035000 -2157104 53944 -246648 0
9 1344420714037500 -2156928 54712 -245824 0
9 1344420714040000 -2157024 54480 -245456 0
9 1344420714042500 -2157392 53280 -247608 0
9 1344420714045000 -2158288 53856 -247440 0
9 1344420714047500 -2157368 53472 -246120 0
9 1344420714050000 -2155992 55256 -246848 0
9 1344420714052500 -2157192 54976 -247664 0
9 1344420714055000 -2156880 54968 -247984 0
9 1344420714057500 -2157296 54208 -246840 0
9 1344420714060000 -2156136 54224 -246136 0
9 1344420714062500 -2156280 53304 -246408 0
9 1344420714065000 -2157096 53256 -247024 0
9 1344420714067500 -2156408 54008 -247336 0
9 1344420714070000 -2156968 55024 -246272 0
9 1344420714072500 -2157408 53952 -246624 0
9 1344420714075000 -2156344 53368 -246016 0
9 1344420714077500 -2157320 54264 -247136 0
9 1344420714080000 -2156112 54376 -246136 0
9 1344420714082500 -2156624 54000 -245952 0
9 1344420714085000 -2156472 54456 -245808 0
9 1344420714087500 -2156936 54016 -246480 0
9 1344420714090000 -2157128 54560 -245672 0
9 1344420714092500 -2155992 54696 -245784 0
9 1344420714095000 -2157280 52984 -246648 0
9 1344420714097500 -2157696 53800 -246904 0
