9 1344420693500000 -2156872 53888 -248144 0
9 1344420693502500 -2157992 53832 -246104 0
9 1344420693505000 -2157960 54504 -246464 0
9 1344420693507500 -2156216 55040 -247016 0
9 1344420693510000 -2158816 54120 -246456 0
9 1344420693512500 -2156440 54040 -245704 0
9 1344420693515000 -2158312 55600 -248024 0
9 1344420693517500 -2156520 53096 -247264 0
9 1344420693520000 -2159600 53392 -246624 0
9 1344420693522500 -2156240 53688 -246480 0
9 1344420693525000 -2158992 54376 -246504 0
9 1344420693527500 -2153832 53056 -246688 0
9 1344420693530000 -2157176 53552 -246568 0
9 1344420693532500 -2153208 53232 -245528 0
9 1344420693535000 -2156816 55256 -247032 0
9 1344420693537500 -2155304 54488 -246952 0
9 1344420693540000 -2158920 55912 -247072 0
9 1344420693542500 -2156240 53312 -247504 0
9 1344420693545000 -2158576 53968 -248184 0
9 1344420693547500 -2155552 52616 -247784 0
9 1344420693550000 -2157784 54456 -247088 0
9 1344420693552500 -2156272 54112 -246520 0
9 1344420693555000 -2157992 55160 -246784 0
9 1344420693557500 -2155512 53312 -247128 0
9 1344420693560000 -2157664 54424 -245304 0
9 1344420693562500 -2156336 53928 -247536 0
9 1344420693565000 -2157280 55480 -246288 0
9 1344420693567500 -2156456 53560 -247176 0
9 1344420693570000 -2158384 54544 -246968 0
9 1344420693572500 -2156528 53864 -246744 0
9 1344420693575000 -2156928 54528 -245952 0
9 1344420693577500 -2158456 54568 -246896 0
9 1344420693580000 -2158176 54296 -246640 0
9 1344420693582500 -2158088 54224 -247248 0
9 1344420693585000 -2157240 53608 -247912 0
9 1344420693587500 -2157800 54128 -246520 0
9 1344420693590000 -2156416 53992 -246984 0
9 1344420693592500 -2158264 53816 -247856 0
9 1344420693595000 -2157736 54568 -245808 0
9 1344420693597500 -2158832 54472 -246712 0
