9 1344420688500000 -2156944 53616 -246280 0
9 1344420688502500 -2157632 54224 -245824 0
9 1344420688505000 -2157656 54056 -247832 0
9 1344420688507500 -2157824 53760 -246624 0
9 1344420688510000 -2158272 55248 -246448 0
9 1344420688512500 -2157112 54464 -247704 0
9 1344420688515000 -2156336 53880 -247336 0
9 1344420688517500 -2157360 53352 -246112 0
9 1344420688520000 -2156936 54152 -247344 0
9 1344420688522500 -2156872 53512 -246848 0
9 1344420688525000 -2157736 54720 -247080 0
9 1344420688527500 -2157840 54248 -246576 0
9 1344420688530000 -2157848 53536 -247432 0
9 1344420688532500 -2157192 54040 -247680 0
9 1344420688535000 -2156992 55384 -246592 0
9 1344420688537500 -2157696 54240 -246832 0
9 1344420688540000 -2157384 54832 -246336 0
9 1344420688542500 -2156192 55056 -247136 0
9 1344420688545000 -2157328 53360 -246952 0
9 1344420688547500 -2156688 54400 -246688 0
9 1344420688550000 -2156120 54120 -246632 0
9 1344420688552500 -2155296 54632 -245848 0
9 1344420688555000 -2156848 53912 -246832 0
9 1344420688557500 -2157024 55416 -245784 0
9 1344420688560000 -2157672 55272 -245672 0
9 1344420688562500 -2156568 54608 -246144 0
9 1344420688565000 -2155592 54616 -246096 0
9 1344420688567500 -2156968 54144 -247088 0
9 1344420688570000 -2156112 53392 -246592 0
9 1344420688572500 -2157080 53600 -247280 0
9 1344420688575000 -2157232 53000 -246264 0
9 1344420688577500 -2157440 54264 -247864 0
9 1344420688580000 -2157592 54320 -246800 0
9 1344420688582500 -2157368 54296 -246080 0
9 1344420688585000 -2156480 53136 -246152 0
9 1344420688587500 -2157176 54912 -245176 0
9 1344420688590000 -2158112 53976 -245384 0
9 1344420688592500 -2157192 54360 -246344 0
9 1344420688595000 -2157696 54104 -246560 0
9 1344420688597500 -2157744 53592 -246288 0
