9 1344420692100000 -2148928 65624 -229784 0
9 1344420692102500 -2173136 42792 -263800 0
9 1344420692105000 -2137800 64712 -236176 0
9 1344420692107500 -2184216 42512 -256808 0
9 1344420692110000 -2142392 56864 -231328 0
9 1344420692112500 -2170808 54280 -260944 0
9 1344420692115000 -2125656 58360 -237520 0
9 1344420692117500 -2188440 51704 -252760 0
9 1344420692120000 -2134864 60384 -237832 0
9 1344420692122500 -2156800 45352 -258152 0
9 1344420692125000 -2159512 69352 -239584 0
9 1344420692127500 -2152968 37040 -251328 0
9 1344420692130000 -2169904 74152 -243016 0
9 1344420692132500 -2136864 34008 -251496 0
9 1344420692135000 -2180448 77272 -239000 0
9 1344420692137500 -2126424 31272 -255328 0
9 1344420692140000 -2182032 78360 -242976 0
9 1344420692142500 -2125536 32256 -248736 0
9 1344420692145000 -2186120 69768 -245064 0
9 1344420692147500 -2131712 38000 -252968 0
9 1344420692150000 -2180944 66056 -240544 0
9 1344420692152500 -2136216 38416 -251176 0
9 1344420692155000 -2173112 68704 -241480 0
9 1344420692157500 -2142072 39864 -251456 0
9 1344420692160000 -2178872 70592 -241784 0
9 1344420692162500 -2126344 41776 -250104 0
9 1344420692165000 -2180312 64152 -241008 0
9 1344420692167500 -2134912 40480 -250304 0
9 1344420692170000 -2177680 68896 -245376 0
9 1344420692172500 -2128544 41584 -252216 0
9 1344420692175000 -2190952 66128 -240120 0
9 1344420692177500 -2129944 35896 -251944 0
9 1344420692180000 -2189696 73648 -241792 0
9 1344420692182500 -2122648 35848 -252552 0
9 1344420692185000 -2201904 75160 -244800 0
9 1344420692187500 -2113120 33616 -249728 0
9 1344420692190000 -2196256 70520 -241840 0
9 1344420692192500 -2116624 34912 -253464 0
9 1344420692195000 -2200016 77400 -240864 0
9 1344420692197500 -2110880 31976 -246960 0
