9 1344420679700000 -2156864 54672 -246648 0
9 1344420679702500 -2156944 54800 -247368 0
9 1344420679705000 -2156816 53592 -246384 0
9 1344420679707500 -2157040 53264 -245944 0
9 1344420679710000 -2156960 52744 -246456 0
9 1344420679712500 -2156992 53320 -246056 0
9 1344420679715000 -2156064 54008 -247504 0
9 1344420679717500 -2156720 52952 -247344 0
9 1344420679720000 -2156320 54120 -247104 0
9 1344420679722500 -2157424 53664 -247504 0
9 1344420679725000 -2155800 53088 -246896 0
9 1344420679727500 -2157280 53800 -247336 0
9 1344420679730000 -2158240 53768 -247784 0
9 1344420679732500 -2155624 54760 -246688 0
9 1344420679735000 -2157488 53616 -247040 0
9 1344420679737500 -2156800 53736 -246528 0
9 1344420679740000 -2157512 53576 -247200 0
9 1344420679742500 -2157224 53744 -246960 0
9 1344420679745000 -2157112 52592 -246872 0
9 1344420679747500 -2157064 54856 -246560 0
9 1344420679750000 -2157456 54296 -247976 0
9 1344420679752500 -2157080 53720 -246888 0
9 1344420679755000 -2157168 53816 -247120 0
9 1344420679757500 -2156128 53624 -246280 0
9 1344420679760000 -2157272 53584 -246584 0
9 1344420679762500 -2156520 53976 -244976 0
9 1344420679765000 -2157496 55000 -246368 0
9 1344420679767500 -2157232 54240 -246784 0
9 1344420679770000 -2158488 53496 -247440 0
9 1344420679772500 -2156776 53368 -247200 0
9 1344420679775000 -2156464 53016 -247232 0
9 1344420679777500 -2157384 52848 -246872 0
9 1344420679780000 -2157976 55040 -246296 0
9 1344420679782500 -2156792 53088 -247112 0
9 1344420679785000 -2156656 54416 -247896 0
9 1344420679787500 -2157600 54320 -247392 0
9 1344420679790000 -2157528 55176 -246952 0
9 1344420679792500 -2156224 54416 -245952 0
9 1344420679795000 -2157096 54080 -247032 0
9 1344420679797500 -2157032 54280 -246960 0
