9 1344420689900000 -2157040 54368 -247760 0
9 1344420689902500 -2156704 53696 -245976 0
9 1344420689905000 -2158000 54144 -246224 0
9 1344420689907500 -2157904 54032 -246712 0
9 1344420689910000 -2158776 54528 -245864 0
9 1344420689912500 -2156856 54928 -246616 0
9 1344420689915000 -2157072 53488 -247048 0
9 1344420689917500 -2157848 55576 -245832 0
9 1344420689920000 -2157880 53968 -247216 0
9 1344420689922500 -2157744 55112 -247256 0
9 1344420689925000 -2157952 54360 -248104 0
9 1344420689927500 -2155720 55696 -246960 0
9 1344420689930000 -2156344 55816 -246936 0
9 1344420689932500 -2156928 53808 -247384 0
9 1344420689935000 -2157472 54408 -247656 0
9 1344420689937500 -2156960 54192 -247120 0
9 1344420689940000 -2156984 54104 -246848 0
9 1344420689942500 -2157304 55368 -248080 0
9 1344420689945000 -2156376 54968 -246560 0
9 1344420689947500 -2157952 54472 -246368 0
9 1344420689950000 -2156912 53888 -247048 0
9 1344420689952500 -2155968 54120 -246792 0
9 1344420689955000 -2157192 53688 -247128 0
9 1344420689957500 -2157304 54320 -245808 0
9 1344420689960000 -2158600 54200 -246224 0
9 1344420689962500 -2157448 52504 -247000 0
9 1344420689965000 -2157656 53552 -246472 0
9 1344420689967500 -2156960 53880 -246568 0
9 1344420689970000 -2157744 54944 -246880 0
9 1344420689972500 -2156416 54480 -247232 0
9 1344420689975000 -2155896 54576 -246992 0
9 1344420689977500 -2156760 55024 -246272 0
9 1344420689980000 -2157776 54272 -246104 0
9 1344420689982500 -2158512 53920 -247160 0
9 1344420689985000 -2157768 54504 -246792 0
9 1344420689987500 -2158336 54784 -246392 0
9 1344420689990000 -2156416 54632 -246536 0
9 1344420689992500 -2155384 54648 -247000 0
9 1344420689995000 -2157024 54120 -246648 0
9 1344420689997500 -2157440 53544 -246152 0
