9 1344420685700000 -2155816 52952 -247504 0
9 1344420685702500 -2156728 53992 -248096 0
9 1344420685705000 -2156888 54400 -246616 0
9 1344420685707500 -2156520 53984 -247064 0
9 1344420685710000 -2158104 54304 -246648 0
9 1344420685712500 -2156720 54976 -246088 0
9 1344420685715000 -2156848 53016 -247520 0
9 1344420685717500 -2157464 53904 -247048 0
9 1344420685720000 -2158536 54168 -247032 0
9 1344420685722500 -2157584 53360 -245168 0
9 1344420685725000 -2156256 52952 -245208 0
9 1344420685727500 -2157480 54048 -245072 0
9 1344420685730000 -2156968 53360 -247024 0
9 1344420685732500 -2156360 53872 -247856 0
9 1344420685735000 -2156640 53616 -247064 0
9 1344420685737500 -2157552 54048 -247616 0
9 1344420685740000 -2158392 53560 -246216 0
9 1344420685742500 -2159392 53944 -247560 0
9 1344420685745000 -2157176 53376 -246800 0
9 1344420685747500 -2156416 54176 -245688 0
9 1344420685750000 -2157064 53152 -246848 0
9 1344420685752500 -2157424 54224 -246880 0
9 1344420685755000 -2156984 54592 -246792 0
9 1344420685757500 -2156360 52432 -247472 0
9 1344420685760000 -2157800 53488 -246072 0
9 1344420685762500 -2157864 53760 -247848 0
9 1344420685765000 -2157568 53816 -247232 0
9 1344420685767500 -2158024 53448 -247440 0
9 1344420685770000 -2157272 53792 -246488 0
9 1344420685772500 -2156920 52768 -247136 0
9 1344420685775000 -2157248 54832 -246472 0
9 1344420685777500 -2157104 54048 -246384 0
9 1344420685780000 -2157024 54536 -247224 0
9 1344420685782500 -2156976 53592 -245808 0
9 1344420685785000 -2157336 54088 -246800 0
9 1344420685787500 -2157016 53976 -246608 0
9 1344420685790000 -2157200 54392 -247224 0
9 1344420685792500 -2158472 53424 -246280 0
9 1344420685795000 -2156000 54472 -246944 0
9 1344420685797500 -2156592 54456 -246512 0
