9 1344420685200000 -2158192 54008 -247040 0
9 1344420685202500 -2158264 53120 -246920 0
9 1344420685205000 -2157072 54688 -248784 0
9 1344420685207500 -2156912 54656 -247008 0
9 1344420685210000 -2156520 53952 -247152 0
9 1344420685212500 -2156576 54192 -247624 0
9 1344420685215000 -2156888 54112 -246040 0
9 1344420685217500 -2157640 54168 -246104 0
9 1344420685220000 -2156656 53776 -246288 0
9 1344420685222500 -2157384 53736 -246288 0
9 1344420685225000 -2157640 53536 -247720 0
9 1344420685227500 -2157728 54128 -247408 0
9 1344420685230000 -2158688 54488 -246536 0
9 1344420685232500 -2157944 54144 -247672 0
9 1344420685235000 -2157648 53528 -247392 0
9 1344420685237500 -2157720 53584 -247344 0
9 1344420685240000 -2157960 54104 -246336 0
9 1344420685242500 -2156744 54728 -246120 0
9 1344420685245000 -2157520 53672 -246320 0
9 1344420685247500 -2157280 54768 -247848 0
9 1344420685250000 -2158352 54464 -246104 0
9 1344420685252500 -2157184 53328 -246936 0
9 1344420685255000 -2157152 54008 -247712 0
9 1344420685257500 -2157344 54880 -248112 0
9 1344420685260000 -2156216 54000 -247360 0
9 1344420685262500 -2157200 54432 -245416 0
9 1344420685265000 -2157048 54488 -245984 0
9 1344420685267500 -2156488 52496 -245872 0
9 1344420685270000 -2156952 52824 -247024 0
9 1344420685272500 -2155992 53408 -247352 0
9 1344420685275000 -2156504 53152 -246272 0
9 1344420685277500 -2156648 53592 -247016 0
9 1344420685280000 -2157736 52160 -246688 0
9 1344420685282500 -2156864 54112 -247136 0
9 1344420685285000 -2156704 54328 -246592 0
9 1344420685287500 -2156184 54256 -247512 0
9 1344420685290000 -2157536 54640 -247216 0
9 1344420685292500 -2156768 54128 -247248 0
9 1344420685295000 -2156952 53696 -244616 0
9 1344420685297500 -2156728 54912 -246864 0
