9 1344420670300000 -2157312 54528 -245768 0
9 1344420670302500 -2156960 53568 -246120 0
9 1344420670305000 -2157384 54304 -247088 0
9 1344420670307500 -2156888 53912 -246880 0
9 1344420670310000 -2157984 53312 -246752 0
9 1344420670312500 -2156912 54704 -246600 0
9 1344420670315000 -2155928 54024 -246224 0
9 1344420670317500 -2156408 53808 -246680 0
9 1344420670320000 -2156096 54968 -246952 0
9 1344420670322500 -2156384 54120 -247056 0
9 1344420670325000 -2157264 56552 -245992 0
9 1344420670327500 -2157368 54408 -246568 0
9 1344420670330000 -2156184 54888 -246160 0
9 1344420670332500 -2156592 53984 -247384 0
9 1344420670335000 -2157464 54864 -245976 0
9 1344420670337500 -2156992 54376 -246592 0
9 1344420670340000 -2155832 54960 -245904 0
9 1344420670342500 -2157280 54600 -247176 0
9 1344420670345000 -2156216 53696 -247872 0
9 1344420670347500 -2157264 54296 -247392 0
9 1344420670350000 -2156744 54272 -246792 0
9 1344420670352500 -2158224 53888 -247976 0
9 1344420670355000 -2156992 53208 -247200 0
9 1344420670357500 -2156104 53600 -246448 0
9 1344420670360000 -2156112 53480 -246400 0
9 1344420670362500 -2156816 55168 -246016 0
9 1344420670365000 -2156648 54560 -246944 0
9 1344420670367500 -2156784 54680 -246392 0
9 1344420670370000 -2157000 53792 -247224 0
9 1344420670372500 -2156864 54728 -245792 0
9 1344420670375000 -2155776 53632 -246224 0
9 1344420670377500 -2157192 53624 -246272 0
9 1344420670380000 -2155760 54672 -247472 0
9 1344420670382500 -2157928 54448 -246640 0
9 1344420670385000 -2156792 54808 -246552 0
9 1344420670387500 -2156616 54288 -247632 0
9 1344420670390000 -2157560 54400 -246776 0
9 1344420670392500 -2156912 54128 -245520 0
9 1344420670395000 -2157376 55936 -246112 0
9 1344420670397500 -2157400 54168 -246832 0
