9 1344420705300000 -2156904 54224 -246024 0
9 1344420705302500 -2156784 55632 -246312 0
9 1344420705305000 -2156912 54544 -246040 0
9 1344420705307500 -2156688 54200 -245904 0
9 1344420705310000 -2158760 53968 -246128 0
9 1344420705312500 -2156552 55848 -245704 0
9 1344420705315000 -2156640 54480 -245744 0
9 1344420705317500 -2157472 54992 -245584 0
9 1344420705320000 -2156816 56136 -246616 0
9 1344420705322500 -2156320 54560 -246416 0
9 1344420705325000 -2157880 55608 -246472 0
9 1344420705327500 -2156832 54696 -247136 0
9 1344420705330000 -2156152 55280 -247056 0
9 1344420705332500 -2157328 55920 -245976 0
9 1344420705335000 -2157448 54736 -247632 0
9 1344420705337500 -2156032 53560 -246792 0
9 1344420705340000 -2157656 54112 -246088 0
9 1344420705342500 -2156256 55080 -246528 0
9 1344420705345000 -2156584 54344 -246656 0
9 1344420705347500 -2156304 53424 -247128 0
9 1344420705350000 -2157240 54888 -246728 0
9 1344420705352500 -2157352 54384 -245664 0
9 1344420705355000 -2157344 54744 -246136 0
9 1344420705357500 -2155976 54472 -246856 0
9 1344420705360000 -2157400 53824 -247240 0
9 1344420705362500 -2156456 53176 -246464 0
9 1344420705365000 -2155840 54736 -246280 0
9 1344420705367500 -2156128 55008 -248008 0
9 1344420705370000 -2157528 54888 -246024 0
9 1344420705372500 -2156264 54808 -246520 0
9 1344420705375000 -2155480 53896 -246096 0
9 1344420705377500 -2157408 54512 -246280 0
9 1344420705380000 -2156320 54704 -246728 0
9 1344420705382500 -2156112 55288 -246352 0
9 1344420705385000 -2155880 55192 -246384 0
9 1344420705387500 -2156000 55056 -245384 0
9 1344420705390000 -2156592 54272 -247568 0
9 1344420705392500 -2157208 54136 -246672 0
9 1344420705395000 -2156936 54712 -245760 0
9 1344420705397500 -2156056 53688 -246888 0
