9 1344420682500000 -2157824 53752 -247184 0
9 1344420682502500 -2156992 53320 -247920 0
9 1344420682505000 -2158368 54416 -247920 0
9 1344420682507500 -2157120 54544 -246992 0
9 1344420682510000 -2156104 53856 -247552 0
9 1344420682512500 -2157328 53928 -246440 0
9 1344420682515000 -2158304 53368 -246408 0
9 1344420682517500 -2157152 55768 -246704 0
9 1344420682520000 -2156064 53136 -247376 0
9 1344420682522500 -2157056 52616 -245872 0
9 1344420682525000 -2156784 53200 -245656 0
9 1344420682527500 -2157056 54856 -245968 0
9 1344420682530000 -2156400 53952 -246448 0
9 1344420682532500 -2157616 53640 -246032 0
9 1344420682535000 -2157728 53976 -246488 0
9 1344420682537500 -2156176 54984 -245648 0
9 1344420682540000 -2157552 53168 -246032 0
9 1344420682542500 -2156896 54792 -245424 0
9 1344420682545000 -2156992 54568 -246272 0
9 1344420682547500 -2156240 54384 -247416 0
9 1344420682550000 -2158272 53096 -246360 0
9 1344420682552500 -2157392 54168 -246088 0
9 1344420682555000 -2156672 54144 -245792 0
9 1344420682557500 -2155736 54256 -247128 0
9 1344420682560000 -2157904 54824 -246400 0
9 1344420682562500 -2157328 54392 -247216 0
9 1344420682565000 -2155400 54360 -247224 0
9 1344420682567500 -2156608 54024 -246064 0
9 1344420682570000 -2157360 53360 -247152 0
9 1344420682572500 -2156840 54504 -246768 0
9 1344420682575000 -2155520 54184 -247736 0
9 1344420682577500 -2156008 53080 -247832 0
9 1344420682580000 -2157832 54456 -247032 0
9 1344420682582500 -2156032 53080 -246704 0
9 1344420682585000 -2156576 55600 -246872 0
9 1344420682587500 -2156896 53768 -247416 0
9 1344420682590000 -2157368 54640 -247680 0
9 1344420682592500 -2156872 54120 -247000 0
9 1344420682595000 -2156392 53288 -247608 0
9 1344420682597500 -2158296 54776 -247592 0
