9 1344420686500000 -2157216 54848 -247280 0
9 1344420686502500 -2156600 53784 -246136 0
9 1344420686505000 -2157576 54608 -247240 0
9 1344420686507500 -2157656 54512 -246880 0
9 1344420686510000 -2156560 53888 -247448 0
9 1344420686512500 -2158384 54096 -246368 0
9 1344420686515000 -2156920 55040 -246592 0
9 1344420686517500 -2156480 54672 -247520 0
9 1344420686520000 -2157168 52528 -246456 0
9 1344420686522500 -2157456 54128 -246528 0
9 1344420686525000 -2157504 54096 -246568 0
9 1344420686527500 -2157280 53152 -246768 0
9 1344420686530000 -2157912 54120 -246000 0
9 1344420686532500 -2158528 53688 -246216 0
9 1344420686535000 -2158048 54080 -246720 0
9 1344420686537500 -2157264 53464 -247504 0
9 1344420686540000 -2157200 54088 -246544 0
9 1344420686542500 -2157088 53624 -246160 0
9 1344420686545000 -2156480 53928 -244824 0
9 1344420686547500 -2156432 54384 -247024 0
9 1344420686550000 -2157720 54264 -247000 0
9 1344420686552500 -2156920 53776 -246496 0
9 1344420686555000 -2156744 55000 -248144 0
9 1344420686557500 -2156560 55464 -246592 0
9 1344420686560000 -2155696 54360 -246792 0
9 1344420686562500 -2156512 54624 -246128 0
9 1344420686565000 -2157584 54832 -246784 0
9 1344420686567500 -2156784 55048 -246672 0
9 1344420686570000 -2155744 54296 -245968 0
9 1344420686572500 -2156992 53768 -247008 0
9 1344420686575000 -2156968 54520 -245520 0
9 1344420686577500 -2157200 54712 -246672 0
9 1344420686580000 -2156344 54128 -246640 0
9 1344420686582500 -2156336 53960 -246872 0
9 1344420686585000 -2157888 54072 -247064 0
9 1344420686587500 -2159016 54176 -246424 0
9 1344420686590000 -2157152 54848 -246568 0
9 1344420686592500 -2156928 54024 -246952 0
9 1344420686595000 -2156576 54776 -246064 0
9 1344420686597500 -2156744 53696 -247584 0
