9 1344420676100000 -2157040 54008 -245544 0
9 1344420676102500 -2157848 54008 -246336 0
9 1344420676105000 -2157552 54240 -246584 0
9 1344420676107500 -2157392 54712 -247256 0
9 1344420676110000 -2157080 53184 -245608 0
9 1344420676112500 -2157104 55192 -246464 0
9 1344420676115000 -2155672 54656 -246232 0
9 1344420676117500 -2157336 53976 -248032 0
9 1344420676120000 -2156680 54032 -247264 0
9 1344420676122500 -2157496 54664 -246688 0
9 1344420676125000 -2157096 53304 -246528 0
9 1344420676127500 -2157104 53808 -246112 0
9 1344420676130000 -2157296 53368 -246360 0
9 1344420676132500 -2156616 54024 -248464 0
9 1344420676135000 -2156744 55536 -246192 0
9 1344420676137500 -2156624 54672 -245936 0
9 1344420676140000 -2155976 53992 -246112 0
9 1344420676142500 -2156704 54560 -246168 0
9 1344420676145000 -2155648 54096 -245408 0
9 1344420676147500 -2157880 54040 -245800 0
9 1344420676150000 -2158120 54872 -246112 0
9 1344420676152500 -2155952 54128 -246504 0
9 1344420676155000 -2156128 54312 -247056 0
9 1344420676157500 -2156936 53672 -247592 0
9 1344420676160000 -2156520 55192 -246792 0
9 1344420676162500 -2157024 54848 -247824 0
9 1344420676165000 -2156408 54352 -246960 0
9 1344420676167500 -2156104 54120 -245352 0
9 1344420676170000 -2157168 54888 -245856 0
9 1344420676172500 -2157048 54024 -246952 0
9 1344420676175000 -2158024 53920 -247264 0
9 1344420676177500 -2156768 54256 -246280 0
9 1344420676180000 -2157376 53952 -246112 0
9 1344420676182500 -2155984 54760 -246600 0
9 1344420676185000 -2158768 53912 -246064 0
9 1344420676187500 -2157288 54576 -246832 0
9 1344420676190000 -2157136 54480 -247576 0
9 1344420676192500 -2156728 54232 -246456 0
9 1344420676195000 -2156344 53232 -247408 0
9 1344420676197500 -2157840 54744 -246648 0
