9 1344420692400000 -2106568 37552 -239792 0
9 1344420692402500 -2207032 70200 -252896 0
9 1344420692405000 -2104344 36968 -240392 0
9 1344420692407500 -2208696 75912 -253048 0
9 1344420692410000 -2108216 35936 -245792 0
9 1344420692412500 -2198912 69992 -248408 0
9 1344420692415000 -2122288 38432 -244576 0
9 1344420692417500 -2187280 70112 -245416 0
9 1344420692420000 -2132680 43416 -248352 0
9 1344420692422500 -2170112 60816 -245672 0
9 1344420692425000 -2148984 46768 -251024 0
9 1344420692427500 -2156288 64712 -242688 0
9 1344420692430000 -2153120 48032 -252544 0
9 1344420692432500 -2157224 56472 -242544 0
9 1344420692435000 -2164816 48288 -253032 0
9 1344420692437500 -2151960 61320 -240144 0
9 1344420692440000 -2163600 47680 -250016 0
9 1344420692442500 -2149608 57840 -242120 0
9 1344420692445000 -2160976 49048 -253616 0
9 1344420692447500 -2143880 58328 -241776 0
9 1344420692450000 -2168408 50528 -249712 0
9 1344420692452500 -2150696 57808 -241584 0
9 1344420692455000 -2161192 51664 -249552 0
9 1344420692457500 -2142936 52760 -241288 0
9 1344420692460000 -2169720 51592 -250416 0
9 1344420692462500 -2154872 61936 -243288 0
9 1344420692465000 -2151496 42880 -251432 0
9 1344420692467500 -2160952 63048 -246384 0
9 1344420692470000 -2155912 44368 -251032 0
9 1344420692472500 -2169104 67872 -238944 0
9 1344420692475000 -2151280 41992 -251360 0
9 1344420692477500 -2158048 59632 -242888 0
9 1344420692480000 -2162952 54552 -249640 0
9 1344420692482500 -2145336 51272 -239400 0
9 1344420692485000 -2168840 55768 -254320 0
9 1344420692487500 -2145216 58288 -241832 0
9 1344420692490000 -2162848 49104 -252528 0
9 1344420692492500 -2151504 58328 -237496 0
9 1344420692495000 -2169928 55000 -249720 0
9 1344420692497500 -2141928 54808 -244336 0
