9 1344420677300000 -2155816 53040 -245680 0
9 1344420677302500 -2156264 53136 -247208 0
9 1344420677305000 -2154816 54224 -247728 0
9 1344420677307500 -2157584 54680 -247624 0
9 1344420677310000 -2157048 53072 -245720 0
9 1344420677312500 -2156848 52984 -246544 0
9 1344420677315000 -2156840 53880 -247376 0
9 1344420677317500 -2157184 52760 -246736 0
9 1344420677320000 -2158024 52936 -247656 0
9 1344420677322500 -2155888 54200 -247320 0
9 1344420677325000 -2157352 53552 -247672 0
9 1344420677327500 -2155952 52352 -245168 0
9 1344420677330000 -2157664 55152 -246832 0
9 1344420677332500 -2155736 52608 -246664 0
9 1344420677335000 -2157824 55168 -247520 0
9 1344420677337500 -2154528 54048 -246448 0
9 1344420677340000 -2159152 53784 -247000 0
9 1344420677342500 -2154040 52224 -247912 0
9 1344420677345000 -2159264 54432 -246328 0
9 1344420677347500 -2154536 52192 -245800 0
9 1344420677350000 -2159000 54624 -247272 0
9 1344420677352500 -2153152 54848 -246720 0
9 1344420677355000 -2159320 54576 -246952 0
9 1344420677357500 -2157264 53672 -246168 0
9 1344420677360000 -2157528 54512 -245848 0
9 1344420677362500 -2155168 52952 -245656 0
9 1344420677365000 -2157928 55008 -244728 0
9 1344420677367500 -2156992 51832 -248040 0
9 1344420677370000 -2156760 55576 -246584 0
9 1344420677372500 -2157512 53792 -246976 0
9 1344420677375000 -2155768 54144 -246408 0
9 1344420677377500 -2155904 53584 -246840 0
9 1344420677380000 -2156944 52840 -246056 0
9 1344420677382500 -2158432 53640 -248648 0
9 1344420677385000 -2156048 53616 -245528 0
9 1344420677387500 -2159496 53832 -247528 0
9 1344420677390000 -2155528 53448 -246672 0
9 1344420677392500 -2160168 54456 -248056 0
9 1344420677395000 -2153832 53584 -247432 0
9 1344420677397500 -2161344 55368 -246960 0
