9 1344420714400000 -2156640 53976 -247392 0
9 1344420714402500 -2156616 53376 -246456 0
9 1344420714405000 -2156760 54024 -245192 0
9 1344420714407500 -2156208 52912 -245416 0
9 1344420714410000 -2157432 53352 -246328 0
9 1344420714412500 -2156776 54368 -245632 0
9 1344420714415000 -2157280 54312 -245560 0
9 1344420714417500 -2156272 53896 -246544 0
9 1344420714420000 -2157288 53872 -247552 0
9 1344420714422500 -2157088 54032 -246056 0
9 1344420714425000 -2155784 55104 -246240 0
9 1344420714427500 -2156632 55480 -246072 0
9 1344420714430000 -2157336 53576 -246016 0
9 1344420714432500 -2156664 55872 -246768 0
9 1344420714435000 -2157048 55304 -246064 0
9 1344420714437500 -2156976 54880 -244968 0
9 1344420714440000 -2156368 55216 -245928 0
9 1344420714442500 -2157648 54192 -246304 0
9 1344420714445000 -2157536 54992 -246768 0
9 1344420714447500 -2157824 54760 -246696 0
9 1344420714450000 -2157032 53416 -245592 0
9 1344420714452500 -2157288 53680 -247264 0
9 1344420714455000 -2157128 53056 -245840 0
9 1344420714457500 -2157480 53536 -246776 0
9 1344420714460000 -2158264 53560 -247232 0
9 1344420714462500 -2156776 54888 -246104 0
9 1344420714465000 -2157456 55456 -245968 0
9 1344420714467500 -2157176 53016 -247664 0
9 1344420714470000 -2158056 53384 -247336 0
9 1344420714472500 -2157456 53368 -247224 0
9 1344420714475000 -2156384 53560 -246800 0
9 1344420714477500 -2157696 54000 -246520 0
9 1344420714480000 -2157680 54104 -247648 0
9 1344420714482500 -2158416 53856 -247240 0
9 1344420714485000 -2157832 53440 -246416 0
9 1344420714487500 -2157280 53352 -247008 0
9 1344420714490000 -2158168 54752 -246744 0
9 1344420714492500 -2157608 53912 -246336 0
9 1344420714495000 -2155488 53552 -246104 0
9 1344420714497500 -2157056 54808 -246168 0
