9 1344420716500000 -2156752 53528 -247624 0
9 1344420716502500 -2156744 54776 -246472 0
9 1344420716505000 -2156848 53592 -245304 0
9 1344420716507500 -2157016 53944 -246632 0
9 1344420716510000 -2157936 54320 -246208 0
9 1344420716512500 -2156992 53856 -246712 0
9 1344420716515000 -2156632 54344 -246296 0
9 1344420716517500 -2155472 54736 -245904 0
9 1344420716520000 -2157200 54416 -245848 0
9 1344420716522500 -2156584 54360 -246224 0
9 1344420716525000 -2157360 54240 -245952 0
9 1344420716527500 -2158064 54264 -247408 0
9 1344420716530000 -2156304 54344 -247192 0
9 1344420716532500 -2156880 54336 -247328 0
9 1344420716535000 -2157728 53912 -247992 0
9 1344420716537500 -2157080 54112 -247328 0
9 1344420716540000 -2157856 54344 -248008 0
9 1344420716542500 -2156744 54712 -246456 0
9 1344420716545000 -2156984 54904 -246056 0
9 1344420716547500 -2156808 53776 -247848 0
9 1344420716550000 -2157360 53808 -247320 0
9 1344420716552500 -2157576 52648 -246688 0
9 1344420716555000 -2157312 53848 -246168 0
9 1344420716557500 -2156408 53232 -247104 0
9 1344420716560000 -2156632 54744 -246720 0
9 1344420716562500 -2157144 53160 -245784 0
9 1344420716565000 -2157456 53568 -247432 0
9 1344420716567500 -2156152 54416 -246968 0
9 1344420716570000 -2157360 54352 -246944 0
9 1344420716572500 -2156952 54728 -246016 0
9 1344420716575000 -2157040 53680 -246448 0
9 1344420716577500 -2156632 54256 -247184 0
9 1344420716580000 -2157448 53552 -246976 0
9 1344420716582500 -2156520 53256 -246504 0
9 1344420716585000 -2156648 54000 -247384 0
9 1344420716587500 -2157400 54288 -247048 0
9 1344420716590000 -2157576 54096 -247000 0
9 1344420716592500 -2157056 53712 -247312 0
9 1344420716595000 -2158248 52928 -246616 0
9 1344420716597500 -2157160 53312 -248096 0
