9 1344420696300000 -2158616 54280 -246808 0
9 1344420696302500 -2155472 54728 -246704 0
9 1344420696305000 -2159392 55312 -246560 0
9 1344420696307500 -2155216 52856 -245424 0
9 1344420696310000 -2158176 54736 -246632 0
9 1344420696312500 -2156440 53160 -247104 0
9 1344420696315000 -2157048 53648 -247456 0
9 1344420696317500 -2155160 54488 -246368 0
9 1344420696320000 -2158568 54104 -248808 0
9 1344420696322500 -2155784 53400 -246408 0
9 1344420696325000 -2158896 53920 -245640 0
9 1344420696327500 -2156184 54376 -246168 0
9 1344420696330000 -2157096 55160 -248496 0
9 1344420696332500 -2156896 53800 -246432 0
9 1344420696335000 -2157352 54200 -247112 0
9 1344420696337500 -2156056 54040 -246720 0
9 1344420696340000 -2157768 54240 -246656 0
9 1344420696342500 -2157112 54672 -246048 0
9 1344420696345000 -2158352 54680 -245696 0
9 1344420696347500 -2155960 53984 -247896 0
9 1344420696350000 -2156992 54264 -246600 0
9 1344420696352500 -2157104 54144 -246968 0
9 1344420696355000 -2157616 54096 -246888 0
9 1344420696357500 -2156976 54184 -247088 0
9 1344420696360000 -2157960 54632 -247200 0
9 1344420696362500 -2155832 53720 -247184 0
9 1344420696365000 -2156432 54488 -247344 0
9 1344420696367500 -2157760 53600 -246400 0
9 1344420696370000 -2157888 52624 -246448 0
9 1344420696372500 -2157504 55776 -245680 0
9 1344420696375000 -2156320 54456 -247048 0
9 1344420696377500 -2158376 54696 -248200 0
9 1344420696380000 -2157248 54568 -245176 0
9 1344420696382500 -2156848 54056 -247472 0
9 1344420696385000 -2155448 54616 -245784 0
9 1344420696387500 -2158384 54256 -246776 0
9 1344420696390000 -2155568 53240 -246904 0
9 1344420696392500 -2157392 53808 -246632 0
9 1344420696395000 -2157592 53456 -246456 0
9 1344420696397500 -2159232 54424 -245560 0
