9 1344420696200000 -2158320 53272 -247720 0
9 1344420696202500 -2157288 54104 -245960 0
9 1344420696205000 -2156400 55704 -247184 0
9 1344420696207500 -2157952 54616 -247320 0
9 1344420696210000 -2157944 54024 -246848 0
9 1344420696212500 -2156896 54016 -247208 0
9 1344420696215000 -2155584 52976 -247024 0
9 1344420696217500 -2157192 54608 -246528 0
9 1344420696220000 -2156320 54424 -246592 0
9 1344420696222500 -2155600 53576 -248264 0
9 1344420696225000 -2156160 53464 -245920 0
9 1344420696227500 -2157912 54496 -246168 0
9 1344420696230000 -2157056 53648 -246048 0
9 1344420696232500 -2158176 53272 -246760 0
9 1344420696235000 -2156048 54768 -245408 0
9 1344420696237500 -2157392 55968 -247576 0
9 1344420696240000 -2155096 54072 -246360 0
9 1344420696242500 -2157984 55496 -246960 0
9 1344420696245000 -2155832 53968 -245776 0
9 1344420696247500 -2157864 54048 -247000 0
9 1344420696250000 -2156288 54456 -246648 0
9 1344420696252500 -2156728 54800 -247280 0
9 1344420696255000 -2156376 54080 -246744 0
9 1344420696257500 -2158640 54840 -246456 0
9 1344420696260000 -2156776 53944 -245688 0
9 1344420696262500 -2158192 54720 -248000 0
9 1344420696265000 -2155232 53800 -247024 0
9 1344420696267500 -2158216 55400 -245440 0
9 1344420696270000 -2156264 53400 -247872 0
9 1344420696272500 -2158280 54736 -246776 0
9 1344420696275000 -2156168 53552 -247056 0
9 1344420696277500 -2157896 54840 -246752 0
9 1344420696280000 -2155272 52776 -248072 0
9 1344420696282500 -2156952 54344 -245856 0
9 1344420696285000 -2156384 53872 -247440 0
9 1344420696287500 -2156136 53584 -246360 0
9 1344420696290000 -2155904 54608 -247376 0
9 1344420696292500 -2156400 54208 -246816 0
9 1344420696295000 -2158416 54592 -246400 0
9 1344420696297500 -2155560 52072 -247072 0
