9 1344420713700000 -2157264 53904 -246536 0
9 1344420713702500 -2156536 55176 -246208 0
9 1344420713705000 -2155800 53168 -247816 0
9 1344420713707500 -2155784 54768 -247176 0
9 1344420713710000 -2156984 54408 -246952 0
9 1344420713712500 -2156664 54568 -247312 0
9 1344420713715000 -2156896 55456 -246064 0
9 1344420713717500 -2157272 53736 -245920 0
9 1344420713720000 -2157608 54496 -247216 0
9 1344420713722500 -2158536 55032 -246584 0
9 1344420713725000 -2156152 54704 -245528 0
9 1344420713727500 -2157296 53968 -247176 0
9 1344420713730000 -2157688 54368 -246904 0
9 1344420713732500 -2157008 53712 -247408 0
9 1344420713735000 -2157696 54408 -246784 0
9 1344420713737500 -2157184 52840 -247288 0
9 1344420713740000 -2156808 54448 -246816 0
9 1344420713742500 -2156256 54272 -246736 0
9 1344420713745000 -2158536 53896 -246600 0
9 1344420713747500 -2157344 54888 -247000 0
9 1344420713750000 -2157024 54592 -247112 0
9 1344420713752500 -2156136 53592 -246208 0
9 1344420713755000 -2157360 53296 -246776 0
9 1344420713757500 -2156992 53296 -245792 0
9 1344420713760000 -2157512 54144 -246224 0
9 1344420713762500 -2156520 54080 -247856 0
9 1344420713765000 -2157720 55856 -247432 0
9 1344420713767500 -2158112 53192 -247144 0
9 1344420713770000 -2156184 54920 -246752 0
9 1344420713772500 -2156408 54856 -246384 0
9 1344420713775000 -2157504 53992 -246432 0
9 1344420713777500 -2156480 53976 -247584 0
9 1344420713780000 -2156432 54184 -246424 0
9 1344420713782500 -2156416 54728 -246432 0
9 1344420713785000 -2157496 54352 -246872 0
9 1344420713787500 -2156880 55280 -246000 0
9 1344420713790000 -2157024 53552 -245856 0
9 1344420713792500 -2157896 54688 -246400 0
9 1344420713795000 -2157368 54832 -246176 0
9 1344420713797500 -2156056 54720 -245288 0
