9 1344420695200000 -2157208 54312 -246264 0
9 1344420695202500 -2157360 53976 -245416 0
9 1344420695205000 -2156680 53952 -246776 0
9 1344420695207500 -2156984 54472 -246384 0
9 1344420695210000 -2156408 54224 -246592 0
9 1344420695212500 -2155760 53304 -246712 0
9 1344420695215000 -2157192 53784 -246584 0
9 1344420695217500 -2157576 55208 -246144 0
9 1344420695220000 -2156888 52592 -247584 0
9 1344420695222500 -2155592 53960 -247480 0
9 1344420695225000 -2158040 52552 -246688 0
9 1344420695227500 -2158000 52312 -246336 0
9 1344420695230000 -2156184 53008 -246456 0
9 1344420695232500 -2155480 53152 -245936 0
9 1344420695235000 -2157368 53736 -247896 0
9 1344420695237500 -2156848 54216 -245384 0
9 1344420695240000 -2157384 53552 -247032 0
9 1344420695242500 -2156896 54832 -247832 0
9 1344420695245000 -2158024 53696 -247072 0
9 1344420695247500 -2155256 53368 -245680 0
9 1344420695250000 -2159616 54816 -246944 0
9 1344420695252500 -2155752 52912 -246968 0
9 1344420695255000 -2156200 52952 -246784 0
9 1344420695257500 -2157328 53000 -246512 0
9 1344420695260000 -2156704 53840 -248112 0
9 1344420695262500 -2156648 53128 -248296 0
9 1344420695265000 -2155792 55248 -246504 0
9 1344420695267500 -2155216 54768 -245928 0
9 1344420695270000 -2157960 53648 -247360 0
9 1344420695272500 -2157256 53472 -245760 0
9 1344420695275000 -2157000 53160 -248152 0
9 1344420695277500 -2157080 54976 -247104 0
9 1344420695280000 -2156496 55008 -246536 0
9 1344420695282500 -2156760 54624 -245896 0
9 1344420695285000 -2158104 54016 -246104 0
9 1344420695287500 -2156464 53584 -245744 0
9 1344420695290000 -2158600 54864 -247040 0
9 1344420695292500 -2156784 54904 -246504 0
9 1344420695295000 -2156120 54304 -247184 0
9 1344420695297500 -2156464 53936 -247728 0
