9 1344420670000000 -2157064 53456 -246800 0
9 1344420670002500 -2157176 54144 -247664 0
9 1344420670005000 -2157120 54088 -245808 0
9 1344420670007500 -2157016 53696 -246440 0
9 1344420670010000 -2156152 54328 -247720 0
9 1344420670012500 -2156320 54792 -246904 0
9 1344420670015000 -2156360 53536 -246768 0
9 1344420670017500 -2158464 54536 -247320 0
9 1344420670020000 -2157136 54280 -246912 0
9 1344420670022500 -2156776 53576 -246032 0
9 1344420670025000 -2157632 54128 -247496 0
9 1344420670027500 -2157840 53792 -246776 0
9 1344420670030000 -2157456 53640 -247192 0
9 1344420670032500 -2157184 53968 -246120 0
9 1344420670035000 -2157920 54688 -246080 0
9 1344420670037500 -2157784 53664 -246384 0
9 1344420670040000 -2157296 53888 -246296 0
9 1344420670042500 -2156136 54576 -246880 0
9 1344420670045000 -2157568 54160 -246416 0
9 1344420670047500 -2157096 53840 -246512 0
9 1344420670050000 -2157464 53912 -246704 0
9 1344420670052500 -2157320 53664 -246336 0
9 1344420670055000 -2157144 55848 -246320 0
9 1344420670057500 -2157216 55600 -247840 0
9 1344420670060000 -2156216 53912 -246336 0
9 1344420670062500 -2156728 53816 -246288 0
9 1344420670065000 -2158232 53624 -246032 0
9 1344420670067500 -2156400 54456 -247456 0
9 1344420670070000 -2156312 53272 -246880 0
9 1344420670072500 -2158872 53920 -246504 0
9 1344420670075000 -2156952 55128 -246144 0
9 1344420670077500 -2157960 53192 -246296 0
9 1344420670080000 -2157440 55016 -246448 0
9 1344420670082500 -2156600 55040 -246424 0
9 1344420670085000 -2156584 53968 -246664 0
9 1344420670087500 -2156288 54936 -246384 0
9 1344420670090000 -2156760 54248 -245432 0
9 1344420670092500 -2156432 53528 -248056 0
9 1344420670095000 -2157264 53792 -245976 0
9 1344420670097500 -2157632 53520 -247248 0
