9 1344420670400000 -2155800 54456 -246824 0
9 1344420670402500 -2156856 54056 -247368 0
9 1344420670405000 -2156480 54344 -246096 0
9 1344420670407500 -2155968 53552 -247456 0
9 1344420670410000 -2156040 53112 -245480 0
9 1344420670412500 -2156408 55120 -247000 0
9 1344420670415000 -2156632 53736 -246592 0
9 1344420670417500 -2156160 53952 -247016 0
9 1344420670420000 -2156344 54944 -246312 0
9 1344420670422500 -2156432 53752 -246392 0
9 1344420670425000 -2157936 54856 -247120 0
9 1344420670427500 -2157200 53480 -246400 0
9 1344420670430000 -2156888 53416 -246032 0
9 1344420670432500 -2157248 54192 -246480 0
9 1344420670435000 -2155336 54232 -246712 0
9 1344420670437500 -2156352 55000 -247064 0
9 1344420670440000 -2157216 54512 -246552 0
9 1344420670442500 -2156256 54992 -246112 0
9 1344420670445000 -2156712 54584 -246640 0
9 1344420670447500 -2156504 53192 -246160 0
9 1344420670450000 -2157024 53984 -246184 0
9 1344420670452500 -2157224 54568 -246408 0
9 1344420670455000 -2157560 54368 -246808 0
9 1344420670457500 -2155976 53720 -247096 0
9 1344420670460000 -2156648 55152 -248344 0
9 1344420670462500 -2156640 53960 -246712 0
9 1344420670465000 -2155856 53936 -246256 0
9 1344420670467500 -2156808 53744 -247288 0
9 1344420670470000 -2156528 53864 -246400 0
9 1344420670472500 -2155976 54376 -247088 0
9 1344420670475000 -2157904 52944 -247696 0
9 1344420670477500 -2156832 54128 -245736 0
9 1344420670480000 -2158096 53576 -246936 0
9 1344420670482500 -2157840 54584 -245792 0
9 1344420670485000 -2158200 53504 -247096 0
9 1344420670487500 -2155888 53976 -246720 0
9 1344420670490000 -2156656 54744 -246528 0
9 1344420670492500 -2157592 54560 -247336 0
9 1344420670495000 -2157232 54848 -245936 0
9 1344420670497500 -2157464 54048 -246672 0
