9 1344420671500000 -2157248 54864 -247232 0
9 1344420671502500 -2156808 54712 -246216 0
9 1344420671505000 -2157648 54480 -246440 0
9 1344420671507500 -2157032 53056 -245520 0
9 1344420671510000 -2158160 54488 -246928 0
9 1344420671512500 -2157864 54168 -247672 0
9 1344420671515000 -2155360 54712 -245728 0
9 1344420671517500 -2157816 54368 -247568 0
9 1344420671520000 -2157376 53952 -246512 0
9 1344420671522500 -2157664 55560 -246936 0
9 1344420671525000 -2156536 54480 -246376 0
9 1344420671527500 -2157000 54544 -247504 0
9 1344420671530000 -2157672 53856 -247416 0
9 1344420671532500 -2157752 54944 -247344 0
9 1344420671535000 -2157592 54192 -246664 0
9 1344420671537500 -2157944 54560 -246328 0
9 1344420671540000 -2156560 53464 -247264 0
9 1344420671542500 -2156800 54272 -246776 0
9 1344420671545000 -2156528 54056 -246960 0
9 1344420671547500 -2156352 52632 -246608 0
9 1344420671550000 -2156600 54352 -247424 0
9 1344420671552500 -2156568 53400 -245280 0
9 1344420671555000 -2157280 54064 -246392 0
9 1344420671557500 -2156912 54240 -245880 0
9 1344420671560000 -2157360 52760 -247016 0
9 1344420671562500 -2157448 53224 -247088 0
9 1344420671565000 -2157448 54272 -247080 0
9 1344420671567500 -2157240 54216 -246704 0
9 1344420671570000 -2157392 53864 -246648 0
9 1344420671572500 -2157720 52848 -246696 0
9 1344420671575000 -2157216 53752 -247128 0
9 1344420671577500 -2156848 53528 -247552 0
9 1344420671580000 -2156472 53408 -246088 0
9 1344420671582500 -2157344 54536 -246816 0
9 1344420671585000 -2157440 54376 -246392 0
9 1344420671587500 -2155256 53408 -246160 0
9 1344420671590000 -2157672 52480 -246608 0
9 1344420671592500 -2157168 54168 -246192 0
9 1344420671595000 -2157728 54136 -246224 0
9 1344420671597500 -2157840 54888 -246608 0
