9 1344420684700000 -2157496 53648 -246928 0
9 1344420684702500 -2156848 53256 -246904 0
9 1344420684705000 -2156104 53624 -246912 0
9 1344420684707500 -2156544 54416 -246072 0
9 1344420684710000 -2157336 55672 -247200 0
9 1344420684712500 -2156368 54008 -246344 0
9 1344420684715000 -2156312 54600 -246408 0
9 1344420684717500 -2156544 53240 -247400 0
9 1344420684720000 -2156976 54056 -246544 0
9 1344420684722500 -2156688 53296 -246392 0
9 1344420684725000 -2156576 54288 -246384 0
9 1344420684727500 -2157608 54192 -246760 0
9 1344420684730000 -2157080 54952 -246096 0
9 1344420684732500 -2156976 53368 -246536 0
9 1344420684735000 -2157288 53456 -246928 0
9 1344420684737500 -2157448 54448 -247384 0
9 1344420684740000 -2156680 53800 -246880 0
9 1344420684742500 -2157184 54496 -246648 0
9 1344420684745000 -2157280 54632 -246664 0
9 1344420684747500 -2156848 54248 -246592 0
9 1344420684750000 -2156872 54576 -248000 0
9 1344420684752500 -2157936 52896 -245512 0
9 1344420684755000 -2156952 52216 -246544 0
9 1344420684757500 -2158440 53848 -246680 0
9 1344420684760000 -2158144 53520 -246680 0
9 1344420684762500 -2157784 53104 -245288 0
9 1344420684765000 -2156984 54408 -246320 0
9 1344420684767500 -2157840 54488 -248144 0
9 1344420684770000 -2158112 53000 -245560 0
9 1344420684772500 -2157248 54968 -247768 0
9 1344420684775000 -2158528 53632 -246776 0
9 1344420684777500 -2158280 53184 -247688 0
9 1344420684780000 -2158056 53376 -246720 0
9 1344420684782500 -2158256 53560 -247416 0
9 1344420684785000 -2156744 53040 -246032 0
9 1344420684787500 -2157048 53104 -246872 0
9 1344420684790000 -2156160 54464 -247152 0
9 1344420684792500 -2156344 53824 -246368 0
9 1344420684795000 -2155456 53768 -247744 0
9 1344420684797500 -2156432 54264 -246648 0
