9 1344420671700000 -2157184 54232 -246616 0
9 1344420671702500 -2156744 54712 -246560 0
9 1344420671705000 -2155920 55320 -247384 0
9 1344420671707500 -2157304 54768 -245432 0
9 1344420671710000 -2156976 53000 -246552 0
9 1344420671712500 -2157008 54448 -245680 0
9 1344420671715000 -2156552 54848 -246120 0
9 1344420671717500 -2157440 54104 -247496 0
9 1344420671720000 -2157264 54304 -246312 0
9 1344420671722500 -2157912 54088 -246936 0
9 1344420671725000 -2157944 53560 -246168 0
9 1344420671727500 -2156672 54712 -247136 0
9 1344420671730000 -2156664 53664 -245160 0
9 1344420671732500 -2156704 54056 -246392 0
9 1344420671735000 -2157008 53824 -246720 0
9 1344420671737500 -2157688 53584 -245760 0
9 1344420671740000 -2157728 54208 -247192 0
9 1344420671742500 -2157528 54464 -247264 0
9 1344420671745000 -2155296 54264 -246776 0
9 1344420671747500 -2156696 54168 -245712 0
9 1344420671750000 -2157512 54168 -246008 0
9 1344420671752500 -2157120 54232 -246896 0
9 1344420671755000 -2156920 54312 -246048 0
9 1344420671757500 -2156776 54232 -246640 0
9 1344420671760000 -2156864 54464 -246888 0
9 1344420671762500 -2157360 55128 -246632 0
9 1344420671765000 -2157272 54424 -247232 0
9 1344420671767500 -2157880 54104 -246808 0
9 1344420671770000 -2156216 54832 -246336 0
9 1344420671772500 -2156072 53664 -246760 0
9 1344420671775000 -2157624 53976 -246216 0
9 1344420671777500 -2157280 53360 -247784 0
9 1344420671780000 -2157048 54160 -245632 0
9 1344420671782500 -2157960 54360 -246824 0
9 1344420671785000 -2157224 54072 -246504 0
9 1344420671787500 -2157616 54328 -247224 0
9 1344420671790000 -2158240 54112 -245480 0
9 1344420671792500 -2156552 53448 -246128 0
9 1344420671795000 -2156776 53200 -246496 0
9 1344420671797500 -2156760 53960 -246304 0
