9 1344420698200000 -2156880 52736 -245712 0
9 1344420698202500 -2156520 54368 -247008 0
9 1344420698205000 -2156864 54184 -246000 0
9 1344420698207500 -2157824 53872 -245920 0
9 1344420698210000 -2157248 53928 -247344 0
9 1344420698212500 -2155928 53760 -246104 0
9 1344420698215000 -2156024 55128 -246376 0
9 1344420698217500 -2157512 53576 -246584 0
9 1344420698220000 -2156512 54656 -247032 0
9 1344420698222500 -2156448 55072 -247104 0
9 1344420698225000 -2156648 55368 -247568 0
9 1344420698227500 -2157528 53584 -247448 0
9 1344420698230000 -2156800 54248 -245656 0
9 1344420698232500 -2157480 54480 -246784 0
9 1344420698235000 -2156240 53424 -246560 0
9 1344420698237500 -2156192 53368 -246352 0
9 1344420698240000 -2157504 54784 -246856 0
9 1344420698242500 -2156304 55048 -247560 0
9 1344420698245000 -2157144 54880 -247896 0
9 1344420698247500 -2158328 53416 -246832 0
9 1344420698250000 -2156808 54456 -247152 0
9 1344420698252500 -2157416 55128 -245360 0
9 1344420698255000 -2157176 54600 -245728 0
9 1344420698257500 -2156296 54016 -246560 0
9 1344420698260000 -2157536 54024 -247128 0
9 1344420698262500 -2155712 53216 -246720 0
9 1344420698265000 -2158712 55032 -246368 0
9 1344420698267500 -2155784 53232 -247280 0
9 1344420698270000 -2156808 55256 -246592 0
9 1344420698272500 -2157536 54856 -247352 0
9 1344420698275000 -2157352 54344 -247040 0
9 1344420698277500 -2157936 54408 -248472 0
9 1344420698280000 -2155432 54920 -246768 0
9 1344420698282500 -2158224 55424 -247688 0
9 1344420698285000 -2157096 55376 -246128 0
9 1344420698287500 -2156984 53664 -247312 0
9 1344420698290000 -2155864 54352 -246520 0
9 1344420698292500 -2156544 55456 -246504 0
9 1344420698295000 -2155664 53680 -245888 0
9 1344420698297500 -2157584 54224 -247344 0
