9 1344420672000000 -2157032 53320 -246800 0
9 1344420672002500 -2156496 54512 -247248 0
9 1344420672005000 -2157272 54168 -246480 0
9 1344420672007500 -2158144 54360 -246744 0
9 1344420672010000 -2157160 53784 -247232 0
9 1344420672012500 -2156360 54448 -247272 0
9 1344420672015000 -2157704 55176 -246368 0
9 1344420672017500 -2156888 54328 -247504 0
9 1344420672020000 -2156920 53424 -246808 0
9 1344420672022500 -2158304 53640 -245992 0
9 1344420672025000 -2156688 53976 -247272 0
9 1344420672027500 -2157720 54440 -247160 0
9 1344420672030000 -2157280 53632 -246296 0
9 1344420672032500 -2157672 53472 -246504 0
9 1344420672035000 -2155896 53688 -246896 0
9 1344420672037500 -2156744 54320 -246392 0
9 1344420672040000 -2157520 54208 -246192 0
9 1344420672042500 -2157064 53624 -247200 0
9 1344420672045000 -2156464 53880 -246104 0
9 1344420672047500 -2156616 54736 -246576 0
9 1344420672050000 -2157968 55088 -245984 0
9 1344420672052500 -2157632 54464 -246808 0
9 1344420672055000 -2155696 53648 -246952 0
9 1344420672057500 -2157416 53872 -246064 0
9 1344420672060000 -2157576 53408 -246472 0
9 1344420672062500 -2156312 54336 -246152 0
9 1344420672065000 -2156432 54072 -246384 0
9 1344420672067500 -2156408 53760 -247528 0
9 1344420672070000 -2155640 54816 -247256 0
9 1344420672072500 -2156688 54504 -246656 0
9 1344420672075000 -2157424 54480 -246880 0
9 1344420672077500 -2156560 54136 -247560 0
9 1344420672080000 -2156960 54736 -246416 0
9 1344420672082500 -2156312 53472 -245536 0
9 1344420672085000 -2158232 53264 -246400 0
9 1344420672087500 -2157040 53536 -247400 0
9 1344420672090000 -2156488 53120 -246928 0
9 1344420672092500 -2157208 54168 -246320 0
9 1344420672095000 -2157248 53984 -246848 0
9 1344420672097500 -2157736 54440 -246904 0
