9 1344420691800000 -2154064 55320 -245016 0
9 1344420691802500 -2157896 52104 -248384 0
9 1344420691805000 -2156192 53808 -246680 0
9 1344420691807500 -2162584 55344 -247680 0
9 1344420691810000 -2150672 54608 -244464 0
9 1344420691812500 -2162560 54272 -247744 0
9 1344420691815000 -2151104 53088 -246424 0
9 1344420691817500 -2162496 53712 -248584 0
9 1344420691820000 -2152928 57144 -244320 0
9 1344420691822500 -2155056 50344 -248240 0
9 1344420691825000 -2158296 54552 -246528 0
9 1344420691827500 -2159024 56072 -247688 0
9 1344420691830000 -2152432 54704 -245160 0
9 1344420691832500 -2157968 54176 -248440 0
9 1344420691835000 -2153880 55360 -245048 0
9 1344420691837500 -2163752 55120 -246888 0
9 1344420691840000 -2149848 51856 -243920 0
9 1344420691842500 -2161320 51288 -249480 0
9 1344420691845000 -2155600 55032 -245640 0
9 1344420691847500 -2163480 55952 -247576 0
9 1344420691850000 -2151616 52808 -245912 0
9 1344420691852500 -2158640 53096 -248672 0
9 1344420691855000 -2155296 54784 -245824 0
9 1344420691857500 -2165312 54584 -248216 0
9 1344420691860000 -2152912 55936 -244832 0
9 1344420691862500 -2155672 52112 -247848 0
9 1344420691865000 -2152280 52352 -247208 0
9 1344420691867500 -2168768 56816 -246744 0
9 1344420691870000 -2148792 53304 -244120 0
9 1344420691872500 -2154608 52784 -248600 0
9 1344420691875000 -2150232 52576 -246632 0
9 1344420691877500 -2169928 57384 -245448 0
9 1344420691880000 -2148704 49792 -245064 0
9 1344420691882500 -2156672 55656 -246856 0
9 1344420691885000 -2154576 52400 -249328 0
9 1344420691887500 -2163520 53144 -245056 0
9 1344420691890000 -2160496 55704 -244888 0
9 1344420691892500 -2149960 52160 -246680 0
9 1344420691895000 -2155888 53880 -248776 0
9 1344420691897500 -2161536 51648 -247040 0
