9 1344420683700000 -2156472 53768 -245408 0
9 1344420683702500 -2157288 54168 -245760 0
9 1344420683705000 -2157536 53480 -246616 0
9 1344420683707500 -2156976 53808 -247368 0
9 1344420683710000 -2157696 55200 -248352 0
9 1344420683712500 -2156784 53440 -247864 0
9 1344420683715000 -2157224 54160 -246704 0
9 1344420683717500 -2156584 53400 -248232 0
9 1344420683720000 -2156896 54672 -246720 0
9 1344420683722500 -2157560 54632 -246448 0
9 1344420683725000 -2157568 53728 -247304 0
9 1344420683727500 -2155192 54728 -246424 0
9 1344420683730000 -2156728 53336 -247552 0
9 1344420683732500 -2158520 53856 -247032 0
9 1344420683735000 -2156376 53648 -246176 0
9 1344420683737500 -2156072 52976 -246888 0
9 1344420683740000 -2156272 52992 -246288 0
9 1344420683742500 -2156224 53752 -247560 0
9 1344420683745000 -2157512 52848 -247752 0
9 1344420683747500 -2157024 52632 -246520 0
9 1344420683750000 -2156616 54256 -246368 0
9 1344420683752500 -2157528 53984 -246480 0
9 1344420683755000 -2156936 53400 -247152 0
9 1344420683757500 -2156976 54112 -247600 0
9 1344420683760000 -2156912 53280 -247520 0
9 1344420683762500 -2157024 54856 -247208 0
9 1344420683765000 -2156776 55144 -246640 0
9 1344420683767500 -2157344 53328 -246760 0
9 1344420683770000 -2157760 54160 -245680 0
9 1344420683772500 -2156184 53928 -246688 0
9 1344420683775000 -2157856 53072 -245696 0
9 1344420683777500 -2158040 53536 -247504 0
9 1344420683780000 -2156728 53904 -246752 0
9 1344420683782500 -2157656 52664 -246832 0
9 1344420683785000 -2156704 53824 -246976 0
9 1344420683787500 -2157848 53400 -246808 0
9 1344420683790000 -2157264 53480 -247176 0
9 1344420683792500 -2156176 54856 -246496 0
9 1344420683795000 -2156576 53608 -246448 0
9 1344420683797500 -2156976 53840 -245968 0
