9 1344420712700000 -2155952 53864 -245792 0
9 1344420712702500 -2157464 53912 -246304 0
9 1344420712705000 -2156696 53864 -247176 0
9 1344420712707500 -2157944 55312 -246320 0
9 1344420712710000 -2156320 55112 -246632 0
9 1344420712712500 -2157832 54112 -246552 0
9 1344420712715000 -2156392 54096 -247088 0
9 1344420712717500 -2156072 54104 -245816 0
9 1344420712720000 -2156928 55440 -246136 0
9 1344420712722500 -2156600 54328 -247488 0
9 1344420712725000 -2157776 53480 -246664 0
9 1344420712727500 -2157112 54736 -246672 0
9 1344420712730000 -2157072 54552 -248088 0
9 1344420712732500 -2156208 53776 -245560 0
9 1344420712735000 -2156880 55024 -245752 0
9 1344420712737500 -2156360 53760 -246616 0
9 1344420712740000 -2156880 54728 -246064 0
9 1344420712742500 -2156168 54960 -246960 0
9 1344420712745000 -2157080 53512 -245608 0
9 1344420712747500 -2156912 54368 -246608 0
9 1344420712750000 -2156312 55000 -245176 0
9 1344420712752500 -2156848 54136 -246408 0
9 1344420712755000 -2156416 54560 -246048 0
9 1344420712757500 -2156752 54920 -246752 0
9 1344420712760000 -2156232 54376 -246960 0
9 1344420712762500 -2158040 53672 -246296 0
9 1344420712765000 -2157712 54240 -246688 0
9 1344420712767500 -2157512 54960 -247072 0
9 1344420712770000 -2156760 54568 -246592 0
9 1344420712772500 -2158592 54792 -246120 0
9 1344420712775000 -2156768 54896 -245984 0
9 1344420712777500 -2156424 54040 -246048 0
9 1344420712780000 -2157032 53392 -246976 0
9 1344420712782500 -2157272 54192 -245752 0
9 1344420712785000 -2157336 54008 -246816 0
9 1344420712787500 -2156952 54784 -245576 0
9 1344420712790000 -2157672 54040 -245568 0
9 1344420712792500 -2157112 53008 -246688 0
9 1344420712795000 -2157288 53808 -245296 0
9 1344420712797500 -2156720 54224 -246736 0
