9 1344420674500000 -2158200 54312 -246384 0
9 1344420674502500 -2156520 54176 -245864 0
9 1344420674505000 -2156512 54208 -247472 0
9 1344420674507500 -2157680 54056 -247448 0
9 1344420674510000 -2156752 53920 -247328 0
9 1344420674512500 -2157816 54184 -245024 0
9 1344420674515000 -2156688 53624 -245696 0
9 1344420674517500 -2157112 53536 -247200 0
9 1344420674520000 -2157288 55056 -246544 0
9 1344420674522500 -2158016 54080 -246704 0
9 1344420674525000 -2157688 53560 -247128 0
9 1344420674527500 -2158288 53184 -247232 0
9 1344420674530000 -2157136 54016 -246512 0
9 1344420674532500 -2157376 53152 -246600 0
9 1344420674535000 -2156664 53776 -245936 0
9 1344420674537500 -2156608 53344 -246912 0
9 1344420674540000 -2156824 53752 -246344 0
9 1344420674542500 -2156840 54720 -247664 0
9 1344420674545000 -2157280 53992 -246736 0
9 1344420674547500 -2157096 53408 -246416 0
9 1344420674550000 -2157592 52856 -245936 0
9 1344420674552500 -2157264 54904 -246384 0
9 1344420674555000 -2157200 53632 -247984 0
9 1344420674557500 -2157800 53056 -247408 0
9 1344420674560000 -2156472 55176 -246464 0
9 1344420674562500 -2157496 53232 -246504 0
9 1344420674565000 -2157016 53192 -247824 0
9 1344420674567500 -2156576 54304 -246544 0
9 1344420674570000 -2156712 53680 -246568 0
9 1344420674572500 -2156584 53984 -246744 0
9 1344420674575000 -2157296 54992 -245728 0
9 1344420674577500 -2157816 54904 -246888 0
9 1344420674580000 -2156320 55320 -245952 0
9 1344420674582500 -2156352 54152 -245624 0
9 1344420674585000 -2156840 53344 -247752 0
9 1344420674587500 -2157832 53784 -246560 0
9 1344420674590000 -2157496 53704 -246664 0
9 1344420674592500 -2157496 53656 -246512 0
9 1344420674595000 -2157640 54368 -246704 0
9 1344420674597500 -2157352 53792 -246400 0
