9 1344420684500000 -2158608 53680 -247552 0
9 1344420684502500 -2156808 53536 -247088 0
9 1344420684505000 -2157288 54832 -247096 0
9 1344420684507500 -2157584 55216 -247272 0
9 1344420684510000 -2156664 54024 -246744 0
9 1344420684512500 -2156344 53376 -247632 0
9 1344420684515000 -2156624 54296 -247280 0
9 1344420684517500 -2157400 54896 -247216 0
9 1344420684520000 -2156664 55296 -247400 0
9 1344420684522500 -2157296 55112 -246648 0
9 1344420684525000 -2158768 53472 -247912 0
9 1344420684527500 -2157536 54152 -246560 0
9 1344420684530000 -2156376 54232 -246304 0
9 1344420684532500 -2156536 54248 -246728 0
9 1344420684535000 -2156840 53584 -246384 0
9 1344420684537500 -2157064 53624 -246752 0
9 1344420684540000 -2157120 53416 -246248 0
9 1344420684542500 -2156872 54264 -248328 0
9 1344420684545000 -2156920 53984 -246112 0
9 1344420684547500 -2156328 51912 -247208 0
9 1344420684550000 -2156752 53968 -247224 0
9 1344420684552500 -2157352 53984 -246744 0
9 1344420684555000 -2156728 54040 -247176 0
9 1344420684557500 -2157648 53464 -246848 0
9 1344420684560000 -2157912 53192 -246552 0
9 1344420684562500 -2156008 54648 -246968 0
9 1344420684565000 -2156520 53816 -246616 0
9 1344420684567500 -2157424 54480 -246504 0
9 1344420684570000 -2157112 54496 -246600 0
9 1344420684572500 -2156968 54200 -246768 0
9 1344420684575000 -2156304 53736 -246736 0
9 1344420684577500 -2157600 54296 -246408 0
9 1344420684580000 -2155824 54560 -248040 0
9 1344420684582500 -2156768 55000 -245752 0
9 1344420684585000 -2156952 53536 -247560 0
9 1344420684587500 -2156608 54528 -246184 0
9 1344420684590000 -2157608 53728 -246384 0
9 1344420684592500 -2156920 52728 -246936 0
9 1344420684595000 -2156400 53512 -246560 0
9 1344420684597500 -2156920 53624 -247040 0
