9 1344420683800000 -2157392 54384 -246264 0
9 1344420683802500 -2157912 52728 -247208 0
9 1344420683805000 -2157296 53776 -248232 0
9 1344420683807500 -2156544 54256 -247280 0
9 1344420683810000 -2156512 54376 -246776 0
9 1344420683812500 -2157216 53896 -246200 0
9 1344420683815000 -2156480 54024 -247848 0
9 1344420683817500 -2157112 53304 -246360 0
9 1344420683820000 -2156448 52520 -246168 0
9 1344420683822500 -2157592 54616 -247080 0
9 1344420683825000 -2157320 52592 -246304 0
9 1344420683827500 -2157920 52560 -246192 0
9 1344420683830000 -2157136 53440 -247080 0
9 1344420683832500 -2156352 53184 -247944 0
9 1344420683835000 -2156680 54456 -246616 0
9 1344420683837500 -2157216 54000 -246840 0
9 1344420683840000 -2155840 53664 -245928 0
9 1344420683842500 -2157096 53408 -246944 0
9 1344420683845000 -2157416 52848 -247760 0
9 1344420683847500 -2156368 52768 -247408 0
9 1344420683850000 -2157312 52280 -247656 0
9 1344420683852500 -2157560 53512 -247760 0
9 1344420683855000 -2156824 53440 -245728 0
9 1344420683857500 -2157168 54776 -247472 0
9 1344420683860000 -2157024 53920 -247024 0
9 1344420683862500 -2156480 54416 -246824 0
9 1344420683865000 -2156032 53512 -247368 0
9 1344420683867500 -2158152 54312 -246912 0
9 1344420683870000 -2155856 52328 -247320 0
9 1344420683872500 -2155600 54208 -247992 0
9 1344420683875000 -2156104 52552 -247976 0
9 1344420683877500 -2156288 53928 -245696 0
9 1344420683880000 -2155600 54024 -246544 0
9 1344420683882500 -2156712 54144 -246496 0
9 1344420683885000 -2156344 53800 -246328 0
9 1344420683887500 -2157448 52680 -246392 0
9 1344420683890000 -2157104 54368 -247144 0
9 1344420683892500 -2156256 54240 -247712 0
9 1344420683895000 -2157104 54424 -246488 0
9 1344420683897500 -2157456 53880 -246480 0
