9 1344420703600000 -2156096 54456 -246552 0
9 1344420703602500 -2157216 53824 -245520 0
9 1344420703605000 -2156904 54048 -245984 0
9 1344420703607500 -2156872 54080 -245728 0
9 1344420703610000 -2156608 55264 -246312 0
9 1344420703612500 -2157104 53456 -247192 0
9 1344420703615000 -2156272 53040 -248304 0
9 1344420703617500 -2156296 54688 -246760 0
9 1344420703620000 -2157464 54632 -246472 0
9 1344420703622500 -2157304 54328 -245968 0
9 1344420703625000 -2156864 54464 -246840 0
9 1344420703627500 -2158008 54552 -246936 0
9 1344420703630000 -2157896 55520 -246432 0
9 1344420703632500 -2156104 54672 -247392 0
9 1344420703635000 -2156368 53816 -245664 0
9 1344420703637500 -2157848 54920 -246120 0
9 1344420703640000 -2158176 54224 -246264 0
9 1344420703642500 -2158384 54208 -247016 0
9 1344420703645000 -2156848 54056 -246968 0
9 1344420703647500 -2157112 55536 -246432 0
9 1344420703650000 -2156328 53856 -246904 0
9 1344420703652500 -2156672 54640 -247336 0
9 1344420703655000 -2157696 54632 -246920 0
9 1344420703657500 -2157088 53992 -247920 0
9 1344420703660000 -2157168 54232 -245752 0
9 1344420703662500 -2156816 54280 -246920 0
9 1344420703665000 -2157064 54248 -246824 0
9 1344420703667500 -2156328 54328 -246464 0
9 1344420703670000 -2155024 54888 -246128 0
9 1344420703672500 -2156544 54136 -247216 0
9 1344420703675000 -2156768 53480 -247608 0
9 1344420703677500 -2157624 53960 -247096 0
9 1344420703680000 -2157896 55472 -246568 0
9 1344420703682500 -2157440 54832 -246064 0
9 1344420703685000 -2156344 54744 -246584 0
9 1344420703687500 -2157104 54720 -245688 0
9 1344420703690000 -2156768 54920 -246856 0
9 1344420703692500 -2156392 53368 -247472 0
9 1344420703695000 -2156048 53808 -247856 0
9 1344420703697500 -2156152 54672 -246672 0
