9 1344420698300000 -2156744 54208 -245280 0
9 1344420698302500 -2157808 55152 -246768 0
9 1344420698305000 -2154184 53448 -246240 0
9 1344420698307500 -2158816 54104 -245744 0
9 1344420698310000 -2155240 53728 -247376 0
9 1344420698312500 -2157040 55008 -245560 0
9 1344420698315000 -2157224 54840 -246352 0
9 1344420698317500 -2156464 54600 -245552 0
9 1344420698320000 -2156128 54344 -247024 0
9 1344420698322500 -2158520 53376 -246320 0
9 1344420698325000 -2156416 53032 -246480 0
9 1344420698327500 -2157960 53656 -246808 0
9 1344420698330000 -2156896 54792 -246512 0
9 1344420698332500 -2156960 53184 -246792 0
9 1344420698335000 -2156832 54144 -246160 0
9 1344420698337500 -2158368 53904 -247056 0
9 1344420698340000 -2155736 54008 -246472 0
9 1344420698342500 -2156048 55104 -247304 0
9 1344420698345000 -2158272 54656 -247728 0
9 1344420698347500 -2156512 53152 -247632 0
9 1344420698350000 -2156288 53920 -246568 0
9 1344420698352500 -2157688 54272 -247568 0
9 1344420698355000 -2157224 53640 -246800 0
9 1344420698357500 -2157368 54104 -246784 0
9 1344420698360000 -2157864 55856 -246240 0
9 1344420698362500 -2157560 53944 -247744 0
9 1344420698365000 -2154864 54040 -245256 0
9 1344420698367500 -2159488 54672 -246528 0
9 1344420698370000 -2154928 53128 -246864 0
9 1344420698372500 -2158576 55248 -246744 0
9 1344420698375000 -2155768 53504 -246136 0
9 1344420698377500 -2158240 54032 -247200 0
9 1344420698380000 -2155392 52896 -247016 0
9 1344420698382500 -2159032 55456 -246760 0
9 1344420698385000 -2156856 53640 -246960 0
9 1344420698387500 -2156584 53800 -247888 0
9 1344420698390000 -2156216 54296 -246920 0
9 1344420698392500 -2156032 55016 -246432 0
9 1344420698395000 -2156328 54256 -246768 0
9 1344420698397500 -2157040 54168 -245752 0
