9 1344420709000000 -2156320 53368 -246072 0
9 1344420709002500 -2156504 54504 -246040 0
9 1344420709005000 -2155856 53464 -246272 0
9 1344420709007500 -2157088 54528 -245384 0
9 1344420709010000 -2156120 54160 -246704 0
9 1344420709012500 -2155944 54704 -246192 0
9 1344420709015000 -2156376 54152 -247656 0
9 1344420709017500 -2157576 54424 -246376 0
9 1344420709020000 -2156520 55288 -247168 0
9 1344420709022500 -2157120 54408 -247744 0
9 1344420709025000 -2156416 54784 -245640 0
9 1344420709027500 -2157144 54648 -246488 0
9 1344420709030000 -2157936 53872 -245592 0
9 1344420709032500 -2157272 54688 -246784 0
9 1344420709035000 -2156552 54264 -247152 0
9 1344420709037500 -2156944 54424 -246320 0
9 1344420709040000 -2155640 53480 -246472 0
9 1344420709042500 -2156728 54640 -245880 0
9 1344420709045000 -2156176 54288 -246712 0
9 1344420709047500 -2157752 54896 -246032 0
9 1344420709050000 -2157480 53952 -247272 0
9 1344420709052500 -2157032 54096 -245824 0
9 1344420709055000 -2156832 54544 -246080 0
9 1344420709057500 -2157360 55184 -247040 0
9 1344420709060000 -2157512 54432 -245720 0
9 1344420709062500 -2158304 55120 -245928 0
9 1344420709065000 -2157472 54232 -246040 0
9 1344420709067500 -2156544 53848 -245928 0
9 1344420709070000 -2157048 53064 -246256 0
9 1344420709072500 -2155920 54400 -246344 0
9 1344420709075000 -2155808 54448 -247272 0
9 1344420709077500 -2156752 53864 -247656 0
9 1344420709080000 -2156672 54224 -246040 0
9 1344420709082500 -2154648 53944 -246280 0
9 1344420709085000 -2157904 54912 -246056 0
9 1344420709087500 -2157824 53560 -246248 0
9 1344420709090000 -2157176 53480 -246952 0
9 1344420709092500 -2156248 53720 -247824 0
9 1344420709095000 -2156192 54400 -247192 0
9 1344420709097500 -2155704 53840 -246632 0
