9 1344420691900000 -2157656 51064 -244464 0
9 1344420691902500 -2157032 55256 -246792 0
9 1344420691905000 -2152992 51592 -247736 0
9 1344420691907500 -2166544 54984 -247352 0
9 1344420691910000 -2154872 57776 -239648 0
9 1344420691912500 -2154144 57760 -246240 0
9 1344420691915000 -2145968 51264 -251360 0
9 1344420691917500 -2164624 51880 -250728 0
9 1344420691920000 -2163536 60376 -238720 0
9 1344420691922500 -2151960 51040 -245728 0
9 1344420691925000 -2145768 47456 -255672 0
9 1344420691927500 -2170320 56568 -248656 0
9 1344420691930000 -2161464 56224 -237976 0
9 1344420691932500 -2152008 51168 -249264 0
9 1344420691935000 -2145112 57552 -251208 0
9 1344420691937500 -2163152 51072 -248360 0
9 1344420691940000 -2160776 53840 -240520 0
9 1344420691942500 -2146264 47792 -251248 0
9 1344420691945000 -2150344 58224 -246824 0
9 1344420691947500 -2163200 48488 -247792 0
9 1344420691950000 -2159760 57792 -244920 0
9 1344420691952500 -2151104 52856 -247392 0
9 1344420691955000 -2151624 55088 -247576 0
9 1344420691957500 -2167256 49520 -252224 0
9 1344420691960000 -2160184 57120 -242928 0
9 1344420691962500 -2154584 48624 -249992 0
9 1344420691965000 -2151680 57136 -245576 0
9 1344420691967500 -2166728 47256 -252416 0
9 1344420691970000 -2169792 58672 -243304 0
9 1344420691972500 -2151936 50560 -249208 0
9 1344420691975000 -2155096 61448 -241360 0
9 1344420691977500 -2162672 46096 -254928 0
9 1344420691980000 -2160560 61048 -242064 0
9 1344420691982500 -2151472 44728 -251584 0
9 1344420691985000 -2171864 61816 -243512 0
9 1344420691987500 -2149232 44080 -248608 0
9 1344420691990000 -2169800 65504 -248128 0
9 1344420691992500 -2143056 46896 -246936 0
9 1344420691995000 -2169648 65704 -244056 0
9 1344420691997500 -2148368 42584 -248880 0
