9 1344420708800000 -2155560 54696 -247024 0
9 1344420708802500 -2157032 54944 -246760 0
9 1344420708805000 -2156592 53744 -247176 0
9 1344420708807500 -2157720 54712 -246704 0
9 1344420708810000 -2156168 53784 -246616 0
9 1344420708812500 -2156848 53288 -247096 0
9 1344420708815000 -2154952 54032 -246504 0
9 1344420708817500 -2156464 54568 -247224 0
9 1344420708820000 -2155544 53256 -246616 0
9 1344420708822500 -2157464 53712 -246200 0
9 1344420708825000 -2156072 53648 -247128 0
9 1344420708827500 -2156184 54056 -246032 0
9 1344420708830000 -2156512 54680 -246968 0
9 1344420708832500 -2157216 53512 -245880 0
9 1344420708835000 -2156512 54816 -247176 0
9 1344420708837500 -2156120 55040 -246696 0
9 1344420708840000 -2156320 54776 -245992 0
9 1344420708842500 -2156264 54736 -246008 0
9 1344420708845000 -2157632 53768 -246056 0
9 1344420708847500 -2155776 53832 -246648 0
9 1344420708850000 -2156792 53256 -246496 0
9 1344420708852500 -2156472 54104 -246424 0
9 1344420708855000 -2157488 54336 -245576 0
9 1344420708857500 -2155776 53232 -245960 0
9 1344420708860000 -2156392 55096 -246080 0
9 1344420708862500 -2156440 53848 -245968 0
9 1344420708865000 -2156784 54408 -246264 0
9 1344420708867500 -2156792 54840 -245744 0
9 1344420708870000 -2156488 55176 -246784 0
9 1344420708872500 -2157072 54256 -246272 0
9 1344420708875000 -2157112 53848 -247048 0
9 1344420708877500 -2155512 54640 -247104 0
9 1344420708880000 -2156424 54464 -246152 0
9 1344420708882500 -2156512 54024 -246456 0
9 1344420708885000 -2156144 55056 -246808 0
9 1344420708887500 -2157200 54152 -245528 0
9 1344420708890000 -2156200 54392 -246448 0
9 1344420708892500 -2155840 54376 -246792 0
9 1344420708895000 -2157744 54304 -247328 0
9 1344420708897500 -2155976 54136 -246544 0
