9 1344420678300000 -2157232 53888 -246520 0
9 1344420678302500 -2157280 53584 -247912 0
9 1344420678305000 -2157120 53024 -246232 0
9 1344420678307500 -2157584 53448 -247072 0
9 1344420678310000 -2157128 54536 -246480 0
9 1344420678312500 -2157736 53888 -246544 0
9 1344420678315000 -2156192 53736 -246560 0
9 1344420678317500 -2157840 53552 -247576 0
9 1344420678320000 -2157712 53448 -247096 0
9 1344420678322500 -2157520 54320 -248296 0
9 1344420678325000 -2157112 54360 -246688 0
9 1344420678327500 -2157184 54304 -246696 0
9 1344420678330000 -2157080 54000 -246640 0
9 1344420678332500 -2156592 53696 -245840 0
9 1344420678335000 -2157280 53920 -245960 0
9 1344420678337500 -2156392 53440 -246208 0
9 1344420678340000 -2156872 54416 -248544 0
9 1344420678342500 -2156488 54704 -245672 0
9 1344420678345000 -2157240 54608 -247472 0
9 1344420678347500 -2156248 54624 -247040 0
9 1344420678350000 -2157832 54176 -246472 0
9 1344420678352500 -2157920 54344 -247024 0
9 1344420678355000 -2156488 55192 -248224 0
9 1344420678357500 -2156912 54048 -246560 0
9 1344420678360000 -2156416 54136 -246456 0
9 1344420678362500 -2155920 54384 -245768 0
9 1344420678365000 -2158344 54208 -247152 0
9 1344420678367500 -2156224 53032 -247216 0
9 1344420678370000 -2157944 53976 -246960 0
9 1344420678372500 -2156920 53496 -247240 0
9 1344420678375000 -2155928 53448 -246616 0
9 1344420678377500 -2158688 53440 -247048 0
9 1344420678380000 -2156400 54736 -245960 0
9 1344420678382500 -2156296 54256 -246192 0
9 1344420678385000 -2157328 54736 -246272 0
9 1344420678387500 -2156800 54992 -247248 0
9 1344420678390000 -2155536 53480 -246656 0
9 1344420678392500 -2157184 54248 -246664 0
9 1344420678395000 -2157288 53800 -247144 0
9 1344420678397500 -2157816 53656 -246392 0
