9 1344420708600000 -2157080 54528 -247608 0
9 1344420708602500 -2156352 53952 -246680 0
9 1344420708605000 -2157224 54144 -248168 0
9 1344420708607500 -2155896 54128 -246904 0
9 1344420708610000 -2156256 55016 -246248 0
9 1344420708612500 -2157264 54320 -247568 0
9 1344420708615000 -2157288 55672 -246832 0
9 1344420708617500 -2157064 53936 -246184 0
9 1344420708620000 -2158600 54696 -247488 0
9 1344420708622500 -2156928 53864 -246776 0
9 1344420708625000 -2158448 53600 -245968 0
9 1344420708627500 -2157944 54496 -247856 0
9 1344420708630000 -2157752 54024 -246752 0
9 1344420708632500 -2157144 54072 -247832 0
9 1344420708635000 -2157856 54816 -246184 0
9 1344420708637500 -2157064 54880 -247720 0
9 1344420708640000 -2156256 53968 -246592 0
9 1344420708642500 -2157216 53784 -246280 0
9 1344420708645000 -2157704 55312 -246152 0
9 1344420708647500 -2155864 54424 -246264 0
9 1344420708650000 -2156840 54888 -245656 0
9 1344420708652500 -2155920 54096 -246304 0
9 1344420708655000 -2156440 53976 -245464 0
9 1344420708657500 -2156600 54464 -246536 0
9 1344420708660000 -2157640 52800 -246936 0
9 1344420708662500 -2157264 53512 -246256 0
9 1344420708665000 -2156016 55776 -247024 0
9 1344420708667500 -2156832 52904 -247224 0
9 1344420708670000 -2155808 53632 -246416 0
9 1344420708672500 -2156432 53464 -246336 0
9 1344420708675000 -2156328 54536 -246488 0
9 1344420708677500 -2156024 52896 -247080 0
9 1344420708680000 -2156008 53848 -246552 0
9 1344420708682500 -2157016 54472 -246576 0
9 1344420708685000 -2156360 54144 -246360 0
9 1344420708687500 -2157736 54712 -246464 0
9 1344420708690000 -2156664 54176 -246544 0
9 1344420708692500 -2157920 54088 -246864 0
9 1344420708695000 -2157320 54144 -246056 0
9 1344420708697500 -2156496 55104 -247384 0
