9 1344420679200000 -2156920 54136 -247152 0
9 1344420679202500 -2157960 54816 -245704 0
9 1344420679205000 -2157520 55064 -247256 0
9 1344420679207500 -2155728 54112 -246960 0
9 1344420679210000 -2156328 52816 -245712 0
9 1344420679212500 -2157392 53576 -246488 0
9 1344420679215000 -2156192 54304 -246632 0
9 1344420679217500 -2156376 54336 -246904 0
9 1344420679220000 -2155688 53800 -247336 0
9 1344420679222500 -2157352 54144 -244896 0
9 1344420679225000 -2158128 53912 -246072 0
9 1344420679227500 -2156368 54216 -246224 0
9 1344420679230000 -2155520 54296 -246808 0
9 1344420679232500 -2157224 54776 -246336 0
9 1344420679235000 -2156368 53448 -246376 0
9 1344420679237500 -2156880 54920 -246248 0
9 1344420679240000 -2157704 54336 -246888 0
9 1344420679242500 -2158376 53424 -246048 0
9 1344420679245000 -2157432 54552 -246064 0
9 1344420679247500 -2156304 54512 -247744 0
9 1344420679250000 -2157576 54032 -247256 0
9 1344420679252500 -2156336 54224 -246272 0
9 1344420679255000 -2157936 53608 -246568 0
9 1344420679257500 -2155808 53872 -245848 0
9 1344420679260000 -2157072 52832 -247800 0
9 1344420679262500 -2157112 54712 -246752 0
9 1344420679265000 -2156728 54064 -246704 0
9 1344420679267500 -2156928 52440 -246880 0
9 1344420679270000 -2158128 54008 -246000 0
9 1344420679272500 -2157512 53912 -247432 0
9 1344420679275000 -2156360 54048 -247168 0
9 1344420679277500 -2157720 54152 -246832 0
9 1344420679280000 -2157072 52536 -246072 0
9 1344420679282500 -2157656 54720 -248048 0
9 1344420679285000 -2155824 52576 -248104 0
9 1344420679287500 -2156792 53224 -246672 0
9 1344420679290000 -2157384 53952 -247256 0
9 1344420679292500 -2156824 53376 -247104 0
9 1344420679295000 -2156664 53768 -246480 0
9 1344420679297500 -2157344 53968 -247056 0
