9 1344420705000000 -2155568 53608 -246968 0
9 1344420705002500 -2156888 54312 -248280 0
9 1344420705005000 -2156648 53560 -246808 0
9 1344420705007500 -2157648 53912 -246376 0
9 1344420705010000 -2154992 54176 -247016 0
9 1344420705012500 -2158280 54128 -246680 0
9 1344420705015000 -2155896 54304 -247504 0
9 1344420705017500 -2157072 54136 -246696 0
9 1344420705020000 -2156560 55032 -246552 0
9 1344420705022500 -2157160 54032 -246424 0
9 1344420705025000 -2157104 54272 -245808 0
9 1344420705027500 -2156944 55272 -246952 0
9 1344420705030000 -2155736 54312 -246224 0
9 1344420705032500 -2157336 54664 -247296 0
9 1344420705035000 -2155936 54560 -247200 0
9 1344420705037500 -2157208 55168 -246960 0
9 1344420705040000 -2156048 54280 -245936 0
9 1344420705042500 -2156264 53992 -246696 0
9 1344420705045000 -2155416 53552 -246328 0
9 1344420705047500 -2155688 54856 -246648 0
9 1344420705050000 -2156528 54264 -247416 0
9 1344420705052500 -2156864 54096 -246064 0
9 1344420705055000 -2157528 53816 -247056 0
9 1344420705057500 -2156240 54016 -246512 0
9 1344420705060000 -2157400 53832 -246648 0
9 1344420705062500 -2157272 53512 -247248 0
9 1344420705065000 -2157936 53632 -246576 0
9 1344420705067500 -2157016 53264 -246152 0
9 1344420705070000 -2155904 54504 -246456 0
9 1344420705072500 -2156400 53976 -246640 0
9 1344420705075000 -2156872 53536 -246856 0
9 1344420705077500 -2156720 54536 -247272 0
9 1344420705080000 -2158024 55592 -246800 0
9 1344420705082500 -2156304 56008 -246424 0
9 1344420705085000 -2157160 55464 -246576 0
9 1344420705087500 -2156464 53368 -247000 0
9 1344420705090000 -2157272 54168 -246928 0
9 1344420705092500 -2156744 54704 -245528 0
9 1344420705095000 -2158024 55368 -245832 0
9 1344420705097500 -2155864 54960 -246264 0
