9 1344420706200000 -2157592 54872 -246600 0
9 1344420706202500 -2157328 55056 -246952 0
9 1344420706205000 -2156608 53744 -246784 0
9 1344420706207500 -2156776 53816 -245904 0
9 1344420706210000 -2157528 53848 -245744 0
9 1344420706212500 -2157080 55944 -247016 0
9 1344420706215000 -2156000 55824 -246360 0
9 1344420706217500 -2156768 54240 -246304 0
9 1344420706220000 -2157328 54096 -246536 0
9 1344420706222500 -2156560 55464 -246176 0
9 1344420706225000 -2157032 54808 -245984 0
9 1344420706227500 -2156496 55384 -247280 0
9 1344420706230000 -2156528 53872 -245920 0
9 1344420706232500 -2157392 53320 -247208 0
9 1344420706235000 -2157328 54408 -247816 0
9 1344420706237500 -2156744 54776 -246040 0
9 1344420706240000 -2155680 53312 -246160 0
9 1344420706242500 -2157088 54872 -246160 0
9 1344420706245000 -2157248 53696 -246648 0
9 1344420706247500 -2156896 55176 -246256 0
9 1344420706250000 -2156704 54304 -246008 0
9 1344420706252500 -2156744 54712 -245920 0
9 1344420706255000 -2158136 54928 -246552 0
9 1344420706257500 -2157312 54680 -245304 0
9 1344420706260000 -2157784 54160 -246304 0
9 1344420706262500 -2157800 53784 -245776 0
9 1344420706265000 -2155800 53360 -246752 0
9 1344420706267500 -2157008 54160 -246416 0
9 1344420706270000 -2156424 53976 -247088 0
9 1344420706272500 -2157184 53680 -246208 0
9 1344420706275000 -2157264 54912 -245016 0
9 1344420706277500 -2157408 54152 -245776 0
9 1344420706280000 -2157464 54704 -247264 0
9 1344420706282500 -2155264 55072 -247920 0
9 1344420706285000 -2157328 54152 -246992 0
9 1344420706287500 -2155912 55288 -246640 0
9 1344420706290000 -2156640 54488 -247032 0
9 1344420706292500 -2156824 53760 -245248 0
9 1344420706295000 -2156840 53936 -246376 0
9 1344420706297500 -2156120 55024 -246032 0
