9 1344420672900000 -2157024 54784 -245848 0
9 1344420672902500 -2157560 53752 -246080 0
9 1344420672905000 -2156368 54392 -247464 0
9 1344420672907500 -2156216 53960 -247280 0
9 1344420672910000 -2157248 54840 -247440 0
9 1344420672912500 -2156752 55192 -245600 0
9 1344420672915000 -2156400 54160 -246544 0
9 1344420672917500 -2156896 55424 -246904 0
9 1344420672920000 -2156072 54192 -246432 0
9 1344420672922500 -2156208 54256 -246448 0
9 1344420672925000 -2157376 54352 -246960 0
9 1344420672927500 -2156680 53808 -246592 0
9 1344420672930000 -2156808 53592 -247584 0
9 1344420672932500 -2156984 54152 -247248 0
9 1344420672935000 -2157112 52704 -246984 0
9 1344420672937500 -2156792 53032 -247088 0
9 1344420672940000 -2157928 52864 -246872 0
9 1344420672942500 -2155936 53952 -247032 0
9 1344420672945000 -2156640 54096 -246264 0
9 1344420672947500 -2156920 54224 -247856 0
9 1344420672950000 -2158616 54528 -246544 0
9 1344420672952500 -2157056 54392 -247128 0
9 1344420672955000 -2156312 55000 -247312 0
9 1344420672957500 -2157968 54464 -246320 0
9 1344420672960000 -2157240 54408 -246864 0
9 1344420672962500 -2155920 54920 -247376 0
9 1344420672965000 -2156944 53960 -247160 0
9 1344420672967500 -2157328 54048 -247776 0
9 1344420672970000 -2156896 54144 -246296 0
9 1344420672972500 -2156480 54832 -246616 0
9 1344420672975000 -2156792 53736 -246640 0
9 1344420672977500 -2156688 53440 -247256 0
9 1344420672980000 -2157160 54840 -246944 0
9 1344420672982500 -2156984 53568 -247424 0
9 1344420672985000 -2158176 53344 -246968 0
9 1344420672987500 -2157352 54912 -246288 0
9 1344420672990000 -2156672 54520 -246184 0
9 1344420672992500 -2157480 54232 -246784 0
9 1344420672995000 -2155784 54264 -246240 0
9 1344420672997500 -2156656 54392 -246400 0
