9 1344420706300000 -2156808 55264 -246248 0
9 1344420706302500 -2157144 54376 -246552 0
9 1344420706305000 -2157824 55368 -246360 0
9 1344420706307500 -2156688 55216 -246712 0
9 1344420706310000 -2156104 55048 -246184 0
9 1344420706312500 -2157264 54184 -246752 0
9 1344420706315000 -2156512 53848 -247104 0
9 1344420706317500 -2157072 53192 -245848 0
9 1344420706320000 -2157384 53552 -246760 0
9 1344420706322500 -2157272 54160 -248464 0
9 1344420706325000 -2156872 53680 -245688 0
9 1344420706327500 -2156328 52944 -246312 0
9 1344420706330000 -2157120 55032 -246840 0
9 1344420706332500 -2156912 54592 -247168 0
9 1344420706335000 -2157232 54720 -245552 0
9 1344420706337500 -2157112 53440 -246728 0
9 1344420706340000 -2156968 54912 -245616 0
9 1344420706342500 -2158016 54920 -246952 0
9 1344420706345000 -2157288 54352 -247256 0
9 1344420706347500 -2156880 53960 -247496 0
9 1344420706350000 -2156752 53776 -246640 0
9 1344420706352500 -2157032 54728 -247000 0
9 1344420706355000 -2156368 52824 -247736 0
9 1344420706357500 -2158184 54568 -246928 0
9 1344420706360000 -2156856 53600 -246352 0
9 1344420706362500 -2158280 54032 -247408 0
9 1344420706365000 -2157088 54896 -246480 0
9 1344420706367500 -2157488 54552 -246120 0
9 1344420706370000 -2156736 54600 -246344 0
9 1344420706372500 -2156600 55160 -245536 0
9 1344420706375000 -2155952 54312 -246200 0
9 1344420706377500 -2157224 53432 -246696 0
9 1344420706380000 -2157320 54328 -245728 0
9 1344420706382500 -2158448 54136 -245888 0
9 1344420706385000 -2157784 54552 -246552 0
9 1344420706387500 -2157208 55272 -245952 0
9 1344420706390000 -2155568 55672 -246768 0
9 1344420706392500 -2156784 54448 -246864 0
9 1344420706395000 -2156712 54768 -246040 0
9 1344420706397500 -2155792 54488 -245344 0
