9 1344420699700000 -2157352 53536 -248176 0
9 1344420699702500 -2157192 52904 -246872 0
9 1344420699705000 -2155632 53624 -246800 0
9 1344420699707500 -2156760 53272 -247648 0
9 1344420699710000 -2156752 54432 -246080 0
9 1344420699712500 -2157672 54440 -248016 0
9 1344420699715000 -2156296 53576 -246784 0
9 1344420699717500 -2156520 55000 -246344 0
9 1344420699720000 -2156960 54200 -246496 0
9 1344420699722500 -2157064 54328 -247632 0
9 1344420699725000 -2155952 53368 -246728 0
9 1344420699727500 -2157408 54584 -247424 0
9 1344420699730000 -2157576 55328 -247784 0
9 1344420699732500 -2157792 53064 -247064 0
9 1344420699735000 -2155392 53848 -247424 0
9 1344420699737500 -2156456 55776 -246320 0
9 1344420699740000 -2156208 54336 -246608 0
9 1344420699742500 -2155992 53424 -246152 0
9 1344420699745000 -2156728 53240 -245968 0
9 1344420699747500 -2156496 54600 -244928 0
9 1344420699750000 -2156616 54472 -247256 0
9 1344420699752500 -2157040 53680 -246848 0
9 1344420699755000 -2156648 54856 -246800 0
9 1344420699757500 -2158000 53928 -247016 0
9 1344420699760000 -2156392 53832 -246968 0
9 1344420699762500 -2156840 54424 -246384 0
9 1344420699765000 -2157120 55192 -246936 0
9 1344420699767500 -2155976 51920 -247784 0
9 1344420699770000 -2156120 53264 -248352 0
9 1344420699772500 -2156288 54232 -247280 0
9 1344420699775000 -2157456 53344 -245928 0
9 1344420699777500 -2156360 54944 -247072 0
9 1344420699780000 -2157456 54528 -246472 0
9 1344420699782500 -2156936 52936 -246472 0
9 1344420699785000 -2156344 55200 -246136 0
9 1344420699787500 -2156160 54320 -246440 0
9 1344420699790000 -2157200 53952 -245448 0
9 1344420699792500 -2156072 54712 -247008 0
9 1344420699795000 -2157928 53416 -247064 0
9 1344420699797500 -2157016 53968 -246408 0
