9 1344420690500000 -2157888 52888 -248128 0
9 1344420690502500 -2157640 53688 -246624 0
9 1344420690505000 -2157792 54080 -247304 0
9 1344420690507500 -2157504 53688 -247176 0
9 1344420690510000 -2159272 53264 -246776 0
9 1344420690512500 -2158192 54160 -247064 0
9 1344420690515000 -2157952 53720 -246984 0
9 1344420690517500 -2158080 53984 -246584 0
9 1344420690520000 -2156416 53128 -246696 0
9 1344420690522500 -2157968 54696 -247368 0
9 1344420690525000 -2157256 54768 -246360 0
9 1344420690527500 -2157112 53992 -247528 0
9 1344420690530000 -2156912 54136 -246144 0
9 1344420690532500 -2157384 54008 -245928 0
9 1344420690535000 -2157176 53896 -247072 0
9 1344420690537500 -2157008 54144 -247320 0
9 1344420690540000 -2155656 54992 -246792 0
9 1344420690542500 -2156152 54088 -246856 0
9 1344420690545000 -2156872 53296 -247056 0
9 1344420690547500 -2155744 53328 -247304 0
9 1344420690550000 -2157544 53624 -246448 0
9 1344420690552500 -2157368 53056 -247416 0
9 1344420690555000 -2156112 52920 -247056 0
9 1344420690557500 -2156112 53488 -245888 0
9 1344420690560000 -2157696 53440 -246392 0
9 1344420690562500 -2158272 53288 -246376 0
9 1344420690565000 -2158440 53704 -246864 0
9 1344420690567500 -2156664 53360 -247320 0
9 1344420690570000 -2156672 53864 -247784 0
9 1344420690572500 -2157560 54032 -245920 0
9 1344420690575000 -2157968 53584 -246872 0
9 1344420690577500 -2156768 53072 -246104 0
9 1344420690580000 -2156624 52448 -246736 0
9 1344420690582500 -2156696 52584 -246944 0
9 1344420690585000 -2157936 53144 -246952 0
9 1344420690587500 -2157304 53080 -247784 0
9 1344420690590000 -2157552 54768 -247440 0
9 1344420690592500 -2157000 53544 -245304 0
9 1344420690595000 -2157512 52104 -246416 0
9 1344420690597500 -2155792 54504 -245728 0
