9 1344420700300000 -2157216 53272 -246600 0
9 1344420700302500 -2157992 54600 -247040 0
9 1344420700305000 -2157208 53720 -246936 0
9 1344420700307500 -2156104 54816 -247328 0
9 1344420700310000 -2156480 54544 -247120 0
9 1344420700312500 -2156768 53912 -246248 0
9 1344420700315000 -2156920 53288 -247280 0
9 1344420700317500 -2156848 54800 -247192 0
9 1344420700320000 -2156736 55104 -246848 0
9 1344420700322500 -2157328 54192 -247104 0
9 1344420700325000 -2157360 54376 -247344 0
9 1344420700327500 -2157520 54392 -246664 0
9 1344420700330000 -2157024 53832 -248032 0
9 1344420700332500 -2156616 52664 -246360 0
9 1344420700335000 -2156912 54328 -246928 0
9 1344420700337500 -2155880 53504 -247832 0
9 1344420700340000 -2158824 54120 -246584 0
9 1344420700342500 -2155424 54048 -245760 0
9 1344420700345000 -2157248 53984 -246544 0
9 1344420700347500 -2155912 53624 -246808 0
9 1344420700350000 -2158096 54936 -246920 0
9 1344420700352500 -2156752 53128 -247576 0
9 1344420700355000 -2156776 53584 -246368 0
9 1344420700357500 -2156720 52368 -245848 0
9 1344420700360000 -2158040 53792 -246464 0
9 1344420700362500 -2156640 52840 -247080 0
9 1344420700365000 -2156384 55016 -245368 0
9 1344420700367500 -2155208 52960 -246456 0
9 1344420700370000 -2156688 55544 -246464 0
9 1344420700372500 -2155728 54200 -246552 0
9 1344420700375000 -2155880 54216 -247600 0
9 1344420700377500 -2157712 54528 -246384 0
9 1344420700380000 -2155888 54256 -246816 0
9 1344420700382500 -2157872 52944 -248144 0
9 1344420700385000 -2156152 53296 -247376 0
9 1344420700387500 -2157528 54208 -247288 0
9 1344420700390000 -2156952 52912 -245832 0
9 1344420700392500 -2157384 54904 -247008 0
9 1344420700395000 -2157088 54024 -246424 0
9 1344420700397500 -2156224 53464 -247272 0
