9 1344420711000000 -2157504 54064 -245632 0
9 1344420711002500 -2157144 53984 -246952 0
9 1344420711005000 -2156504 53800 -246872 0
9 1344420711007500 -2156080 53816 -246416 0
9 1344420711010000 -2157288 54080 -246912 0
9 1344420711012500 -2156856 53408 -246056 0
9 1344420711015000 -2157160 54760 -247504 0
9 1344420711017500 -2155728 52696 -245520 0
9 1344420711020000 -2156864 53464 -246160 0
9 1344420711022500 -2157512 54472 -247016 0
9 1344420711025000 -2155752 53744 -245568 0
9 1344420711027500 -2156000 53176 -247360 0
9 1344420711030000 -2156384 53624 -247968 0
9 1344420711032500 -2156184 53680 -245736 0
9 1344420711035000 -2156496 53824 -246672 0
9 1344420711037500 -2156992 54544 -247776 0
9 1344420711040000 -2155976 55184 -246120 0
9 1344420711042500 -2157000 54248 -246168 0
9 1344420711045000 -2157464 54304 -247240 0
9 1344420711047500 -2157968 55168 -247480 0
9 1344420711050000 -2157624 53368 -246056 0
9 1344420711052500 -2155832 55960 -245592 0
9 1344420711055000 -2156112 54368 -246912 0
9 1344420711057500 -2157016 55016 -245904 0
9 1344420711060000 -2158192 54504 -246616 0
9 1344420711062500 -2156120 53472 -246864 0
9 1344420711065000 -2156664 54360 -246232 0
9 1344420711067500 -2156776 53816 -246504 0
9 1344420711070000 -2157048 54104 -246016 0
9 1344420711072500 -2158248 53936 -247616 0
9 1344420711075000 -2157664 53280 -246824 0
9 1344420711077500 -2157416 53472 -246584 0
9 1344420711080000 -2158712 54168 -245512 0
9 1344420711082500 -2156472 54176 -246152 0
9 1344420711085000 -2156656 54696 -246904 0
9 1344420711087500 -2157040 54320 -245968 0
9 1344420711090000 -2157224 55336 -246672 0
9 1344420711092500 -2156312 54424 -246936 0
9 1344420711095000 -2157896 54944 -247408 0
9 1344420711097500 -2157512 54104 -245968 0
