9 1344420709600000 -2157152 53336 -246840 0
9 1344420709602500 -2157496 53336 -246040 0
9 1344420709605000 -2156528 54792 -246152 0
9 1344420709607500 -2158536 54712 -245888 0
9 1344420709610000 -2156800 53712 -246088 0
9 1344420709612500 -2158552 54128 -247088 0
9 1344420709615000 -2155592 53408 -245984 0
9 1344420709617500 -2157160 54264 -246808 0
9 1344420709620000 -2156536 53864 -245696 0
9 1344420709622500 -2157984 54720 -246016 0
9 1344420709625000 -2156328 53888 -245248 0
9 1344420709627500 -2157856 53656 -246592 0
9 1344420709630000 -2156040 53696 -246896 0
9 1344420709632500 -2157512 54240 -245280 0
9 1344420709635000 -2155936 53784 -245744 0
9 1344420709637500 -2156656 55104 -246920 0
9 1344420709640000 -2156864 54656 -247680 0
9 1344420709642500 -2156552 54056 -245808 0
9 1344420709645000 -2156984 53840 -246296 0
9 1344420709647500 -2156768 54784 -246640 0
9 1344420709650000 -2157608 54208 -246656 0
9 1344420709652500 -2156312 54784 -247008 0
9 1344420709655000 -2156832 54696 -247392 0
9 1344420709657500 -2156416 53896 -246568 0
9 1344420709660000 -2158064 55232 -245128 0
9 1344420709662500 -2156576 55304 -246008 0
9 1344420709665000 -2157328 55624 -246912 0
9 1344420709667500 -2155664 54192 -247072 0
9 1344420709670000 -2157016 55160 -246744 0
9 1344420709672500 -2155688 55104 -246280 0
9 1344420709675000 -2156512 54304 -246448 0
9 1344420709677500 -2156184 54856 -246592 0
9 1344420709680000 -2158352 54608 -246392 0
9 1344420709682500 -2157192 54952 -247056 0
9 1344420709685000 -2157232 54696 -247272 0
9 1344420709687500 -2156640 53992 -247696 0
9 1344420709690000 -2157592 53784 -246544 0
9 1344420709692500 -2157472 55184 -246128 0
9 1344420709695000 -2156384 54616 -245736 0
9 1344420709697500 -2157784 54104 -247040 0
