9 1344420675800000 -2157608 55088 -246296 0
9 1344420675802500 -2157104 55288 -246256 0
9 1344420675805000 -2156296 55520 -245608 0
9 1344420675807500 -2156440 53736 -245696 0
9 1344420675810000 -2157304 53936 -245440 0
9 1344420675812500 -2156656 55344 -247200 0
9 1344420675815000 -2157112 54664 -246456 0
9 1344420675817500 -2157016 54080 -245424 0
9 1344420675820000 -2157104 54648 -247000 0
9 1344420675822500 -2156680 54264 -246144 0
9 1344420675825000 -2156576 53992 -246232 0
9 1344420675827500 -2157048 54776 -245664 0
9 1344420675830000 -2156640 54032 -246848 0
9 1344420675832500 -2155856 55456 -246096 0
9 1344420675835000 -2157456 55312 -246024 0
9 1344420675837500 -2157200 54136 -246040 0
9 1344420675840000 -2156480 54128 -247400 0
9 1344420675842500 -2156464 53536 -247408 0
9 1344420675845000 -2157040 53824 -247208 0
9 1344420675847500 -2156536 53984 -247104 0
9 1344420675850000 -2156560 52960 -246192 0
9 1344420675852500 -2157424 53760 -247080 0
9 1344420675855000 -2157432 54712 -246968 0
9 1344420675857500 -2157456 53544 -246656 0
9 1344420675860000 -2156408 54096 -246288 0
9 1344420675862500 -2157432 53880 -246640 0
9 1344420675865000 -2156760 53768 -246584 0
9 1344420675867500 -2157112 53944 -245960 0
9 1344420675870000 -2157176 53984 -247136 0
9 1344420675872500 -2157352 53720 -246864 0
9 1344420675875000 -2157384 53240 -247608 0
9 1344420675877500 -2156200 54168 -246896 0
9 1344420675880000 -2156456 52920 -246096 0
9 1344420675882500 -2154928 52928 -247080 0
9 1344420675885000 -2158064 54944 -246072 0
9 1344420675887500 -2157648 54672 -246976 0
9 1344420675890000 -2157016 53256 -248104 0
9 1344420675892500 -2156640 54504 -247032 0
9 1344420675895000 -2156968 53800 -246648 0
9 1344420675897500 -2157584 53064 -246880 0
