9 1344420678900000 -2157256 53928 -246544 0
9 1344420678902500 -2156632 54304 -246264 0
9 1344420678905000 -2155528 53184 -245688 0
9 1344420678907500 -2156992 53152 -247336 0
9 1344420678910000 -2157408 52440 -246888 0
9 1344420678912500 -2155704 53672 -248000 0
9 1344420678915000 -2156096 53168 -248128 0
9 1344420678917500 -2155840 52624 -246536 0
9 1344420678920000 -2157768 54128 -246864 0
9 1344420678922500 -2156816 53856 -247216 0
9 1344420678925000 -2156304 53600 -247568 0
9 1344420678927500 -2156912 54368 -246096 0
9 1344420678930000 -2157440 53448 -246432 0
9 1344420678932500 -2156848 54088 -247440 0
9 1344420678935000 -2157088 54168 -246736 0
9 1344420678937500 -2155920 54272 -246944 0
9 1344420678940000 -2156744 53512 -247096 0
9 1344420678942500 -2156544 54000 -246688 0
9 1344420678945000 -2156640 54024 -247560 0
9 1344420678947500 -2157384 54440 -247224 0
9 1344420678950000 -2156648 55264 -246664 0
9 1344420678952500 -2157744 53776 -247720 0
9 1344420678955000 -2157528 53760 -246856 0
9 1344420678957500 -2156232 53464 -246376 0
9 1344420678960000 -2158120 53960 -247360 0
9 1344420678962500 -2156736 55016 -246784 0
9 1344420678965000 -2157688 53544 -246136 0
9 1344420678967500 -2156224 53856 -246936 0
9 1344420678970000 -2156928 53968 -246648 0
9 1344420678972500 -2156472 54888 -246808 0
9 1344420678975000 -2156456 55536 -246520 0
9 1344420678977500 -2158024 55320 -246216 0
9 1344420678980000 -2156904 54000 -246664 0
9 1344420678982500 -2157368 53544 -248160 0
9 1344420678985000 -2157400 52872 -246408 0
9 1344420678987500 -2156688 55392 -247512 0
9 1344420678990000 -2156672 53592 -246744 0
9 1344420678992500 -2156120 54288 -247072 0
9 1344420678995000 -2156280 55160 -246064 0
9 1344420678997500 -2155448 54032 -246632 0
