9 1344420682300000 -2152776 53520 -247248 0
9 1344420682302500 -2165528 52024 -244936 0
9 1344420682305000 -2154744 53296 -248008 0
9 1344420682307500 -2150344 55200 -248344 0
9 1344420682310000 -2165056 53656 -245992 0
9 1344420682312500 -2155840 52248 -243288 0
9 1344420682315000 -2152632 54504 -249600 0
9 1344420682317500 -2156344 53256 -247960 0
9 1344420682320000 -2160936 51968 -244960 0
9 1344420682322500 -2155192 54240 -247616 0
9 1344420682325000 -2153656 54832 -248432 0
9 1344420682327500 -2160504 52344 -244768 0
9 1344420682330000 -2159424 53432 -245176 0
9 1344420682332500 -2152712 53536 -249072 0
9 1344420682335000 -2157072 54032 -247144 0
9 1344420682337500 -2160160 55056 -245696 0
9 1344420682340000 -2156288 55048 -246192 0
9 1344420682342500 -2155232 54304 -247040 0
9 1344420682345000 -2159160 54688 -246200 0
9 1344420682347500 -2159424 54120 -245368 0
9 1344420682350000 -2157344 55304 -246792 0
9 1344420682352500 -2155208 54176 -247120 0
9 1344420682355000 -2159032 55216 -247392 0
9 1344420682357500 -2157976 52816 -246808 0
9 1344420682360000 -2156808 54576 -249024 0
9 1344420682362500 -2155496 54464 -246752 0
9 1344420682365000 -2156928 53704 -245368 0
9 1344420682367500 -2157440 54536 -246496 0
9 1344420682370000 -2154400 54632 -246536 0
9 1344420682372500 -2155600 54408 -247152 0
9 1344420682375000 -2158712 53032 -246208 0
9 1344420682377500 -2157392 53328 -246936 0
9 1344420682380000 -2155448 54392 -246160 0
9 1344420682382500 -2158904 54824 -246960 0
9 1344420682385000 -2158056 54656 -246080 0
9 1344420682387500 -2155008 54376 -247216 0
9 1344420682390000 -2156824 54200 -247440 0
9 1344420682392500 -2159312 53904 -246864 0
9 1344420682395000 -2157896 55968 -248176 0
9 1344420682397500 -2156048 55376 -247376 0
