9 1344420703000000 -2157432 53368 -246256 0
9 1344420703002500 -2157736 53744 -246360 0
9 1344420703005000 -2156512 52784 -245944 0
9 1344420703007500 -2157664 54760 -245840 0
9 1344420703010000 -2155168 53824 -248320 0
9 1344420703012500 -2158040 53792 -247024 0
9 1344420703015000 -2155880 53992 -247408 0
9 1344420703017500 -2156168 54352 -246968 0
9 1344420703020000 -2155680 54832 -246280 0
9 1344420703022500 -2156432 54888 -247160 0
9 1344420703025000 -2156544 54160 -246816 0
9 1344420703027500 -2156880 55016 -246832 0
9 1344420703030000 -2155744 55344 -246232 0
9 1344420703032500 -2157136 54472 -246248 0
9 1344420703035000 -2156640 54992 -246952 0
9 1344420703037500 -2156296 52920 -247416 0
9 1344420703040000 -2156392 54360 -247256 0
9 1344420703042500 -2156872 55208 -245896 0
9 1344420703045000 -2157768 53576 -246600 0
9 1344420703047500 -2156024 53864 -247248 0
9 1344420703050000 -2156328 53240 -246128 0
9 1344420703052500 -2156432 55016 -246136 0
9 1344420703055000 -2157152 54904 -247032 0
9 1344420703057500 -2156968 53584 -247520 0
9 1344420703060000 -2157960 54560 -246168 0
9 1344420703062500 -2156728 54176 -247672 0
9 1344420703065000 -2156712 54480 -246752 0
9 1344420703067500 -2156520 54808 -246824 0
9 1344420703070000 -2156992 54536 -248016 0
9 1344420703072500 -2155424 54536 -245528 0
9 1344420703075000 -2156856 53768 -246992 0
9 1344420703077500 -2157688 54872 -247152 0
9 1344420703080000 -2156896 55864 -246608 0
9 1344420703082500 -2155976 53960 -246464 0
9 1344420703085000 -2157024 54792 -246424 0
9 1344420703087500 -2157488 53616 -245960 0
9 1344420703090000 -2158264 53472 -246528 0
9 1344420703092500 -2156320 55640 -246160 0
9 1344420703095000 -2156816 55832 -246296 0
9 1344420703097500 -2156632 53656 -246808 0
