9 1344420690200000 -2157296 53784 -247216 0
9 1344420690202500 -2157408 54288 -247176 0
9 1344420690205000 -2157464 53424 -247208 0
9 1344420690207500 -2157216 54712 -247360 0
9 1344420690210000 -2156656 54200 -247216 0
9 1344420690212500 -2157488 53800 -246576 0
9 1344420690215000 -2157008 54776 -247168 0
9 1344420690217500 -2156560 55160 -246168 0
9 1344420690220000 -2157184 55384 -247000 0
9 1344420690222500 -2156992 55000 -246168 0
9 1344420690225000 -2157072 55120 -245784 0
9 1344420690227500 -2157376 55304 -246944 0
9 1344420690230000 -2156528 54584 -246224 0
9 1344420690232500 -2156456 54664 -246752 0
9 1344420690235000 -2159040 53608 -247592 0
9 1344420690237500 -2156984 54432 -246096 0
9 1344420690240000 -2157136 53832 -246560 0
9 1344420690242500 -2157320 54992 -246784 0
9 1344420690245000 -2156520 54776 -247224 0
9 1344420690247500 -2157136 52832 -247096 0
9 1344420690250000 -2156592 54384 -246816 0
9 1344420690252500 -2156688 54216 -248184 0
9 1344420690255000 -2156952 54392 -246176 0
9 1344420690257500 -2156200 54352 -245816 0
9 1344420690260000 -2158064 55464 -248328 0
9 1344420690262500 -2156664 54368 -246512 0
9 1344420690265000 -2156056 54304 -245776 0
9 1344420690267500 -2156440 54264 -246440 0
9 1344420690270000 -2157408 53832 -246288 0
9 1344420690272500 -2157912 54400 -246312 0
9 1344420690275000 -2157144 53760 -246464 0
9 1344420690277500 -2158360 53824 -246168 0
9 1344420690280000 -2156792 54936 -245848 0
9 1344420690282500 -2157552 55128 -247008 0
9 1344420690285000 -2157328 55128 -248464 0
9 1344420690287500 -2156512 54304 -247344 0
9 1344420690290000 -2156896 54680 -247552 0
9 1344420690292500 -2157464 54504 -247056 0
9 1344420690295000 -2156192 54448 -246240 0
9 1344420690297500 -2157600 53896 -246904 0
