9 1344420671800000 -2158000 55008 -247416 0
9 1344420671802500 -2156872 54624 -247064 0
9 1344420671805000 -2158504 54104 -247288 0
9 1344420671807500 -2155320 54552 -246744 0
9 1344420671810000 -2155560 53720 -247000 0
9 1344420671812500 -2158504 53584 -246456 0
9 1344420671815000 -2157256 54832 -247856 0
9 1344420671817500 -2156536 53816 -246736 0
9 1344420671820000 -2156368 53688 -246880 0
9 1344420671822500 -2157520 53760 -247512 0
9 1344420671825000 -2156576 54056 -246888 0
9 1344420671827500 -2156688 53896 -245960 0
9 1344420671830000 -2157464 54648 -246704 0
9 1344420671832500 -2157208 52512 -246416 0
9 1344420671835000 -2157872 54432 -247552 0
9 1344420671837500 -2156592 53696 -246504 0
9 1344420671840000 -2156480 52592 -246664 0
9 1344420671842500 -2156376 54832 -247584 0
9 1344420671845000 -2156264 55072 -246912 0
9 1344420671847500 -2156152 54432 -245560 0
9 1344420671850000 -2157704 54744 -247456 0
9 1344420671852500 -2157000 53688 -247248 0
9 1344420671855000 -2156776 54544 -247136 0
9 1344420671857500 -2157912 53984 -246936 0
9 1344420671860000 -2155560 54800 -246928 0
9 1344420671862500 -2156936 54896 -248456 0
9 1344420671865000 -2158128 53800 -247040 0
9 1344420671867500 -2157272 54296 -246976 0
9 1344420671870000 -2156904 53352 -247352 0
9 1344420671872500 -2157664 55344 -246848 0
9 1344420671875000 -2158336 53648 -246432 0
9 1344420671877500 -2157392 53736 -246504 0
9 1344420671880000 -2157944 53328 -245432 0
9 1344420671882500 -2156936 54408 -246920 0
9 1344420671885000 -2157800 53864 -247024 0
9 1344420671887500 -2156696 53920 -245944 0
9 1344420671890000 -2156832 54840 -246632 0
9 1344420671892500 -2157040 53520 -246888 0
9 1344420671895000 -2157472 54176 -246680 0
9 1344420671897500 -2157688 54448 -247216 0
