9 1344420669300000 -2157728 54200 -246512 0
9 1344420669302500 -2158624 53168 -245496 0
9 1344420669305000 -2158224 54232 -245864 0
9 1344420669307500 -2157768 54064 -246480 0
9 1344420669310000 -2159136 53752 -246432 0
9 1344420669312500 -2156432 53872 -245432 0
9 1344420669315000 -2157160 54008 -246568 0
9 1344420669317500 -2157528 54256 -247128 0
9 1344420669320000 -2157424 54648 -246672 0
9 1344420669322500 -2156976 54656 -246976 0
9 1344420669325000 -2157080 54152 -246848 0
9 1344420669327500 -2157272 54136 -246368 0
9 1344420669330000 -2156856 53952 -246880 0
9 1344420669332500 -2157952 54400 -246552 0
9 1344420669335000 -2156176 53976 -246440 0
9 1344420669337500 -2157576 53168 -245904 0
9 1344420669340000 -2156968 54184 -246096 0
9 1344420669342500 -2156232 54704 -246344 0
9 1344420669345000 -2156720 55032 -246224 0
9 1344420669347500 -2157488 54640 -247648 0
9 1344420669350000 -2156960 54168 -245336 0
9 1344420669352500 -2156832 53920 -246272 0
9 1344420669355000 -2157560 54992 -245952 0
9 1344420669357500 -2157120 54304 -247024 0
9 1344420669360000 -2157376 55136 -246952 0
9 1344420669362500 -2157352 56624 -246880 0
9 1344420669365000 -2157200 53984 -247400 0
9 1344420669367500 -2157640 54784 -247216 0
9 1344420669370000 -2157392 53416 -246576 0
9 1344420669372500 -2156776 53856 -246104 0
9 1344420669375000 -2157424 53512 -247000 0
9 1344420669377500 -2157248 55104 -246968 0
9 1344420669380000 -2157664 55192 -248160 0
9 1344420669382500 -2156952 53496 -245920 0
9 1344420669385000 -2156520 53408 -246816 0
9 1344420669387500 -2157192 53488 -248608 0
9 1344420669390000 -2157752 54488 -246072 0
9 1344420669392500 -2156544 53896 -247296 0
9 1344420669395000 -2158072 54808 -247424 0
9 1344420669397500 -2156888 53808 -247112 0
