9 1344420689600000 -2157184 53280 -247400 0
9 1344420689602500 -2157184 54664 -246848 0
9 1344420689605000 -2156368 53512 -246208 0
9 1344420689607500 -2157464 53024 -246776 0
9 1344420689610000 -2156320 53920 -246520 0
9 1344420689612500 -2157200 53088 -247864 0
9 1344420689615000 -2156400 52312 -246960 0
9 1344420689617500 -2157160 54144 -246600 0
9 1344420689620000 -2157400 53336 -246080 0
9 1344420689622500 -2157496 54664 -247256 0
9 1344420689625000 -2155352 52976 -246824 0
9 1344420689627500 -2157544 53848 -247160 0
9 1344420689630000 -2157144 54368 -246312 0
9 1344420689632500 -2158384 53416 -247264 0
9 1344420689635000 -2157760 54056 -245896 0
9 1344420689637500 -2158576 54680 -247040 0
9 1344420689640000 -2158136 55176 -245872 0
9 1344420689642500 -2156832 54024 -246448 0
9 1344420689645000 -2157024 54416 -247232 0
9 1344420689647500 -2158048 53808 -247152 0
9 1344420689650000 -2156776 53080 -246264 0
9 1344420689652500 -2157528 53528 -246248 0
9 1344420689655000 -2157520 53216 -247720 0
9 1344420689657500 -2156864 53504 -246472 0
9 1344420689660000 -2155664 55448 -247680 0
9 1344420689662500 -2158296 53904 -245824 0
9 1344420689665000 -2156576 53560 -247360 0
9 1344420689667500 -2158632 54344 -247120 0
9 1344420689670000 -2157528 54208 -245840 0
9 1344420689672500 -2157248 53472 -246408 0
9 1344420689675000 -2157016 54696 -246392 0
9 1344420689677500 -2157984 54336 -246104 0
9 1344420689680000 -2156936 53008 -247088 0
9 1344420689682500 -2157888 53392 -246944 0
9 1344420689685000 -2156816 54296 -247328 0
9 1344420689687500 -2157640 55208 -245984 0
9 1344420689690000 -2157592 54280 -247208 0
9 1344420689692500 -2157192 53592 -247832 0
9 1344420689695000 -2157128 53896 -245936 0
9 1344420689697500 -2156872 54008 -246296 0
