9 1344420696800000 -2158280 54512 -246088 0
9 1344420696802500 -2157752 53752 -248048 0
9 1344420696805000 -2156344 55464 -247568 0
9 1344420696807500 -2157968 55024 -245472 0
9 1344420696810000 -2156912 53568 -246744 0
9 1344420696812500 -2158920 53888 -246336 0
9 1344420696815000 -2156792 53896 -245424 0
9 1344420696817500 -2157232 55152 -248248 0
9 1344420696820000 -2158424 54088 -246808 0
9 1344420696822500 -2155928 54208 -246040 0
9 1344420696825000 -2158016 54168 -248040 0
9 1344420696827500 -2157200 54064 -245776 0
9 1344420696830000 -2157264 53696 -246976 0
9 1344420696832500 -2156568 53520 -246552 0
9 1344420696835000 -2156136 54352 -247976 0
9 1344420696837500 -2155624 54256 -247416 0
9 1344420696840000 -2156128 52200 -246776 0
9 1344420696842500 -2159392 55656 -247096 0
9 1344420696845000 -2153712 53776 -243952 0
9 1344420696847500 -2161168 54992 -247992 0
9 1344420696850000 -2152688 55296 -245768 0
9 1344420696852500 -2156800 54224 -246336 0
9 1344420696855000 -2157792 53464 -247304 0
9 1344420696857500 -2155600 54128 -244656 0
9 1344420696860000 -2157688 54568 -247416 0
9 1344420696862500 -2154240 53336 -245424 0
9 1344420696865000 -2160552 54400 -247160 0
9 1344420696867500 -2154504 53360 -246208 0
9 1344420696870000 -2159192 55040 -248056 0
9 1344420696872500 -2156576 55392 -246136 0
9 1344420696875000 -2158792 53520 -246000 0
9 1344420696877500 -2158288 54752 -248520 0
9 1344420696880000 -2153312 53536 -245712 0
9 1344420696882500 -2161208 55512 -249104 0
9 1344420696885000 -2154368 53808 -245792 0
9 1344420696887500 -2158304 55448 -246648 0
9 1344420696890000 -2154232 54016 -246672 0
9 1344420696892500 -2157392 53728 -247160 0
9 1344420696895000 -2157424 54616 -248656 0
9 1344420696897500 -2155840 52896 -246032 0
