9 1344420676000000 -2156376 53856 -247200 0
9 1344420676002500 -2157456 53704 -246240 0
9 1344420676005000 -2157176 53952 -247400 0
9 1344420676007500 -2157736 53904 -246440 0
9 1344420676010000 -2158128 54288 -247440 0
9 1344420676012500 -2157704 54296 -246128 0
9 1344420676015000 -2157712 53600 -246600 0
9 1344420676017500 -2158552 53632 -245368 0
9 1344420676020000 -2157120 54952 -246384 0
9 1344420676022500 -2156888 54312 -246888 0
9 1344420676025000 -2157312 53784 -245880 0
9 1344420676027500 -2156480 54040 -246504 0
9 1344420676030000 -2157880 54384 -247112 0
9 1344420676032500 -2157016 54136 -246936 0
9 1344420676035000 -2156656 52328 -244448 0
9 1344420676037500 -2155984 53816 -245664 0
9 1344420676040000 -2157016 53632 -246032 0
9 1344420676042500 -2157904 55024 -245392 0
9 1344420676045000 -2157640 55264 -245864 0
9 1344420676047500 -2157680 54328 -246696 0
9 1344420676050000 -2156776 53176 -245472 0
9 1344420676052500 -2156784 54432 -246896 0
9 1344420676055000 -2157112 54536 -247040 0
9 1344420676057500 -2157992 55096 -245928 0
9 1344420676060000 -2156440 54568 -246480 0
9 1344420676062500 -2157144 53408 -246672 0
9 1344420676065000 -2155864 53272 -247152 0
9 1344420676067500 -2157992 53752 -247272 0
9 1344420676070000 -2157880 53536 -245904 0
9 1344420676072500 -2157512 55480 -247560 0
9 1344420676075000 -2156696 54776 -246224 0
9 1344420676077500 -2157312 53352 -246480 0
9 1344420676080000 -2156736 54424 -245688 0
9 1344420676082500 -2156336 55080 -245712 0
9 1344420676085000 -2158560 53984 -246008 0
9 1344420676087500 -2157544 54552 -246768 0
9 1344420676090000 -2157840 54496 -247416 0
9 1344420676092500 -2157464 53432 -247120 0
9 1344420676095000 -2157936 55160 -245144 0
9 1344420676097500 -2157344 54600 -245960 0
