9 1344420679500000 -2156952 53392 -247152 0
9 1344420679502500 -2157408 53944 -246184 0
9 1344420679505000 -2157056 52952 -246304 0
9 1344420679507500 -2156176 54416 -247504 0
9 1344420679510000 -2156952 53112 -247208 0
9 1344420679512500 -2157664 53176 -246568 0
9 1344420679515000 -2156768 53824 -247208 0
9 1344420679517500 -2156200 54192 -247904 0
9 1344420679520000 -2157720 53104 -246624 0
9 1344420679522500 -2157616 54448 -248040 0
9 1344420679525000 -2155928 53104 -246992 0
9 1344420679527500 -2156864 52808 -246616 0
9 1344420679530000 -2158080 52656 -248176 0
9 1344420679532500 -2155664 53600 -246888 0
9 1344420679535000 -2157408 53632 -246904 0
9 1344420679537500 -2156360 52912 -246552 0
9 1344420679540000 -2157328 53320 -246488 0
9 1344420679542500 -2156888 52600 -247392 0
9 1344420679545000 -2156288 53792 -247104 0
9 1344420679547500 -2155176 53448 -246912 0
9 1344420679550000 -2155952 53720 -246592 0
9 1344420679552500 -2157832 53544 -246768 0
9 1344420679555000 -2157104 53144 -246984 0
9 1344420679557500 -2158184 52960 -246152 0
9 1344420679560000 -2157376 53576 -247080 0
9 1344420679562500 -2156872 53088 -245600 0
9 1344420679565000 -2156128 54096 -247016 0
9 1344420679567500 -2157288 53024 -247688 0
9 1344420679570000 -2158800 52568 -246736 0
9 1344420679572500 -2156704 53144 -245904 0
9 1344420679575000 -2156936 54088 -246088 0
9 1344420679577500 -2157024 53376 -247072 0
9 1344420679580000 -2156760 53208 -246976 0
9 1344420679582500 -2157720 53904 -247128 0
9 1344420679585000 -2156848 52520 -247392 0
9 1344420679587500 -2156616 53632 -246968 0
9 1344420679590000 -2156664 53016 -247816 0
9 1344420679592500 -2157192 53888 -247432 0
9 1344420679595000 -2156984 52840 -247208 0
9 1344420679597500 -2156568 53384 -247104 0
