9 1344420703100000 -2158224 54144 -246360 0
9 1344420703102500 -2156016 53896 -246832 0
9 1344420703105000 -2156000 54944 -246112 0
9 1344420703107500 -2156472 55072 -246072 0
9 1344420703110000 -2157416 54544 -245768 0
9 1344420703112500 -2156640 54056 -247392 0
9 1344420703115000 -2157344 53944 -248048 0
9 1344420703117500 -2156360 53040 -246240 0
9 1344420703120000 -2156536 54688 -245584 0
9 1344420703122500 -2158288 54472 -247568 0
9 1344420703125000 -2156120 54000 -245344 0
9 1344420703127500 -2156552 53680 -246272 0
9 1344420703130000 -2155632 53776 -248168 0
9 1344420703132500 -2158440 54640 -247560 0
9 1344420703135000 -2155760 53480 -245776 0
9 1344420703137500 -2155816 54160 -246688 0
9 1344420703140000 -2154840 54008 -246224 0
9 1344420703142500 -2156656 54304 -246616 0
9 1344420703145000 -2156216 53864 -247216 0
9 1344420703147500 -2156504 55360 -246648 0
9 1344420703150000 -2155216 54504 -245840 0
9 1344420703152500 -2156896 54352 -246560 0
9 1344420703155000 -2156432 53480 -247112 0
9 1344420703157500 -2158432 54432 -246016 0
9 1344420703160000 -2155872 54056 -246264 0
9 1344420703162500 -2156920 53600 -247048 0
9 1344420703165000 -2157216 54024 -246456 0
9 1344420703167500 -2157560 53952 -246096 0
9 1344420703170000 -2156128 53328 -246768 0
9 1344420703172500 -2157832 53968 -245872 0
9 1344420703175000 -2156840 53528 -246120 0
9 1344420703177500 -2156456 53400 -246224 0
9 1344420703180000 -2157512 53464 -246472 0
9 1344420703182500 -2156672 53728 -246168 0
9 1344420703185000 -2156936 53376 -247128 0
9 1344420703187500 -2157456 53992 -246880 0
9 1344420703190000 -2157624 55416 -246304 0
9 1344420703192500 -2155752 53968 -246896 0
9 1344420703195000 -2157848 54952 -246824 0
9 1344420703197500 -2157080 54552 -247464 0
