9 1344420705600000 -2156704 53784 -245664 0
9 1344420705602500 -2156896 53656 -247912 0
9 1344420705605000 -2155728 54040 -248296 0
9 1344420705607500 -2156224 53552 -245760 0
9 1344420705610000 -2156952 53872 -246800 0
9 1344420705612500 -2158288 55048 -247312 0
9 1344420705615000 -2157520 54312 -246392 0
9 1344420705617500 -2156792 54800 -246592 0
9 1344420705620000 -2156600 54080 -246976 0
9 1344420705622500 -2155632 54288 -246240 0
9 1344420705625000 -2157056 54824 -247576 0
9 1344420705627500 -2157312 53936 -246248 0
9 1344420705630000 -2158704 54616 -246224 0
9 1344420705632500 -2156384 54360 -246096 0
9 1344420705635000 -2158184 55064 -246440 0
9 1344420705637500 -2158056 53376 -246552 0
9 1344420705640000 -2157288 55176 -246624 0
9 1344420705642500 -2156888 55584 -247528 0
9 1344420705645000 -2157176 56416 -246448 0
9 1344420705647500 -2156728 54536 -245904 0
9 1344420705650000 -2157144 55288 -247704 0
9 1344420705652500 -2156960 54456 -245656 0
9 1344420705655000 -2156864 54792 -245528 0
9 1344420705657500 -2156544 55400 -245688 0
9 1344420705660000 -2157648 54384 -246280 0
9 1344420705662500 -2155328 55152 -247392 0
9 1344420705665000 -2157984 54664 -246960 0
9 1344420705667500 -2156904 54312 -247136 0
9 1344420705670000 -2156992 54520 -246800 0
9 1344420705672500 -2156128 54560 -246816 0
9 1344420705675000 -2157024 54776 -246912 0
9 1344420705677500 -2157344 55016 -246208 0
9 1344420705680000 -2156584 55008 -246344 0
9 1344420705682500 -2156872 53968 -246832 0
9 1344420705685000 -2155864 55120 -246992 0
9 1344420705687500 -2158096 54272 -247160 0
9 1344420705690000 -2157344 54712 -247072 0
9 1344420705692500 -2156216 55440 -246552 0
9 1344420705695000 -2157176 55200 -245072 0
9 1344420705697500 -2156712 54720 -246760 0
