9 1344420710500000 -2157584 53120 -245736 0
9 1344420710502500 -2157504 53072 -246408 0
9 1344420710505000 -2157656 54720 -246440 0
9 1344420710507500 -2156536 53520 -247688 0
9 1344420710510000 -2157728 54128 -246840 0
9 1344420710512500 -2157344 52680 -247888 0
9 1344420710515000 -2156304 52624 -246328 0
9 1344420710517500 -2155696 53520 -247672 0
9 1344420710520000 -2157128 53064 -246408 0
9 1344420710522500 -2157416 53944 -247008 0
9 1344420710525000 -2157368 54520 -246896 0
9 1344420710527500 -2157008 54200 -245832 0
9 1344420710530000 -2157072 54896 -247288 0
9 1344420710532500 -2157840 53248 -247392 0
9 1344420710535000 -2156776 54736 -245928 0
9 1344420710537500 -2156976 54600 -247456 0
9 1344420710540000 -2157680 53512 -247328 0
9 1344420710542500 -2156808 54144 -246128 0
9 1344420710545000 -2156320 53760 -247704 0
9 1344420710547500 -2158176 53200 -247432 0
9 1344420710550000 -2156192 53064 -246024 0
9 1344420710552500 -2157064 53744 -247704 0
9 1344420710555000 -2157248 54216 -247152 0
9 1344420710557500 -2156784 53728 -246376 0
9 1344420710560000 -2156680 52960 -246520 0
9 1344420710562500 -2157272 54920 -245832 0
9 1344420710565000 -2156504 54248 -246000 0
9 1344420710567500 -2156800 53552 -247104 0
9 1344420710570000 -2156600 53056 -246504 0
9 1344420710572500 -2156248 53720 -246560 0
9 1344420710575000 -2155832 53168 -247536 0
9 1344420710577500 -2156880 52976 -246016 0
9 1344420710580000 -2157472 53200 -245528 0
9 1344420710582500 -2156368 52848 -247256 0
9 1344420710585000 -2157320 53216 -246920 0
9 1344420710587500 -2156800 55192 -247360 0
9 1344420710590000 -2157512 53672 -246512 0
9 1344420710592500 -2156520 54816 -246968 0
9 1344420710595000 -2156528 53624 -246664 0
9 1344420710597500 -2157712 53688 -246792 0
