9 1344420678000000 -2157672 54328 -247592 0
9 1344420678002500 -2157608 54056 -246640 0
9 1344420678005000 -2157240 53336 -247160 0
9 1344420678007500 -2157840 54360 -245896 0
9 1344420678010000 -2157696 54184 -246760 0
9 1344420678012500 -2157504 53352 -247544 0
9 1344420678015000 -2156216 54232 -246400 0
9 1344420678017500 -2157168 54368 -246656 0
9 1344420678020000 -2157056 53832 -246312 0
9 1344420678022500 -2156672 54760 -246176 0
9 1344420678025000 -2157600 53976 -245912 0
9 1344420678027500 -2156344 54296 -246200 0
9 1344420678030000 -2157344 54624 -246112 0
9 1344420678032500 -2156760 53568 -246560 0
9 1344420678035000 -2156992 54464 -247680 0
9 1344420678037500 -2155512 54488 -246672 0
9 1344420678040000 -2156664 53760 -247152 0
9 1344420678042500 -2155784 54192 -246448 0
9 1344420678045000 -2158176 54280 -246408 0
9 1344420678047500 -2156808 53952 -246488 0
9 1344420678050000 -2157160 54440 -245640 0
9 1344420678052500 -2156512 53928 -246640 0
9 1344420678055000 -2158128 53536 -245608 0
9 1344420678057500 -2157992 54952 -245704 0
9 1344420678060000 -2156504 54296 -246672 0
9 1344420678062500 -2156568 54200 -246256 0
9 1344420678065000 -2156440 53704 -246560 0
9 1344420678067500 -2157848 52368 -247536 0
9 1344420678070000 -2156384 53824 -246912 0
9 1344420678072500 -2155608 54232 -246640 0
9 1344420678075000 -2156880 53976 -246360 0
9 1344420678077500 -2157016 53544 -245512 0
9 1344420678080000 -2157016 54256 -246296 0
9 1344420678082500 -2157384 53816 -246840 0
9 1344420678085000 -2156160 54376 -246704 0
9 1344420678087500 -2156104 53528 -247544 0
9 1344420678090000 -2157560 54808 -247456 0
9 1344420678092500 -2157032 54104 -245832 0
9 1344420678095000 -2156312 53680 -245832 0
9 1344420678097500 -2157872 54440 -245712 0
