9 1344420715600000 -2156960 54736 -247792 0
9 1344420715602500 -2156912 54184 -247048 0
9 1344420715605000 -2155936 54200 -245408 0
9 1344420715607500 -2156736 53560 -246600 0
9 1344420715610000 -2156944 54568 -247376 0
9 1344420715612500 -2156048 54736 -246368 0
9 1344420715615000 -2156832 53848 -246152 0
9 1344420715617500 -2157696 53456 -246392 0
9 1344420715620000 -2156984 53784 -246088 0
9 1344420715622500 -2158056 53312 -246872 0
9 1344420715625000 -2156856 54088 -246632 0
9 1344420715627500 -2155920 54496 -245816 0
9 1344420715630000 -2157504 54320 -245912 0
9 1344420715632500 -2157032 53528 -246392 0
9 1344420715635000 -2156416 53896 -246392 0
9 1344420715637500 -2156456 54992 -246760 0
9 1344420715640000 -2156824 54192 -245192 0
9 1344420715642500 -2157304 56112 -246280 0
9 1344420715645000 -2156864 54616 -246120 0
9 1344420715647500 -2157296 53808 -246528 0
9 1344420715650000 -2157208 54464 -247792 0
9 1344420715652500 -2158232 55016 -246248 0
9 1344420715655000 -2157112 54040 -245672 0
9 1344420715657500 -2158680 54704 -246648 0
9 1344420715660000 -2157328 53752 -246952 0
9 1344420715662500 -2158288 55352 -246448 0
9 1344420715665000 -2157104 55816 -246288 0
9 1344420715667500 -2157480 54672 -246584 0
9 1344420715670000 -2156736 52528 -246224 0
9 1344420715672500 -2156312 54640 -247576 0
9 1344420715675000 -2158088 53864 -246584 0
9 1344420715677500 -2156488 53776 -246864 0
9 1344420715680000 -2158032 54352 -246456 0
9 1344420715682500 -2157552 54384 -247440 0
9 1344420715685000 -2156744 53048 -247616 0
9 1344420715687500 -2157128 54192 -246960 0
9 1344420715690000 -2156072 55464 -246384 0
9 1344420715692500 -2158032 54016 -247424 0
9 1344420715695000 -2157656 54352 -247240 0
9 1344420715697500 -2156784 55192 -246344 0
