9 1344420697500000 -2159416 55848 -246976 0
9 1344420697502500 -2154664 51864 -246328 0
9 1344420697505000 -2156960 55424 -245264 0
9 1344420697507500 -2160984 54016 -246160 0
9 1344420697510000 -2153280 54032 -246904 0
9 1344420697512500 -2156584 55456 -248152 0
9 1344420697515000 -2156720 53752 -245000 0
9 1344420697517500 -2157464 53440 -245712 0
9 1344420697520000 -2154368 53360 -246856 0
9 1344420697522500 -2161144 53832 -247456 0
9 1344420697525000 -2152464 54024 -245656 0
9 1344420697527500 -2159792 55192 -247456 0
9 1344420697530000 -2155872 53256 -246064 0
9 1344420697532500 -2159104 53392 -245112 0
9 1344420697535000 -2156592 54704 -246536 0
9 1344420697537500 -2157416 53312 -246448 0
9 1344420697540000 -2159336 54432 -247416 0
9 1344420697542500 -2155656 53096 -245320 0
9 1344420697545000 -2157472 54816 -247752 0
9 1344420697547500 -2154760 51384 -246472 0
9 1344420697550000 -2159440 53872 -246080 0
9 1344420697552500 -2155128 52648 -247096 0
9 1344420697555000 -2153984 55224 -244696 0
9 1344420697557500 -2159448 54144 -249336 0
9 1344420697560000 -2153696 53088 -244336 0
9 1344420697562500 -2159864 55224 -247432 0
9 1344420697565000 -2150696 52408 -245872 0
9 1344420697567500 -2164024 55320 -247832 0
9 1344420697570000 -2153360 52216 -245712 0
9 1344420697572500 -2159608 55512 -247000 0
9 1344420697575000 -2155224 53568 -247104 0
9 1344420697577500 -2157120 54392 -245320 0
9 1344420697580000 -2157712 53704 -248952 0
9 1344420697582500 -2153328 53952 -245264 0
9 1344420697585000 -2161928 54288 -247400 0
9 1344420697587500 -2152848 52728 -245744 0
9 1344420697590000 -2161184 55488 -247528 0
9 1344420697592500 -2151528 53184 -246688 0
9 1344420697595000 -2161384 54712 -246104 0
9 1344420697597500 -2155360 53376 -247240 0
