9 1344420687200000 -2158416 54296 -246152 0
9 1344420687202500 -2157000 53344 -246528 0
9 1344420687205000 -2156816 54000 -246792 0
9 1344420687207500 -2156792 54056 -247080 0
9 1344420687210000 -2156712 54256 -247168 0
9 1344420687212500 -2158704 53872 -245656 0
9 1344420687215000 -2157568 54032 -246720 0
9 1344420687217500 -2157320 54512 -246848 0
9 1344420687220000 -2157752 54328 -246784 0
9 1344420687222500 -2157328 53864 -246840 0
9 1344420687225000 -2157144 54200 -246760 0
9 1344420687227500 -2155688 54448 -246424 0
9 1344420687230000 -2157560 53664 -246312 0
9 1344420687232500 -2157096 54080 -245944 0
9 1344420687235000 -2157360 55008 -246944 0
9 1344420687237500 -2156760 53776 -247448 0
9 1344420687240000 -2156832 55384 -246664 0
9 1344420687242500 -2156784 54008 -247384 0
9 1344420687245000 -2157512 55312 -247824 0
9 1344420687247500 -2157376 54424 -245936 0
9 1344420687250000 -2156824 53568 -247224 0
9 1344420687252500 -2157328 55064 -247184 0
9 1344420687255000 -2156728 53888 -246344 0
9 1344420687257500 -2156816 56272 -246784 0
9 1344420687260000 -2158000 54032 -246560 0
9 1344420687262500 -2156880 54264 -245480 0
9 1344420687265000 -2156736 54392 -246552 0
9 1344420687267500 -2157024 54416 -245232 0
9 1344420687270000 -2157032 54968 -247216 0
9 1344420687272500 -2158056 54256 -246592 0
9 1344420687275000 -2157376 53424 -246584 0
9 1344420687277500 -2156616 54488 -247624 0
9 1344420687280000 -2157024 53856 -246624 0
9 1344420687282500 -2157480 53688 -246600 0
9 1344420687285000 -2155832 54312 -245824 0
9 1344420687287500 -2157296 53200 -246384 0
9 1344420687290000 -2157408 54128 -246416 0
9 1344420687292500 -2157152 53832 -246688 0
9 1344420687295000 -2157128 54344 -246568 0
9 1344420687297500 -2159016 55208 -247296 0
