9 1344420693400000 -2157640 55016 -247656 0
9 1344420693402500 -2154888 52744 -246584 0
9 1344420693405000 -2159672 54584 -246024 0
9 1344420693407500 -2154616 53712 -246528 0
9 1344420693410000 -2158104 56176 -247792 0
9 1344420693412500 -2154128 51752 -247144 0
9 1344420693415000 -2158248 53576 -245744 0
9 1344420693417500 -2154728 53048 -247544 0
9 1344420693420000 -2157696 55632 -247848 0
9 1344420693422500 -2153928 52664 -246976 0
9 1344420693425000 -2157112 54928 -247672 0
9 1344420693427500 -2155776 53152 -247848 0
9 1344420693430000 -2157984 52600 -246944 0
9 1344420693432500 -2158632 53952 -247120 0
9 1344420693435000 -2156336 53744 -246912 0
9 1344420693437500 -2160912 54208 -247384 0
9 1344420693440000 -2157520 53000 -245248 0
9 1344420693442500 -2158368 52808 -247024 0
9 1344420693445000 -2155288 53200 -246160 0
9 1344420693447500 -2159568 53592 -246368 0
9 1344420693450000 -2155616 54232 -246448 0
9 1344420693452500 -2157400 54736 -247512 0
9 1344420693455000 -2155440 53632 -245872 0
9 1344420693457500 -2158656 54392 -246536 0
9 1344420693460000 -2156200 53736 -246768 0
9 1344420693462500 -2157736 55224 -247424 0
9 1344420693465000 -2153168 53376 -246776 0
9 1344420693467500 -2158008 54816 -246256 0
9 1344420693470000 -2156696 53800 -247112 0
9 1344420693472500 -2158992 54264 -246752 0
9 1344420693475000 -2159616 53760 -246432 0
9 1344420693477500 -2158592 54768 -246672 0
9 1344420693480000 -2155048 54416 -246968 0
9 1344420693482500 -2156352 54848 -246984 0
9 1344420693485000 -2157840 53680 -246896 0
9 1344420693487500 -2155152 54416 -245992 0
9 1344420693490000 -2155104 54232 -247664 0
9 1344420693492500 -2157672 54304 -248112 0
9 1344420693495000 -2156720 54136 -248016 0
9 1344420693497500 -2157088 55184 -247296 0
