9 1344420672200000 -2156848 54120 -247728 0
9 1344420672202500 -2157104 53984 -246600 0
9 1344420672205000 -2157008 54760 -246944 0
9 1344420672207500 -2156888 53976 -246816 0
9 1344420672210000 -2156656 55168 -246768 0
9 1344420672212500 -2155976 53584 -245592 0
9 1344420672215000 -2157112 54056 -246400 0
9 1344420672217500 -2155904 54448 -247144 0
9 1344420672220000 -2157048 53072 -246952 0
9 1344420672222500 -2156232 54440 -247080 0
9 1344420672225000 -2156568 54512 -246520 0
9 1344420672227500 -2156872 53496 -246496 0
9 1344420672230000 -2157016 53600 -246336 0
9 1344420672232500 -2156984 53816 -245944 0
9 1344420672235000 -2158328 54264 -247024 0
9 1344420672237500 -2157216 54864 -246544 0
9 1344420672240000 -2156968 54408 -246520 0
9 1344420672242500 -2157088 54936 -246768 0
9 1344420672245000 -2156144 53456 -246712 0
9 1344420672247500 -2157128 54496 -248352 0
9 1344420672250000 -2157232 53992 -246536 0
9 1344420672252500 -2157456 54792 -245632 0
9 1344420672255000 -2157112 53904 -247160 0
9 1344420672257500 -2157320 53632 -246808 0
9 1344420672260000 -2155984 54400 -247760 0
9 1344420672262500 -2157448 54272 -246256 0
9 1344420672265000 -2157344 54744 -246736 0
9 1344420672267500 -2157160 54792 -246672 0
9 1344420672270000 -2156480 54248 -245920 0
9 1344420672272500 -2157280 54384 -245392 0
9 1344420672275000 -2156872 54880 -246984 0
9 1344420672277500 -2156560 54008 -247504 0
9 1344420672280000 -2156296 53448 -247152 0
9 1344420672282500 -2156312 54176 -247064 0
9 1344420672285000 -2157504 53328 -246736 0
9 1344420672287500 -2156456 53784 -246304 0
9 1344420672290000 -2157544 53456 -246792 0
9 1344420672292500 -2157784 54496 -246728 0
9 1344420672295000 -2157016 54136 -246656 0
9 1344420672297500 -2156048 53136 -247920 0
