9 1344420713400000 -2158008 54712 -246784 0
9 1344420713402500 -2156416 54288 -246128 0
9 1344420713405000 -2156656 54560 -246024 0
9 1344420713407500 -2157824 52008 -246080 0
9 1344420713410000 -2157376 53672 -246656 0
9 1344420713412500 -2157136 53640 -247592 0
9 1344420713415000 -2157632 53768 -246128 0
9 1344420713417500 -2157312 55544 -246648 0
9 1344420713420000 -2156552 54384 -245952 0
9 1344420713422500 -2156520 54216 -246080 0
9 1344420713425000 -2156544 54696 -247232 0
9 1344420713427500 -2157136 53352 -247160 0
9 1344420713430000 -2156960 54800 -246808 0
9 1344420713432500 -2157056 53936 -246320 0
9 1344420713435000 -2156776 54328 -245928 0
9 1344420713437500 -2156360 55056 -245432 0
9 1344420713440000 -2156208 54968 -246488 0
9 1344420713442500 -2157160 54832 -247560 0
9 1344420713445000 -2155928 53936 -246216 0
9 1344420713447500 -2156696 53304 -247136 0
9 1344420713450000 -2156688 55152 -245880 0
9 1344420713452500 -2156280 54696 -246960 0
9 1344420713455000 -2156728 54800 -247096 0
9 1344420713457500 -2157680 54064 -247688 0
9 1344420713460000 -2157296 54264 -245808 0
9 1344420713462500 -2156608 54248 -245784 0
9 1344420713465000 -2157120 54336 -245880 0
9 1344420713467500 -2156840 53720 -245704 0
9 1344420713470000 -2157864 54144 -246016 0
9 1344420713472500 -2157720 53824 -246184 0
9 1344420713475000 -2157576 54168 -246304 0
9 1344420713477500 -2157312 55248 -246632 0
9 1344420713480000 -2156176 54656 -246584 0
9 1344420713482500 -2156088 54032 -246768 0
9 1344420713485000 -2157840 54224 -247048 0
9 1344420713487500 -2155712 54152 -246080 0
9 1344420713490000 -2156744 55296 -245752 0
9 1344420713492500 -2157248 53896 -247264 0
9 1344420713495000 -2157528 54536 -246344 0
9 1344420713497500 -2156640 54576 -246872 0
