9 1344420707600000 -2156616 53656 -245824 0
9 1344420707602500 -2156072 53664 -246744 0
9 1344420707605000 -2157096 53424 -246936 0
9 1344420707607500 -2156136 54112 -246848 0
9 1344420707610000 -2156880 52672 -247016 0
9 1344420707612500 -2156656 54056 -244696 0
9 1344420707615000 -2157432 54344 -245968 0
9 1344420707617500 -2156192 54840 -247600 0
9 1344420707620000 -2156920 53856 -244976 0
9 1344420707622500 -2156952 54184 -246464 0
9 1344420707625000 -2157280 54664 -247216 0
9 1344420707627500 -2156864 54656 -246088 0
9 1344420707630000 -2156368 54552 -246272 0
9 1344420707632500 -2158160 54208 -245824 0
9 1344420707635000 -2157160 53960 -246896 0
9 1344420707637500 -2158072 54640 -246368 0
9 1344420707640000 -2157568 53512 -246656 0
9 1344420707642500 -2156392 56184 -247224 0
9 1344420707645000 -2157968 54360 -246816 0
9 1344420707647500 -2157096 53896 -246416 0
9 1344420707650000 -2157216 53792 -246368 0
9 1344420707652500 -2157168 54160 -247424 0
9 1344420707655000 -2156512 54000 -245880 0
9 1344420707657500 -2157192 55016 -246424 0
9 1344420707660000 -2156952 54312 -247336 0
9 1344420707662500 -2157976 55160 -248344 0
9 1344420707665000 -2157608 55128 -246928 0
9 1344420707667500 -2157912 54056 -246496 0
9 1344420707670000 -2157200 55368 -246592 0
9 1344420707672500 -2157872 53888 -247832 0
9 1344420707675000 -2156856 54768 -247120 0
9 1344420707677500 -2157112 54208 -246696 0
9 1344420707680000 -2156416 53944 -245304 0
9 1344420707682500 -2157456 54720 -247128 0
9 1344420707685000 -2156456 53976 -246448 0
9 1344420707687500 -2156336 53952 -246528 0
9 1344420707690000 -2157536 53536 -245616 0
9 1344420707692500 -2157000 55464 -247000 0
9 1344420707695000 -2156352 53672 -246368 0
9 1344420707697500 -2157672 54296 -246632 0
