9 1344420713000000 -2157296 54688 -246696 0
9 1344420713002500 -2158672 55000 -247200 0
9 1344420713005000 -2157464 53432 -247224 0
9 1344420713007500 -2157216 53344 -246496 0
9 1344420713010000 -2155600 55000 -246144 0
9 1344420713012500 -2156024 56048 -247416 0
9 1344420713015000 -2156184 54520 -245952 0
9 1344420713017500 -2157088 54952 -246760 0
9 1344420713020000 -2155888 54368 -245880 0
9 1344420713022500 -2155480 53912 -247304 0
9 1344420713025000 -2158136 54096 -246080 0
9 1344420713027500 -2158256 54032 -247128 0
9 1344420713030000 -2157536 54688 -246384 0
9 1344420713032500 -2156032 54784 -246768 0
9 1344420713035000 -2156728 55056 -245464 0
9 1344420713037500 -2157280 54712 -247184 0
9 1344420713040000 -2156592 54296 -247104 0
9 1344420713042500 -2156864 53920 -245832 0
9 1344420713045000 -2157824 53408 -246544 0
9 1344420713047500 -2157280 53728 -245400 0
9 1344420713050000 -2156008 54024 -246160 0
9 1344420713052500 -2156832 54080 -246440 0
9 1344420713055000 -2158664 55072 -246984 0
9 1344420713057500 -2156488 53392 -246800 0
9 1344420713060000 -2157272 54392 -246128 0
9 1344420713062500 -2156632 54688 -246112 0
9 1344420713065000 -2156968 54360 -245944 0
9 1344420713067500 -2157752 54232 -245808 0
9 1344420713070000 -2156920 54832 -246560 0
9 1344420713072500 -2156552 54088 -246792 0
9 1344420713075000 -2156944 54592 -247080 0
9 1344420713077500 -2157912 53856 -246240 0
9 1344420713080000 -2157296 53712 -246168 0
9 1344420713082500 -2157824 53528 -246296 0
9 1344420713085000 -2157112 53576 -245928 0
9 1344420713087500 -2156920 54568 -246408 0
9 1344420713090000 -2157744 54776 -246336 0
9 1344420713092500 -2156256 54752 -246560 0
9 1344420713095000 -2156976 52816 -246080 0
9 1344420713097500 -2156584 53936 -246504 0
