9 1344420703300000 -2156928 54008 -246064 0
9 1344420703302500 -2156688 53760 -246368 0
9 1344420703305000 -2156880 53928 -246768 0
9 1344420703307500 -2156304 53216 -246104 0
9 1344420703310000 -2157480 53976 -244976 0
9 1344420703312500 -2156816 53856 -246624 0
9 1344420703315000 -2156512 53920 -245704 0
9 1344420703317500 -2157120 54976 -246872 0
9 1344420703320000 -2157768 53656 -248352 0
9 1344420703322500 -2157864 52928 -246216 0
9 1344420703325000 -2157400 53528 -246824 0
9 1344420703327500 -2157048 54856 -246728 0
9 1344420703330000 -2157552 53496 -246544 0
9 1344420703332500 -2157936 54104 -246528 0
9 1344420703335000 -2156776 55200 -246712 0
9 1344420703337500 -2156544 53160 -245680 0
9 1344420703340000 -2158424 54424 -246176 0
9 1344420703342500 -2156416 53968 -248376 0
9 1344420703345000 -2155992 53832 -246400 0
9 1344420703347500 -2157256 53208 -247088 0
9 1344420703350000 -2157640 53392 -247176 0
9 1344420703352500 -2156368 54424 -246088 0
9 1344420703355000 -2156408 53920 -246584 0
9 1344420703357500 -2156760 54080 -247008 0
9 1344420703360000 -2156800 53720 -245776 0
9 1344420703362500 -2156928 53464 -246688 0
9 1344420703365000 -2156560 54184 -246848 0
9 1344420703367500 -2156592 54912 -246456 0
9 1344420703370000 -2156464 54384 -247120 0
9 1344420703372500 -2156472 53744 -247320 0
9 1344420703375000 -2155456 53384 -247072 0
9 1344420703377500 -2157232 53584 -247992 0
9 1344420703380000 -2156088 53408 -247496 0
9 1344420703382500 -2156856 54648 -247616 0
9 1344420703385000 -2156752 54048 -246992 0
9 1344420703387500 -2156144 54064 -246824 0
9 1344420703390000 -2156672 53824 -246984 0
9 1344420703392500 -2157304 54296 -246416 0
9 1344420703395000 -2156592 54976 -245528 0
9 1344420703397500 -2157952 54232 -246320 0
