9 1344420679100000 -2157008 53240 -246800 0
9 1344420679102500 -2157280 53784 -246056 0
9 1344420679105000 -2155688 54416 -247016 0
9 1344420679107500 -2157360 53744 -247256 0
9 1344420679110000 -2156848 53992 -247024 0
9 1344420679112500 -2157312 54488 -245976 0
9 1344420679115000 -2157064 55688 -246664 0
9 1344420679117500 -2156848 54672 -246784 0
9 1344420679120000 -2157288 54352 -247032 0
9 1344420679122500 -2157256 53232 -246264 0
9 1344420679125000 -2156960 55104 -246280 0
9 1344420679127500 -2156672 53640 -245928 0
9 1344420679130000 -2156984 54344 -246560 0
9 1344420679132500 -2157552 54088 -247824 0
9 1344420679135000 -2157648 55184 -246648 0
9 1344420679137500 -2156624 54016 -246224 0
9 1344420679140000 -2157664 54216 -246600 0
9 1344420679142500 -2157504 54552 -246096 0
9 1344420679145000 -2156624 53152 -245648 0
9 1344420679147500 -2156136 54096 -246600 0
9 1344420679150000 -2155920 54416 -245992 0
9 1344420679152500 -2156944 54888 -246416 0
9 1344420679155000 -2158592 54176 -246728 0
9 1344420679157500 -2156552 54992 -247248 0
9 1344420679160000 -2156792 53224 -247008 0
9 1344420679162500 -2157040 54464 -246336 0
9 1344420679165000 -2156608 54088 -246816 0
9 1344420679167500 -2156304 54688 -247632 0
9 1344420679170000 -2157352 53936 -246864 0
9 1344420679172500 -2156464 54400 -245816 0
9 1344420679175000 -2157632 55504 -246400 0
9 1344420679177500 -2157584 53256 -247184 0
9 1344420679180000 -2156904 54480 -245032 0
9 1344420679182500 -2156200 54680 -246416 0
9 1344420679185000 -2156616 53992 -246312 0
9 1344420679187500 -2157184 53992 -247192 0
9 1344420679190000 -2156984 53904 -247424 0
9 1344420679192500 -2157336 52304 -247024 0
9 1344420679195000 -2156200 54064 -246408 0
9 1344420679197500 -2156792 52920 -245776 0
