9 1344420701100000 -2156848 54144 -246984 0
9 1344420701102500 -2156992 54808 -247112 0
9 1344420701105000 -2156824 53168 -247384 0
9 1344420701107500 -2155448 53952 -246560 0
9 1344420701110000 -2155448 53816 -246632 0
9 1344420701112500 -2156920 54224 -246280 0
9 1344420701115000 -2155624 53976 -245520 0
9 1344420701117500 -2157256 54024 -245912 0
9 1344420701120000 -2156120 53960 -245920 0
9 1344420701122500 -2156312 53600 -246544 0
9 1344420701125000 -2156928 53624 -246768 0
9 1344420701127500 -2155992 54704 -246400 0
9 1344420701130000 -2156000 54000 -245896 0
9 1344420701132500 -2157824 54208 -248096 0
9 1344420701135000 -2156360 53336 -247496 0
9 1344420701137500 -2156920 54000 -246808 0
9 1344420701140000 -2157128 53264 -247504 0
9 1344420701142500 -2156392 54280 -246272 0
9 1344420701145000 -2156840 53976 -246784 0
9 1344420701147500 -2156504 53648 -247024 0
9 1344420701150000 -2156896 53320 -246656 0
9 1344420701152500 -2157672 53216 -246696 0
9 1344420701155000 -2158272 53928 -246616 0
9 1344420701157500 -2157784 53584 -246176 0
9 1344420701160000 -2157728 53768 -247632 0
9 1344420701162500 -2157120 54016 -247416 0
9 1344420701165000 -2155872 53872 -245776 0
9 1344420701167500 -2157712 54224 -246528 0
9 1344420701170000 -2157080 53176 -245672 0
9 1344420701172500 -2156384 54416 -247192 0
9 1344420701175000 -2156392 54264 -247112 0
9 1344420701177500 -2157544 52768 -246696 0
9 1344420701180000 -2157440 53736 -247424 0
9 1344420701182500 -2156296 53784 -246944 0
9 1344420701185000 -2157320 53736 -247160 0
9 1344420701187500 -2155504 53896 -247336 0
9 1344420701190000 -2157096 52240 -247368 0
9 1344420701192500 -2155896 53344 -247464 0
9 1344420701195000 -2156888 53696 -247520 0
9 1344420701197500 -2157688 53984 -246288 0
