9 1344420693700000 -2157184 53288 -246168 0
9 1344420693702500 -2157352 55184 -246544 0
9 1344420693705000 -2156184 55448 -245112 0
9 1344420693707500 -2157456 53584 -247080 0
9 1344420693710000 -2156968 53872 -246880 0
9 1344420693712500 -2158136 53136 -247456 0
9 1344420693715000 -2155608 53640 -245816 0
9 1344420693717500 -2158032 52808 -246216 0
9 1344420693720000 -2154408 54728 -246320 0
9 1344420693722500 -2158544 56152 -247184 0
9 1344420693725000 -2156152 53744 -246544 0
9 1344420693727500 -2157992 55056 -247192 0
9 1344420693730000 -2154688 53832 -246680 0
9 1344420693732500 -2159336 54240 -246152 0
9 1344420693735000 -2155776 54424 -247008 0
9 1344420693737500 -2157056 55712 -246096 0
9 1344420693740000 -2155536 53696 -246408 0
9 1344420693742500 -2156880 54008 -246720 0
9 1344420693745000 -2156240 54016 -247432 0
9 1344420693747500 -2156536 53000 -246304 0
9 1344420693750000 -2155928 53752 -246872 0
9 1344420693752500 -2157360 54664 -247056 0
9 1344420693755000 -2157320 53488 -246224 0
9 1344420693757500 -2155680 54928 -246392 0
9 1344420693760000 -2157384 53264 -246672 0
9 1344420693762500 -2156744 54744 -246616 0
9 1344420693765000 -2158216 54560 -246840 0
9 1344420693767500 -2156584 52408 -246808 0
9 1344420693770000 -2159144 53392 -246512 0
9 1344420693772500 -2156392 54296 -245456 0
9 1344420693775000 -2158472 53816 -246768 0
9 1344420693777500 -2155064 54024 -247032 0
9 1344420693780000 -2157056 53376 -246376 0
9 1344420693782500 -2155648 53584 -245600 0
9 1344420693785000 -2156544 54768 -247464 0
9 1344420693787500 -2155136 54424 -247072 0
9 1344420693790000 -2155112 55256 -246792 0
9 1344420693792500 -2154520 54728 -246328 0
9 1344420693795000 -2155656 54544 -245600 0
9 1344420693797500 -2156720 55152 -247600 0
