9 1344420695600000 -2157344 53888 -247248 0
9 1344420695602500 -2156424 54216 -247224 0
9 1344420695605000 -2156488 55208 -247376 0
9 1344420695607500 -2157280 54960 -246496 0
9 1344420695610000 -2157528 53976 -246792 0
9 1344420695612500 -2156248 54104 -246656 0
9 1344420695615000 -2156496 54184 -247160 0
9 1344420695617500 -2156872 54888 -246128 0
9 1344420695620000 -2156728 54944 -246648 0
9 1344420695622500 -2155984 54056 -246464 0
9 1344420695625000 -2156592 54472 -247520 0
9 1344420695627500 -2155928 54424 -246712 0
9 1344420695630000 -2156496 55904 -247112 0
9 1344420695632500 -2157336 54928 -247024 0
9 1344420695635000 -2155992 53872 -246760 0
9 1344420695637500 -2155752 53744 -247312 0
9 1344420695640000 -2155088 53448 -246728 0
9 1344420695642500 -2157400 54944 -245952 0
9 1344420695645000 -2157984 54352 -247024 0
9 1344420695647500 -2156288 54168 -247680 0
9 1344420695650000 -2156424 54352 -247176 0
9 1344420695652500 -2157192 54656 -246448 0
9 1344420695655000 -2156288 53736 -246104 0
9 1344420695657500 -2156416 53672 -248080 0
9 1344420695660000 -2155968 54280 -247264 0
9 1344420695662500 -2156528 53720 -246704 0
9 1344420695665000 -2155952 52408 -247640 0
9 1344420695667500 -2157264 53872 -246544 0
9 1344420695670000 -2157760 53568 -246136 0
9 1344420695672500 -2157120 53712 -247616 0
9 1344420695675000 -2156208 54264 -246952 0
9 1344420695677500 -2158880 53824 -246920 0
9 1344420695680000 -2157152 54080 -247640 0
9 1344420695682500 -2156552 55056 -246568 0
9 1344420695685000 -2157304 55608 -246480 0
9 1344420695687500 -2156320 53872 -246952 0
9 1344420695690000 -2157784 54736 -246192 0
9 1344420695692500 -2155336 53328 -246392 0
9 1344420695695000 -2158000 54224 -246896 0
9 1344420695697500 -2156016 53792 -246400 0
