9 1344420673900000 -2155744 53272 -246112 0
9 1344420673902500 -2157272 53408 -247496 0
9 1344420673905000 -2156680 53840 -246112 0
9 1344420673907500 -2156376 54088 -247280 0
9 1344420673910000 -2155984 52800 -246792 0
9 1344420673912500 -2157944 54592 -246624 0
9 1344420673915000 -2157864 54648 -247288 0
9 1344420673917500 -2156200 53320 -247000 0
9 1344420673920000 -2157168 53512 -245944 0
9 1344420673922500 -2157512 53152 -246336 0
9 1344420673925000 -2156688 54240 -246608 0
9 1344420673927500 -2156344 55192 -246656 0
9 1344420673930000 -2156320 54400 -246160 0
9 1344420673932500 -2157640 52832 -247736 0
9 1344420673935000 -2156992 53688 -247104 0
9 1344420673937500 -2157784 54360 -247208 0
9 1344420673940000 -2157872 55368 -247600 0
9 1344420673942500 -2157016 54712 -246264 0
9 1344420673945000 -2156368 54368 -246552 0
9 1344420673947500 -2156768 53480 -246848 0
9 1344420673950000 -2156536 54152 -246392 0
9 1344420673952500 -2156832 54224 -246848 0
9 1344420673955000 -2156952 53728 -248200 0
9 1344420673957500 -2155800 53584 -246504 0
9 1344420673960000 -2156816 53824 -247408 0
9 1344420673962500 -2157400 52872 -245536 0
9 1344420673965000 -2157112 53912 -246928 0
9 1344420673967500 -2157248 53720 -247264 0
9 1344420673970000 -2156856 54136 -247056 0
9 1344420673972500 -2157216 54064 -246536 0
9 1344420673975000 -2157200 55368 -246464 0
9 1344420673977500 -2156536 54224 -247848 0
9 1344420673980000 -2156888 53280 -247280 0
9 1344420673982500 -2157440 54144 -247128 0
9 1344420673985000 -2156616 54248 -246608 0
9 1344420673987500 -2156840 54560 -246232 0
9 1344420673990000 -2157168 53688 -246128 0
9 1344420673992500 -2157224 54296 -246640 0
9 1344420673995000 -2156960 54568 -246128 0
9 1344420673997500 -2157040 54416 -245856 0
