9 1344420680800000 -2157912 54488 -245600 0
9 1344420680802500 -2157560 55264 -246064 0
9 1344420680805000 -2157072 53320 -246696 0
9 1344420680807500 -2157088 54112 -247168 0
9 1344420680810000 -2157000 54960 -247328 0
9 1344420680812500 -2157392 53312 -247376 0
9 1344420680815000 -2157904 54568 -247648 0
9 1344420680817500 -2156456 53232 -247672 0
9 1344420680820000 -2157672 54520 -248320 0
9 1344420680822500 -2157136 55400 -247784 0
9 1344420680825000 -2157288 54912 -246264 0
9 1344420680827500 -2157056 54224 -247328 0
9 1344420680830000 -2156840 53504 -247864 0
9 1344420680832500 -2156136 55448 -246504 0
9 1344420680835000 -2156360 55152 -246648 0
9 1344420680837500 -2157152 52560 -247240 0
9 1344420680840000 -2157784 53840 -246192 0
9 1344420680842500 -2158024 53976 -246224 0
9 1344420680845000 -2156224 54064 -247096 0
9 1344420680847500 -2157096 54880 -246696 0
9 1344420680850000 -2155992 53960 -246816 0
9 1344420680852500 -2158024 54688 -247584 0
9 1344420680855000 -2157616 54768 -246576 0
9 1344420680857500 -2155696 54232 -246352 0
9 1344420680860000 -2156024 54416 -246168 0
9 1344420680862500 -2156592 54360 -246312 0
9 1344420680865000 -2157576 53552 -247080 0
9 1344420680867500 -2157384 54696 -246320 0
9 1344420680870000 -2157312 53512 -246928 0
9 1344420680872500 -2155776 54928 -246408 0
9 1344420680875000 -2156552 54648 -246440 0
9 1344420680877500 -2156088 54168 -246728 0
9 1344420680880000 -2155936 53888 -245480 0
9 1344420680882500 -2157032 54776 -246400 0
9 1344420680885000 -2158376 53792 -246712 0
9 1344420680887500 -2157936 54464 -246408 0
9 1344420680890000 -2157272 53416 -246456 0
9 1344420680892500 -2158208 54040 -247792 0
9 1344420680895000 -2157136 52136 -245736 0
9 1344420680897500 -2157464 54464 -248088 0
