9 1344420700900000 -2157760 52752 -246120 0
9 1344420700902500 -2156056 53464 -245888 0
9 1344420700905000 -2157880 53608 -247080 0
9 1344420700907500 -2157664 53560 -246704 0
9 1344420700910000 -2157400 54936 -247480 0
9 1344420700912500 -2156184 54040 -246768 0
9 1344420700915000 -2157568 54376 -246608 0
9 1344420700917500 -2155432 53376 -246144 0
9 1344420700920000 -2157224 54648 -246632 0
9 1344420700922500 -2155952 54808 -245608 0
9 1344420700925000 -2157240 53744 -247920 0
9 1344420700927500 -2155904 54008 -247288 0
9 1344420700930000 -2156824 53632 -246144 0
9 1344420700932500 -2157512 54656 -246712 0
9 1344420700935000 -2157696 54224 -246792 0
9 1344420700937500 -2156472 54096 -247488 0
9 1344420700940000 -2157080 53504 -245984 0
9 1344420700942500 -2156960 53192 -246928 0
9 1344420700945000 -2157496 54392 -246304 0
9 1344420700947500 -2157336 54688 -248240 0
9 1344420700950000 -2156304 53600 -246616 0
9 1344420700952500 -2158040 53120 -246632 0
9 1344420700955000 -2156632 53520 -247112 0
9 1344420700957500 -2157544 54112 -245640 0
9 1344420700960000 -2156584 53448 -246864 0
9 1344420700962500 -2156160 54424 -248872 0
9 1344420700965000 -2156000 53296 -248040 0
9 1344420700967500 -2155496 54336 -247152 0
9 1344420700970000 -2157600 53496 -247184 0
9 1344420700972500 -2156360 53896 -247008 0
9 1344420700975000 -2156864 53048 -247264 0
9 1344420700977500 -2156320 54280 -247800 0
9 1344420700980000 -2154504 54040 -247616 0
9 1344420700982500 -2155312 52576 -246416 0
9 1344420700985000 -2156552 52816 -246312 0
9 1344420700987500 -2156432 53376 -247232 0
9 1344420700990000 -2155112 54088 -246208 0
9 1344420700992500 -2156424 53640 -246632 0
9 1344420700995000 -2155144 54152 -246072 0
9 1344420700997500 -2157168 55200 -245736 0
