9 1344420690700000 -2156872 53824 -246528 0
9 1344420690702500 -2157784 53104 -246976 0
9 1344420690705000 -2156264 55112 -246424 0
9 1344420690707500 -2156536 55224 -246856 0
9 1344420690710000 -2155576 53120 -246400 0
9 1344420690712500 -2156800 54808 -246352 0
9 1344420690715000 -2155016 53400 -246528 0
9 1344420690717500 -2155512 53184 -246416 0
9 1344420690720000 -2156272 53880 -246816 0
9 1344420690722500 -2157072 54096 -246056 0
9 1344420690725000 -2157816 53968 -247960 0
9 1344420690727500 -2156312 53560 -246320 0
9 1344420690730000 -2157848 52696 -247440 0
9 1344420690732500 -2158112 55640 -248192 0
9 1344420690735000 -2158328 54104 -247280 0
9 1344420690737500 -2156760 54280 -247496 0
9 1344420690740000 -2157960 53744 -247552 0
9 1344420690742500 -2157384 54744 -247104 0
9 1344420690745000 -2156512 53624 -245408 0
9 1344420690747500 -2156136 53824 -248056 0
9 1344420690750000 -2157376 54080 -247568 0
9 1344420690752500 -2157312 55024 -246120 0
9 1344420690755000 -2157352 54248 -245840 0
9 1344420690757500 -2156448 53680 -247648 0
9 1344420690760000 -2157200 53776 -246968 0
9 1344420690762500 -2155760 53344 -246688 0
9 1344420690765000 -2156608 54984 -246200 0
9 1344420690767500 -2155088 54312 -247120 0
9 1344420690770000 -2156832 53656 -247312 0
9 1344420690772500 -2154832 54376 -247032 0
9 1344420690775000 -2156216 55336 -247328 0
9 1344420690777500 -2156384 54920 -245848 0
9 1344420690780000 -2157856 54232 -246776 0
9 1344420690782500 -2155808 53280 -247320 0
9 1344420690785000 -2157152 53000 -247032 0
9 1344420690787500 -2156312 53856 -247104 0
9 1344420690790000 -2157800 53768 -246544 0
9 1344420690792500 -2157784 53552 -247456 0
9 1344420690795000 -2155832 52872 -246648 0
9 1344420690797500 -2157640 53888 -247400 0
