9 1344420702700000 -2156912 54336 -246856 0
9 1344420702702500 -2156176 54000 -247040 0
9 1344420702705000 -2156808 53016 -245656 0
9 1344420702707500 -2157408 54864 -245256 0
9 1344420702710000 -2156240 53968 -246584 0
9 1344420702712500 -2156744 54368 -245528 0
9 1344420702715000 -2156960 55272 -246088 0
9 1344420702717500 -2155800 54400 -246472 0
9 1344420702720000 -2156560 54552 -246136 0
9 1344420702722500 -2157432 54360 -246760 0
9 1344420702725000 -2156080 54720 -245336 0
9 1344420702727500 -2156520 54632 -247256 0
9 1344420702730000 -2156832 54656 -246944 0
9 1344420702732500 -2156424 54360 -246664 0
9 1344420702735000 -2156632 53248 -246232 0
9 1344420702737500 -2158064 54936 -246464 0
9 1344420702740000 -2156312 55000 -246200 0
9 1344420702742500 -2156920 54168 -244872 0
9 1344420702745000 -2156840 54984 -245768 0
9 1344420702747500 -2157784 55232 -247904 0
9 1344420702750000 -2156432 55248 -245816 0
9 1344420702752500 -2157568 54752 -247168 0
9 1344420702755000 -2156712 53688 -248112 0
9 1344420702757500 -2157080 54216 -245896 0
9 1344420702760000 -2156192 55616 -246640 0
9 1344420702762500 -2156968 55064 -246328 0
9 1344420702765000 -2156280 54680 -246232 0
9 1344420702767500 -2156768 54424 -247104 0
9 1344420702770000 -2158088 55232 -246128 0
9 1344420702772500 -2156544 53744 -247240 0
9 1344420702775000 -2156944 55288 -245352 0
9 1344420702777500 -2156784 54432 -246416 0
9 1344420702780000 -2157200 54024 -246432 0
9 1344420702782500 -2156432 55160 -247080 0
9 1344420702785000 -2157800 54272 -247720 0
9 1344420702787500 -2156720 53800 -246848 0
9 1344420702790000 -2157704 55400 -246800 0
9 1344420702792500 -2157648 54232 -246776 0
9 1344420702795000 -2157008 54152 -246464 0
9 1344420702797500 -2156024 53456 -247080 0
