9 1344420678800000 -2157608 54392 -246520 0
9 1344420678802500 -2156880 52008 -246792 0
9 1344420678805000 -2156072 53592 -246600 0
9 1344420678807500 -2156160 53232 -246464 0
9 1344420678810000 -2157328 53528 -247472 0
9 1344420678812500 -2156640 53592 -245272 0
9 1344420678815000 -2157936 53824 -246008 0
9 1344420678817500 -2156560 54064 -245824 0
9 1344420678820000 -2156232 53936 -247552 0
9 1344420678822500 -2156944 53136 -247080 0
9 1344420678825000 -2155536 53656 -247008 0
9 1344420678827500 -2157656 54328 -245320 0
9 1344420678830000 -2156992 53744 -247336 0
9 1344420678832500 -2156904 53600 -246920 0
9 1344420678835000 -2157000 52760 -246800 0
9 1344420678837500 -2157392 52968 -245384 0
9 1344420678840000 -2156968 52488 -246688 0
9 1344420678842500 -2156768 53784 -247368 0
9 1344420678845000 -2157024 53560 -247008 0
9 1344420678847500 -2156048 53752 -246496 0
9 1344420678850000 -2157360 56056 -247480 0
9 1344420678852500 -2156360 53920 -246480 0
9 1344420678855000 -2157624 54224 -246488 0
9 1344420678857500 -2156600 54416 -246008 0
9 1344420678860000 -2156984 54016 -247264 0
9 1344420678862500 -2158416 54480 -246808 0
9 1344420678865000 -2157376 53024 -246736 0
9 1344420678867500 -2157376 53496 -246408 0
9 1344420678870000 -2156192 53968 -246208 0
9 1344420678872500 -2157512 53720 -247048 0
9 1344420678875000 -2156824 52144 -246624 0
9 1344420678877500 -2155960 54224 -247232 0
9 1344420678880000 -2157720 54544 -246448 0
9 1344420678882500 -2157024 53024 -246656 0
9 1344420678885000 -2157296 53008 -247032 0
9 1344420678887500 -2157352 53520 -246504 0
9 1344420678890000 -2156288 53160 -246856 0
9 1344420678892500 -2157208 54112 -246752 0
9 1344420678895000 -2156624 54160 -246184 0
9 1344420678897500 -2157720 54304 -246544 0
