9 1344420684100000 -2156224 53720 -246616 0
9 1344420684102500 -2157408 51744 -247328 0
9 1344420684105000 -2156408 53816 -247296 0
9 1344420684107500 -2157064 52616 -246960 0
9 1344420684110000 -2156568 54680 -246936 0
9 1344420684112500 -2157480 54784 -246440 0
9 1344420684115000 -2156440 54016 -247056 0
9 1344420684117500 -2156736 54784 -246552 0
9 1344420684120000 -2156144 52312 -246448 0
9 1344420684122500 -2157320 53432 -247696 0
9 1344420684125000 -2156544 53512 -246624 0
9 1344420684127500 -2156712 53096 -248064 0
9 1344420684130000 -2157024 53512 -246824 0
9 1344420684132500 -2157696 53024 -245912 0
9 1344420684135000 -2157496 53632 -247120 0
9 1344420684137500 -2156776 53048 -247248 0
9 1344420684140000 -2156816 53640 -247144 0
9 1344420684142500 -2156432 52440 -247088 0
9 1344420684145000 -2155720 53288 -247032 0
9 1344420684147500 -2155448 53216 -246384 0
9 1344420684150000 -2156800 53040 -247032 0
9 1344420684152500 -2157040 53248 -247216 0
9 1344420684155000 -2156928 54048 -247024 0
9 1344420684157500 -2157336 53752 -246888 0
9 1344420684160000 -2157608 53840 -246656 0
9 1344420684162500 -2157744 55320 -247320 0
9 1344420684165000 -2157712 53168 -247736 0
9 1344420684167500 -2156864 54264 -246720 0
9 1344420684170000 -2156928 54032 -247016 0
9 1344420684172500 -2156120 54208 -247632 0
9 1344420684175000 -2156936 53536 -246056 0
9 1344420684177500 -2156912 52928 -247024 0
9 1344420684180000 -2156328 53976 -247104 0
9 1344420684182500 -2157296 52544 -246816 0
9 1344420684185000 -2156536 54296 -247128 0
9 1344420684187500 -2157968 53320 -246872 0
9 1344420684190000 -2157072 54064 -246544 0
9 1344420684192500 -2155632 54768 -245576 0
9 1344420684195000 -2156576 52928 -246600 0
9 1344420684197500 -2156552 53280 -247280 0
