9 1344420687300000 -2156888 54336 -245640 0
9 1344420687302500 -2158232 54480 -246920 0
9 1344420687305000 -2157648 54592 -247472 0
9 1344420687307500 -2157200 54544 -247184 0
9 1344420687310000 -2157048 53264 -245960 0
9 1344420687312500 -2157864 53472 -247536 0
9 1344420687315000 -2157432 54656 -247280 0
9 1344420687317500 -2157264 54480 -246624 0
9 1344420687320000 -2156816 55160 -247064 0
9 1344420687322500 -2157784 54016 -246408 0
9 1344420687325000 -2156904 54400 -246936 0
9 1344420687327500 -2155656 53872 -245536 0
9 1344420687330000 -2158000 52720 -247048 0
9 1344420687332500 -2156816 52304 -246720 0
9 1344420687335000 -2157744 53040 -246320 0
9 1344420687337500 -2156448 53600 -245880 0
9 1344420687340000 -2156880 54256 -246728 0
9 1344420687342500 -2157416 53616 -246976 0
9 1344420687345000 -2156872 53568 -247048 0
9 1344420687347500 -2157736 54672 -246496 0
9 1344420687350000 -2158632 54104 -246672 0
9 1344420687352500 -2157688 53256 -247392 0
9 1344420687355000 -2156952 54240 -245312 0
9 1344420687357500 -2156248 53784 -247352 0
9 1344420687360000 -2157680 53840 -246776 0
9 1344420687362500 -2157680 53376 -246096 0
9 1344420687365000 -2157208 54432 -246312 0
9 1344420687367500 -2156632 53976 -245888 0
9 1344420687370000 -2157000 54000 -246816 0
9 1344420687372500 -2156904 53600 -245688 0
9 1344420687375000 -2157216 54968 -247400 0
9 1344420687377500 -2157320 54768 -246520 0
9 1344420687380000 -2157120 53152 -246872 0
9 1344420687382500 -2157864 54416 -247112 0
9 1344420687385000 -2156432 54960 -246944 0
9 1344420687387500 -2157192 53224 -246144 0
9 1344420687390000 -2156792 54424 -247344 0
9 1344420687392500 -2156656 54408 -246728 0
9 1344420687395000 -2156416 54000 -245560 0
9 1344420687397500 -2156928 53992 -247560 0
