9 1344420700000000 -2156648 55008 -246896 0
9 1344420700002500 -2157568 54880 -247128 0
9 1344420700005000 -2156152 54168 -245712 0
9 1344420700007500 -2158992 54312 -246872 0
9 1344420700010000 -2155736 52952 -245856 0
9 1344420700012500 -2157832 54696 -245648 0
9 1344420700015000 -2156720 53992 -246096 0
9 1344420700017500 -2157888 53648 -247008 0
9 1344420700020000 -2155536 53616 -245400 0
9 1344420700022500 -2157592 54512 -246992 0
9 1344420700025000 -2155888 54608 -246680 0
9 1344420700027500 -2157360 54216 -247048 0
9 1344420700030000 -2157680 54816 -246320 0
9 1344420700032500 -2157504 54800 -246896 0
9 1344420700035000 -2155976 53944 -247152 0
9 1344420700037500 -2156896 54904 -246456 0
9 1344420700040000 -2156312 53192 -246232 0
9 1344420700042500 -2157944 53968 -245888 0
9 1344420700045000 -2155528 53576 -247776 0
9 1344420700047500 -2156952 54104 -246984 0
9 1344420700050000 -2157328 53656 -246768 0
9 1344420700052500 -2156736 54536 -247568 0
9 1344420700055000 -2156272 53608 -245304 0
9 1344420700057500 -2156600 54728 -246248 0
9 1344420700060000 -2156720 53968 -246680 0
9 1344420700062500 -2158080 53568 -246944 0
9 1344420700065000 -2156080 53328 -247328 0
9 1344420700067500 -2156184 53304 -247576 0
9 1344420700070000 -2157824 55224 -246776 0
9 1344420700072500 -2157208 54224 -247648 0
9 1344420700075000 -2156344 54600 -246632 0
9 1344420700077500 -2156544 53136 -246392 0
9 1344420700080000 -2157328 53992 -247336 0
9 1344420700082500 -2156432 54344 -246544 0
9 1344420700085000 -2157408 54160 -247776 0
9 1344420700087500 -2156448 53608 -247112 0
9 1344420700090000 -2158624 54360 -246976 0
9 1344420700092500 -2156872 53472 -245904 0
9 1344420700095000 -2158480 53912 -246800 0
9 1344420700097500 -2156448 53872 -245976 0
