9 1344420711400000 -2156552 53760 -245344 0
9 1344420711402500 -2156784 53936 -245400 0
9 1344420711405000 -2155824 53424 -246104 0
9 1344420711407500 -2156880 53552 -245528 0
9 1344420711410000 -2157280 54672 -246560 0
9 1344420711412500 -2156992 54616 -247248 0
9 1344420711415000 -2157384 55368 -246360 0
9 1344420711417500 -2158408 55008 -246344 0
9 1344420711420000 -2157296 54104 -246424 0
9 1344420711422500 -2155472 54768 -246048 0
9 1344420711425000 -2156392 54664 -246000 0
9 1344420711427500 -2157248 56352 -245944 0
9 1344420711430000 -2156544 55976 -246088 0
9 1344420711432500 -2156568 53896 -245832 0
9 1344420711435000 -2155648 54664 -246712 0
9 1344420711437500 -2156056 54456 -247224 0
9 1344420711440000 -2155184 54680 -246784 0
9 1344420711442500 -2156616 55080 -246656 0
9 1344420711445000 -2157448 55264 -247488 0
9 1344420711447500 -2157160 54320 -247112 0
9 1344420711450000 -2157848 53792 -246040 0
9 1344420711452500 -2156296 53800 -247072 0
9 1344420711455000 -2158016 55456 -246464 0
9 1344420711457500 -2156592 54952 -246608 0
9 1344420711460000 -2156688 52424 -245192 0
9 1344420711462500 -2157120 54088 -246456 0
9 1344420711465000 -2157496 55032 -245640 0
9 1344420711467500 -2157000 54936 -245816 0
9 1344420711470000 -2157440 54104 -245824 0
9 1344420711472500 -2157904 53904 -247072 0
9 1344420711475000 -2157952 53528 -246328 0
9 1344420711477500 -2156080 54288 -246176 0
9 1344420711480000 -2154936 54960 -246392 0
9 1344420711482500 -2157880 54688 -245776 0
9 1344420711485000 -2156752 53344 -245344 0
9 1344420711487500 -2155816 54104 -247568 0
9 1344420711490000 -2157104 53936 -247016 0
9 1344420711492500 -2157032 54000 -246344 0
9 1344420711495000 -2156952 54256 -246520 0
9 1344420711497500 -2156272 54216 -246816 0
