9 1344420699300000 -2157176 53992 -247016 0
9 1344420699302500 -2156936 54512 -245752 0
9 1344420699305000 -2155440 53856 -247488 0
9 1344420699307500 -2157944 54664 -247280 0
9 1344420699310000 -2156792 53376 -247520 0
9 1344420699312500 -2157528 54208 -246968 0
9 1344420699315000 -2155776 53456 -248448 0
9 1344420699317500 -2157592 53992 -247320 0
9 1344420699320000 -2156440 54472 -245624 0
9 1344420699322500 -2156408 53096 -246952 0
9 1344420699325000 -2156056 53832 -246688 0
9 1344420699327500 -2156288 54160 -246840 0
9 1344420699330000 -2158104 54616 -247192 0
9 1344420699332500 -2156880 53672 -245992 0
9 1344420699335000 -2155608 53528 -246904 0
9 1344420699337500 -2158112 53904 -246584 0
9 1344420699340000 -2156952 54208 -247144 0
9 1344420699342500 -2156960 55328 -246472 0
9 1344420699345000 -2156472 54496 -247976 0
9 1344420699347500 -2157744 53512 -246360 0
9 1344420699350000 -2157168 54136 -246616 0
9 1344420699352500 -2156264 54416 -248200 0
9 1344420699355000 -2156936 54168 -245896 0
9 1344420699357500 -2158168 53752 -245952 0
9 1344420699360000 -2158536 53688 -247536 0
9 1344420699362500 -2154264 54776 -245936 0
9 1344420699365000 -2157648 53776 -246992 0
9 1344420699367500 -2156184 52408 -246672 0
9 1344420699370000 -2157360 54384 -246768 0
9 1344420699372500 -2156208 53992 -246488 0
9 1344420699375000 -2158056 54256 -246624 0
9 1344420699377500 -2156392 54160 -246472 0
9 1344420699380000 -2156152 53480 -246528 0
9 1344420699382500 -2155248 53880 -246384 0
9 1344420699385000 -2157008 53904 -247144 0
9 1344420699387500 -2155184 54648 -246888 0
9 1344420699390000 -2155944 54808 -247528 0
9 1344420699392500 -2157328 53344 -246696 0
9 1344420699395000 -2158152 53032 -246952 0
9 1344420699397500 -2154648 54872 -246816 0
