9 1344420693600000 -2157328 53992 -246848 0
9 1344420693602500 -2157344 55064 -247016 0
9 1344420693605000 -2155976 53472 -247240 0
9 1344420693607500 -2157376 55184 -247328 0
9 1344420693610000 -2156664 54952 -245888 0
9 1344420693612500 -2158424 54008 -247272 0
9 1344420693615000 -2157248 54400 -245712 0
9 1344420693617500 -2157128 53136 -244776 0
9 1344420693620000 -2155856 53344 -245968 0
9 1344420693622500 -2156904 53808 -245568 0
9 1344420693625000 -2156528 53440 -246424 0
9 1344420693627500 -2157120 54624 -247320 0
9 1344420693630000 -2156120 53720 -246960 0
9 1344420693632500 -2157456 53456 -245616 0
9 1344420693635000 -2156592 54152 -246424 0
9 1344420693637500 -2157208 53696 -247112 0
9 1344420693640000 -2155832 53600 -247176 0
9 1344420693642500 -2156456 54200 -247280 0
9 1344420693645000 -2157240 54408 -247992 0
9 1344420693647500 -2156144 53888 -245448 0
9 1344420693650000 -2157000 54832 -246976 0
9 1344420693652500 -2157488 53472 -245384 0
9 1344420693655000 -2158520 53808 -246072 0
9 1344420693657500 -2158144 54096 -247048 0
9 1344420693660000 -2158448 53848 -247936 0
9 1344420693662500 -2156000 53920 -246784 0
9 1344420693665000 -2158096 54512 -245536 0
9 1344420693667500 -2157496 54144 -246976 0
9 1344420693670000 -2157904 54296 -246752 0
9 1344420693672500 -2156768 53624 -246248 0
9 1344420693675000 -2159008 53512 -246480 0
9 1344420693677500 -2157256 55144 -246592 0
9 1344420693680000 -2157664 54000 -247072 0
9 1344420693682500 -2156448 53856 -246864 0
9 1344420693685000 -2158784 54664 -247216 0
9 1344420693687500 -2157256 55168 -246832 0
9 1344420693690000 -2158056 55688 -245816 0
9 1344420693692500 -2157600 52832 -247256 0
9 1344420693695000 -2157280 53112 -246520 0
9 1344420693697500 -2157792 53280 -247008 0
