9 1344420714700000 -2156568 53736 -245560 0
9 1344420714702500 -2157152 54536 -247176 0
9 1344420714705000 -2157504 54736 -245648 0
9 1344420714707500 -2156840 53800 -246120 0
9 1344420714710000 -2156880 52760 -247088 0
9 1344420714712500 -2155520 53384 -246600 0
9 1344420714715000 -2156104 54400 -245992 0
9 1344420714717500 -2157016 54504 -246624 0
9 1344420714720000 -2157712 55152 -246344 0
9 1344420714722500 -2156256 54144 -245632 0
9 1344420714725000 -2156784 54312 -246512 0
9 1344420714727500 -2156544 53680 -245680 0
9 1344420714730000 -2156888 54400 -245976 0
9 1344420714732500 -2156880 54936 -246848 0
9 1344420714735000 -2157440 54320 -246368 0
9 1344420714737500 -2156696 53488 -246856 0
9 1344420714740000 -2156920 53120 -246304 0
9 1344420714742500 -2156936 54648 -246528 0
9 1344420714745000 -2157736 53512 -245984 0
9 1344420714747500 -2156584 54568 -247688 0
9 1344420714750000 -2154984 54056 -246296 0
9 1344420714752500 -2156920 53864 -246168 0
9 1344420714755000 -2157480 54392 -247056 0
9 1344420714757500 -2157224 54112 -245608 0
9 1344420714760000 -2157056 54048 -246456 0
9 1344420714762500 -2157104 53776 -246016 0
9 1344420714765000 -2156760 53360 -246992 0
9 1344420714767500 -2155976 53784 -247216 0
9 1344420714770000 -2157000 53120 -245776 0
9 1344420714772500 -2157824 54840 -245480 0
9 1344420714775000 -2156600 54024 -247456 0
9 1344420714777500 -2157312 54056 -245408 0
9 1344420714780000 -2158184 53024 -248080 0
9 1344420714782500 -2155208 53656 -247592 0
9 1344420714785000 -2156904 54752 -245696 0
9 1344420714787500 -2155952 53288 -247968 0
9 1344420714790000 -2156320 54920 -245968 0
9 1344420714792500 -2157008 54000 -247136 0
9 1344420714795000 -2157264 54432 -246904 0
9 1344420714797500 -2157376 54576 -247592 0
