9 1344420692600000 -2142304 45208 -237976 0
9 1344420692602500 -2184712 59728 -253192 0
9 1344420692605000 -2125536 48840 -240704 0
9 1344420692607500 -2184584 58584 -246600 0
9 1344420692610000 -2134744 48440 -247952 0
9 1344420692612500 -2175880 63592 -245744 0
9 1344420692615000 -2132776 42416 -240048 0
9 1344420692617500 -2183320 63416 -255104 0
9 1344420692620000 -2119584 52680 -244072 0
9 1344420692622500 -2191680 60400 -249848 0
9 1344420692625000 -2136224 43368 -241640 0
9 1344420692627500 -2168944 61216 -254224 0
9 1344420692630000 -2148688 49992 -246360 0
9 1344420692632500 -2181704 58024 -245728 0
9 1344420692635000 -2146760 48704 -250000 0
9 1344420692637500 -2167656 59536 -243544 0
9 1344420692640000 -2151640 47912 -246712 0
9 1344420692642500 -2169872 61448 -246672 0
9 1344420692645000 -2136152 45672 -246448 0
9 1344420692647500 -2176048 59704 -242896 0
9 1344420692650000 -2132928 47392 -244176 0
9 1344420692652500 -2167088 62136 -252120 0
9 1344420692655000 -2142552 45312 -243048 0
9 1344420692657500 -2169328 58496 -245512 0
9 1344420692660000 -2141920 51488 -250608 0
9 1344420692662500 -2163024 59472 -250024 0
9 1344420692665000 -2157280 48392 -246632 0
9 1344420692667500 -2165040 57864 -247536 0
9 1344420692670000 -2145768 49392 -247544 0
9 1344420692672500 -2176008 61184 -250352 0
9 1344420692675000 -2147672 48264 -241664 0
9 1344420692677500 -2159920 58504 -242952 0
9 1344420692680000 -2153632 51168 -250024 0
9 1344420692682500 -2153184 58672 -247096 0
9 1344420692685000 -2158824 49480 -244544 0
9 1344420692687500 -2152976 54784 -243056 0
9 1344420692690000 -2153120 53088 -251432 0
9 1344420692692500 -2145888 55728 -244464 0
9 1344420692695000 -2169080 53984 -247752 0
9 1344420692697500 -2146320 55056 -246344 0
