9 1344420707800000 -2157168 54208 -246136 0
9 1344420707802500 -2157144 55016 -246208 0
9 1344420707805000 -2155976 54624 -247216 0
9 1344420707807500 -2156416 55856 -246960 0
9 1344420707810000 -2156232 53264 -246456 0
9 1344420707812500 -2154976 54624 -246616 0
9 1344420707815000 -2157392 53744 -247352 0
9 1344420707817500 -2156144 55728 -245680 0
9 1344420707820000 -2156840 55232 -246376 0
9 1344420707822500 -2157048 54224 -245880 0
9 1344420707825000 -2157576 55248 -245704 0
9 1344420707827500 -2156888 54592 -245408 0
9 1344420707830000 -2156304 54776 -246240 0
9 1344420707832500 -2155672 54056 -244928 0
9 1344420707835000 -2157624 53216 -246720 0
9 1344420707837500 -2155920 54032 -246104 0
9 1344420707840000 -2156096 55024 -246288 0
9 1344420707842500 -2157992 54136 -246192 0
9 1344420707845000 -2156272 54336 -247616 0
9 1344420707847500 -2157088 53320 -245616 0
9 1344420707850000 -2156728 53752 -246336 0
9 1344420707852500 -2156264 54200 -246896 0
9 1344420707855000 -2156496 54168 -247144 0
9 1344420707857500 -2156528 54456 -247408 0
9 1344420707860000 -2157136 53320 -246368 0
9 1344420707862500 -2156640 53992 -245936 0
9 1344420707865000 -2157296 54016 -247472 0
9 1344420707867500 -2156720 54800 -247384 0
9 1344420707870000 -2156784 55856 -247208 0
9 1344420707872500 -2155392 53880 -247960 0
9 1344420707875000 -2157432 54456 -246696 0
9 1344420707877500 -2156928 54232 -246696 0
9 1344420707880000 -2156520 54144 -246192 0
9 1344420707882500 -2155656 53912 -246376 0
9 1344420707885000 -2157720 54728 -245776 0
9 1344420707887500 -2157640 54560 -246984 0
9 1344420707890000 -2157080 54720 -246160 0
9 1344420707892500 -2156192 53360 -246056 0
9 1344420707895000 -2157384 54752 -246176 0
9 1344420707897500 -2157872 55568 -246648 0
