9 1344420673600000 -2157168 54760 -246896 0
9 1344420673602500 -2156560 53944 -247112 0
9 1344420673605000 -2156232 52936 -246472 0
9 1344420673607500 -2157096 54760 -246328 0
9 1344420673610000 -2157248 54872 -246008 0
9 1344420673612500 -2156712 54440 -247000 0
9 1344420673615000 -2157672 53392 -245248 0
9 1344420673617500 -2157280 53272 -246072 0
9 1344420673620000 -2156432 54696 -247592 0
9 1344420673622500 -2156712 53040 -247680 0
9 1344420673625000 -2157032 53288 -246760 0
9 1344420673627500 -2156152 55080 -246472 0
9 1344420673630000 -2157552 54000 -247064 0
9 1344420673632500 -2156416 53200 -247168 0
9 1344420673635000 -2156936 53720 -246120 0
9 1344420673637500 -2158064 54616 -246632 0
9 1344420673640000 -2157296 54832 -245920 0
9 1344420673642500 -2156968 53552 -247096 0
9 1344420673645000 -2156648 54888 -246536 0
9 1344420673647500 -2157816 53016 -246824 0
9 1344420673650000 -2156728 54736 -246216 0
9 1344420673652500 -2157232 54120 -247152 0
9 1344420673655000 -2157568 54232 -247216 0
9 1344420673657500 -2157312 54712 -247024 0
9 1344420673660000 -2157464 53352 -246744 0
9 1344420673662500 -2157440 55000 -246120 0
9 1344420673665000 -2156792 53832 -246280 0
9 1344420673667500 -2156520 53704 -246936 0
9 1344420673670000 -2158656 53760 -247232 0
9 1344420673672500 -2156984 53992 -246272 0
9 1344420673675000 -2157144 53896 -246176 0
9 1344420673677500 -2158192 55352 -246344 0
9 1344420673680000 -2157336 54696 -246184 0
9 1344420673682500 -2156872 53488 -245816 0
9 1344420673685000 -2156840 53912 -248272 0
9 1344420673687500 -2156288 53760 -246952 0
9 1344420673690000 -2157160 53320 -245192 0
9 1344420673692500 -2156048 53112 -246848 0
9 1344420673695000 -2156248 53200 -246432 0
9 1344420673697500 -2156640 54744 -246648 0
