9 1344420685600000 -2157376 53176 -246472 0
9 1344420685602500 -2157040 54624 -245920 0
9 1344420685605000 -2157744 54456 -246616 0
9 1344420685607500 -2157728 54008 -246224 0
9 1344420685610000 -2158008 53904 -247024 0
9 1344420685612500 -2156512 52888 -246584 0
9 1344420685615000 -2156696 52848 -247752 0
9 1344420685617500 -2157672 52912 -247776 0
9 1344420685620000 -2157720 53712 -246200 0
9 1344420685622500 -2156728 53488 -246648 0
9 1344420685625000 -2157760 53608 -247128 0
9 1344420685627500 -2156952 53112 -246560 0
9 1344420685630000 -2157856 53520 -246544 0
9 1344420685632500 -2157000 53208 -247736 0
9 1344420685635000 -2156552 53384 -246640 0
9 1344420685637500 -2156624 53216 -246840 0
9 1344420685640000 -2157400 54536 -246656 0
9 1344420685642500 -2156944 53672 -246368 0
9 1344420685645000 -2157456 54112 -247592 0
9 1344420685647500 -2157192 54096 -247360 0
9 1344420685650000 -2156896 52880 -246144 0
9 1344420685652500 -2157680 54104 -246336 0
9 1344420685655000 -2156320 54520 -245888 0
9 1344420685657500 -2157432 54544 -246912 0
9 1344420685660000 -2155992 55096 -246192 0
9 1344420685662500 -2156328 54216 -247120 0
9 1344420685665000 -2156656 53904 -247520 0
9 1344420685667500 -2156128 53776 -246312 0
9 1344420685670000 -2156608 54608 -247304 0
9 1344420685672500 -2156784 54168 -245960 0
9 1344420685675000 -2156032 53128 -247520 0
9 1344420685677500 -2156224 54224 -247320 0
9 1344420685680000 -2156288 52992 -246936 0
9 1344420685682500 -2156568 54136 -247112 0
9 1344420685685000 -2157432 53544 -247320 0
9 1344420685687500 -2158720 53440 -247072 0
9 1344420685690000 -2156744 53216 -246728 0
9 1344420685692500 -2156984 54232 -246328 0
9 1344420685695000 -2157480 54064 -246664 0
9 1344420685697500 -2156968 52872 -245832 0
