9 1344420672700000 -2157608 53976 -245984 0
9 1344420672702500 -2156544 54232 -246744 0
9 1344420672705000 -2157032 53904 -246264 0
9 1344420672707500 -2156016 54712 -247296 0
9 1344420672710000 -2156120 55272 -246544 0
9 1344420672712500 -2156960 53976 -246576 0
9 1344420672715000 -2157512 55600 -247664 0
9 1344420672717500 -2157368 54056 -247000 0
9 1344420672720000 -2155584 55120 -246568 0
9 1344420672722500 -2156424 53664 -246184 0
9 1344420672725000 -2156784 53784 -245728 0
9 1344420672727500 -2156536 53992 -247304 0
9 1344420672730000 -2159144 54280 -246872 0
9 1344420672732500 -2157392 53896 -246120 0
9 1344420672735000 -2155576 54064 -245912 0
9 1344420672737500 -2156304 54760 -247856 0
9 1344420672740000 -2157336 54272 -247056 0
9 1344420672742500 -2156944 54784 -246264 0
9 1344420672745000 -2157224 53912 -247640 0
9 1344420672747500 -2156624 54800 -247600 0
9 1344420672750000 -2157504 54680 -247192 0
9 1344420672752500 -2157496 55456 -245632 0
9 1344420672755000 -2157576 54472 -247360 0
9 1344420672757500 -2156264 54552 -246688 0
9 1344420672760000 -2155480 53960 -246872 0
9 1344420672762500 -2156688 53944 -247800 0
9 1344420672765000 -2156904 54040 -247496 0
9 1344420672767500 -2157864 53984 -246072 0
9 1344420672770000 -2157264 54840 -246480 0
9 1344420672772500 -2155888 53288 -247800 0
9 1344420672775000 -2157296 55224 -246656 0
9 1344420672777500 -2157080 54112 -247072 0
9 1344420672780000 -2157728 54096 -246656 0
9 1344420672782500 -2156808 53976 -247184 0
9 1344420672785000 -2156624 54640 -246680 0
9 1344420672787500 -2157896 54096 -246992 0
9 1344420672790000 -2157512 54488 -246480 0
9 1344420672792500 -2156184 54040 -245704 0
9 1344420672795000 -2156456 53528 -245608 0
9 1344420672797500 -2157520 54952 -248768 0
