9 1344420702300000 -2158144 53376 -247816 0
9 1344420702302500 -2156616 54320 -246664 0
9 1344420702305000 -2156248 53200 -245928 0
9 1344420702307500 -2157240 53952 -248448 0
9 1344420702310000 -2156168 53184 -247256 0
9 1344420702312500 -2156816 54024 -247352 0
9 1344420702315000 -2157336 54432 -245968 0
9 1344420702317500 -2157528 54352 -246544 0
9 1344420702320000 -2157608 54008 -245936 0
9 1344420702322500 -2157144 55600 -245720 0
9 1344420702325000 -2156184 54584 -246800 0
9 1344420702327500 -2156384 53296 -246544 0
9 1344420702330000 -2157600 53152 -246488 0
9 1344420702332500 -2158408 54360 -247384 0
9 1344420702335000 -2156736 54056 -245848 0
9 1344420702337500 -2157232 52840 -246816 0
9 1344420702340000 -2156656 54176 -248872 0
9 1344420702342500 -2155752 53944 -246224 0
9 1344420702345000 -2156584 53664 -246744 0
9 1344420702347500 -2156032 54840 -246760 0
9 1344420702350000 -2156608 54368 -246112 0
9 1344420702352500 -2157440 53624 -245624 0
9 1344420702355000 -2156304 54400 -246640 0
9 1344420702357500 -2156304 53008 -247024 0
9 1344420702360000 -2158232 53496 -245736 0
9 1344420702362500 -2157408 53688 -247416 0
9 1344420702365000 -2157560 52536 -247360 0
9 1344420702367500 -2156088 54312 -246224 0
9 1344420702370000 -2155632 54976 -246576 0
9 1344420702372500 -2155712 53912 -246560 0
9 1344420702375000 -2155872 54408 -247952 0
9 1344420702377500 -2155952 54280 -246912 0
9 1344420702380000 -2156848 52536 -247384 0
9 1344420702382500 -2158040 53280 -246616 0
9 1344420702385000 -2157064 54832 -246656 0
9 1344420702387500 -2155736 54296 -246368 0
9 1344420702390000 -2156536 53368 -245832 0
9 1344420702392500 -2157608 53864 -246008 0
9 1344420702395000 -2157384 54464 -245920 0
9 1344420702397500 -2155880 53944 -247272 0
