9 1344420695300000 -2156672 54952 -246768 0
9 1344420695302500 -2155824 53640 -246528 0
9 1344420695305000 -2157320 54808 -247184 0
9 1344420695307500 -2156776 53168 -247568 0
9 1344420695310000 -2157072 54496 -246240 0
9 1344420695312500 -2156544 54536 -246320 0
9 1344420695315000 -2156488 54256 -247456 0
9 1344420695317500 -2157648 53752 -246944 0
9 1344420695320000 -2156952 53880 -246296 0
9 1344420695322500 -2158320 54936 -246576 0
9 1344420695325000 -2157584 54392 -245800 0
9 1344420695327500 -2157136 54768 -246248 0
9 1344420695330000 -2156672 53616 -247144 0
9 1344420695332500 -2157952 54720 -247688 0
9 1344420695335000 -2157424 53904 -245728 0
9 1344420695337500 -2157392 54136 -245920 0
9 1344420695340000 -2155864 53560 -246672 0
9 1344420695342500 -2157896 54376 -246872 0
9 1344420695345000 -2155856 54384 -246432 0
9 1344420695347500 -2157912 54448 -247256 0
9 1344420695350000 -2156072 54152 -246848 0
9 1344420695352500 -2157032 54560 -246208 0
9 1344420695355000 -2155792 53288 -246912 0
9 1344420695357500 -2157632 54416 -247080 0
9 1344420695360000 -2155872 54120 -246064 0
9 1344420695362500 -2157024 56400 -246232 0
9 1344420695365000 -2156944 54064 -246896 0
9 1344420695367500 -2157384 54392 -246944 0
9 1344420695370000 -2156736 55272 -247696 0
9 1344420695372500 -2157320 54064 -246920 0
9 1344420695375000 -2157608 53864 -246776 0
9 1344420695377500 -2155976 55880 -245760 0
9 1344420695380000 -2157120 55040 -246568 0
9 1344420695382500 -2155296 54608 -245872 0
9 1344420695385000 -2157160 55464 -245944 0
9 1344420695387500 -2156296 54608 -247040 0
9 1344420695390000 -2158032 53728 -247360 0
9 1344420695392500 -2155920 54152 -246784 0
9 1344420695395000 -2155952 55000 -247600 0
9 1344420695397500 -2156800 54096 -246632 0
