9 1344420687500000 -2156752 53704 -246760 0
9 1344420687502500 -2156904 52488 -246256 0
9 1344420687505000 -2156688 54888 -246168 0
9 1344420687507500 -2156168 53456 -246080 0
9 1344420687510000 -2156808 54872 -247520 0
9 1344420687512500 -2156344 54648 -247336 0
9 1344420687515000 -2157136 54408 -246800 0
9 1344420687517500 -2157072 53072 -246760 0
9 1344420687520000 -2157160 52840 -246624 0
9 1344420687522500 -2156184 52560 -247208 0
9 1344420687525000 -2156240 52920 -247432 0
9 1344420687527500 -2156568 53336 -246032 0
9 1344420687530000 -2157088 53760 -247048 0
9 1344420687532500 -2157560 53560 -246952 0
9 1344420687535000 -2156120 53824 -246968 0
9 1344420687537500 -2157016 53584 -246672 0
9 1344420687540000 -2156656 53408 -247024 0
9 1344420687542500 -2157184 53048 -247296 0
9 1344420687545000 -2157800 53168 -247024 0
9 1344420687547500 -2157464 53976 -247552 0
9 1344420687550000 -2157776 53976 -247584 0
9 1344420687552500 -2157192 53456 -246856 0
9 1344420687555000 -2156872 54152 -246624 0
9 1344420687557500 -2157336 54552 -248088 0
9 1344420687560000 -2157344 53800 -247320 0
9 1344420687562500 -2156712 52856 -247840 0
9 1344420687565000 -2157544 53472 -246872 0
9 1344420687567500 -2156648 53504 -246136 0
9 1344420687570000 -2157248 53288 -247448 0
9 1344420687572500 -2157864 54536 -247208 0
9 1344420687575000 -2155728 53784 -246576 0
9 1344420687577500 -2156856 53624 -247240 0
9 1344420687580000 -2156720 53936 -246712 0
9 1344420687582500 -2157408 53392 -246560 0
9 1344420687585000 -2156024 53560 -246600 0
9 1344420687587500 -2155848 54992 -247488 0
9 1344420687590000 -2156984 53424 -247144 0
9 1344420687592500 -2157656 52336 -246808 0
9 1344420687595000 -2156408 53696 -246456 0
9 1344420687597500 -2156456 53512 -246360 0
