9 1344420688700000 -2156712 54808 -246480 0
9 1344420688702500 -2158328 54504 -246400 0
9 1344420688705000 -2157064 53640 -245864 0
9 1344420688707500 -2156496 53424 -246680 0
9 1344420688710000 -2155112 55152 -246912 0
9 1344420688712500 -2156488 54704 -246152 0
9 1344420688715000 -2157248 55184 -245720 0
9 1344420688717500 -2156040 53936 -245576 0
9 1344420688720000 -2157256 54256 -247096 0
9 1344420688722500 -2156864 54288 -246944 0
9 1344420688725000 -2156968 53744 -245528 0
9 1344420688727500 -2157984 54800 -246192 0
9 1344420688730000 -2157080 53616 -245760 0
9 1344420688732500 -2156984 54560 -245784 0
9 1344420688735000 -2156544 54024 -245984 0
9 1344420688737500 -2156784 53400 -246544 0
9 1344420688740000 -2156952 55328 -246240 0
9 1344420688742500 -2157432 53552 -246720 0
9 1344420688745000 -2157776 54080 -246584 0
9 1344420688747500 -2157280 53552 -245584 0
9 1344420688750000 -2156568 53496 -246832 0
9 1344420688752500 -2158064 55240 -246600 0
9 1344420688755000 -2158640 53264 -246560 0
9 1344420688757500 -2156296 53280 -246176 0
9 1344420688760000 -2156944 54360 -246024 0
9 1344420688762500 -2157312 55648 -247032 0
9 1344420688765000 -2157664 54792 -246904 0
9 1344420688767500 -2157040 55136 -245856 0
9 1344420688770000 -2157344 53952 -245832 0
9 1344420688772500 -2155600 53872 -247152 0
9 1344420688775000 -2158120 55608 -247448 0
9 1344420688777500 -2157784 53872 -246352 0
9 1344420688780000 -2157240 55040 -245712 0
9 1344420688782500 -2155904 54144 -246760 0
9 1344420688785000 -2156784 55152 -246880 0
9 1344420688787500 -2156016 53624 -247168 0
9 1344420688790000 -2156720 53904 -246432 0
9 1344420688792500 -2157568 53288 -246640 0
9 1344420688795000 -2156200 54336 -246000 0
9 1344420688797500 -2155832 54064 -246888 0
