9 1344420672100000 -2157400 53640 -247304 0
9 1344420672102500 -2157216 54016 -245960 0
9 1344420672105000 -2156568 53888 -247440 0
9 1344420672107500 -2156760 53960 -246544 0
9 1344420672110000 -2157976 54072 -246584 0
9 1344420672112500 -2155944 54128 -246616 0
9 1344420672115000 -2156824 53800 -246920 0
9 1344420672117500 -2156952 55592 -247360 0
9 1344420672120000 -2156248 54376 -246424 0
9 1344420672122500 -2157720 52608 -246064 0
9 1344420672125000 -2156904 53152 -246504 0
9 1344420672127500 -2155496 53880 -245936 0
9 1344420672130000 -2156768 53528 -246720 0
9 1344420672132500 -2157544 53960 -247144 0
9 1344420672135000 -2157696 55008 -246080 0
9 1344420672137500 -2157232 55160 -246928 0
9 1344420672140000 -2156656 53728 -246832 0
9 1344420672142500 -2156192 54520 -247224 0
9 1344420672145000 -2156224 54800 -247384 0
9 1344420672147500 -2157296 54552 -246008 0
9 1344420672150000 -2157648 54072 -247200 0
9 1344420672152500 -2156360 55080 -247000 0
9 1344420672155000 -2156080 54008 -246512 0
9 1344420672157500 -2156664 54592 -246264 0
9 1344420672160000 -2157264 54128 -247424 0
9 1344420672162500 -2155760 54640 -246992 0
9 1344420672165000 -2156080 53976 -246160 0
9 1344420672167500 -2155704 55704 -246088 0
9 1344420672170000 -2155672 53704 -246304 0
9 1344420672172500 -2156592 53376 -247264 0
9 1344420672175000 -2156784 54392 -246680 0
9 1344420672177500 -2155976 54704 -247352 0
9 1344420672180000 -2157248 54240 -246368 0
9 1344420672182500 -2158304 53664 -246368 0
9 1344420672185000 -2156744 54184 -246504 0
9 1344420672187500 -2157152 54176 -247520 0
9 1344420672190000 -2157920 53312 -247176 0
9 1344420672192500 -2156824 54376 -246536 0
9 1344420672195000 -2156576 54344 -246728 0
9 1344420672197500 -2157040 54272 -245760 0
