9 1344420688200000 -2156960 55072 -246216 0
9 1344420688202500 -2156664 54464 -245608 0
9 1344420688205000 -2156080 53064 -246672 0
9 1344420688207500 -2158360 55576 -246072 0
9 1344420688210000 -2157552 54592 -246888 0
9 1344420688212500 -2157464 54704 -246192 0
9 1344420688215000 -2156760 53656 -246800 0
9 1344420688217500 -2157240 53744 -245568 0
9 1344420688220000 -2157424 54552 -246088 0
9 1344420688222500 -2159136 54232 -246560 0
9 1344420688225000 -2157120 55208 -246576 0
9 1344420688227500 -2156320 54120 -247816 0
9 1344420688230000 -2158336 55176 -247744 0
9 1344420688232500 -2157568 53888 -245824 0
9 1344420688235000 -2156072 55384 -246168 0
9 1344420688237500 -2157144 54784 -245360 0
9 1344420688240000 -2157384 54712 -247656 0
9 1344420688242500 -2157032 54464 -246136 0
9 1344420688245000 -2157144 53960 -247128 0
9 1344420688247500 -2155960 54480 -246160 0
9 1344420688250000 -2156328 54616 -246480 0
9 1344420688252500 -2157456 53784 -245096 0
9 1344420688255000 -2156216 54664 -246736 0
9 1344420688257500 -2155952 55112 -246944 0
9 1344420688260000 -2157472 54824 -246192 0
9 1344420688262500 -2156736 54136 -246008 0
9 1344420688265000 -2157152 54784 -246864 0
9 1344420688267500 -2157472 53408 -246200 0
9 1344420688270000 -2157280 54744 -245688 0
9 1344420688272500 -2157856 54856 -246520 0
9 1344420688275000 -2157664 54384 -247256 0
9 1344420688277500 -2157072 54080 -246928 0
9 1344420688280000 -2156568 53288 -246840 0
9 1344420688282500 -2156104 54528 -247088 0
9 1344420688285000 -2158184 54416 -247248 0
9 1344420688287500 -2158880 54232 -247744 0
9 1344420688290000 -2158144 53760 -246880 0
9 1344420688292500 -2157512 54664 -247208 0
9 1344420688295000 -2157336 53936 -246472 0
9 1344420688297500 -2157216 53872 -247344 0
