9 1344420717400000 -2157816 53664 -247712 0
9 1344420717402500 -2156728 54712 -246424 0
9 1344420717405000 -2156024 54056 -246864 0
9 1344420717407500 -2155672 55096 -246096 0
9 1344420717410000 -2156896 54768 -246904 0
9 1344420717412500 -2157000 54768 -245928 0
9 1344420717415000 -2156640 54168 -245952 0
9 1344420717417500 -2156872 54048 -246696 0
9 1344420717420000 -2156592 55168 -247200 0
9 1344420717422500 -2157280 54752 -246784 0
9 1344420717425000 -2156104 55304 -245040 0
9 1344420717427500 -2156960 54224 -247248 0
9 1344420717430000 -2156376 52960 -245768 0
9 1344420717432500 -2157848 53560 -246344 0
9 1344420717435000 -2156664 55240 -245440 0
9 1344420717437500 -2155872 54120 -246104 0
9 1344420717440000 -2157104 54288 -246448 0
9 1344420717442500 -2156200 55080 -244728 0
9 1344420717445000 -2157296 54552 -246392 0
9 1344420717447500 -2157352 54288 -245872 0
9 1344420717450000 -2156584 54576 -246608 0
9 1344420717452500 -2155520 55384 -246880 0
9 1344420717455000 -2156696 53472 -246936 0
9 1344420717457500 -2156592 55104 -247040 0
9 1344420717460000 -2155720 54752 -248128 0
9 1344420717462500 -2155776 55608 -247224 0
9 1344420717465000 -2156832 55000 -247208 0
9 1344420717467500 -2156040 54648 -246280 0
9 1344420717470000 -2157120 54920 -245680 0
9 1344420717472500 -2156064 54280 -246560 0
9 1344420717475000 -2156104 54200 -246312 0
9 1344420717477500 -2156584 54792 -246536 0
9 1344420717480000 -2156864 53800 -246512 0
9 1344420717482500 -2156696 54504 -246016 0
9 1344420717485000 -2156688 53856 -246640 0
9 1344420717487500 -2156312 54400 -246520 0
9 1344420717490000 -2157912 53976 -246392 0
9 1344420717492500 -2154848 53936 -245160 0
9 1344420717495000 -2155896 53736 -246328 0
9 1344420717497500 -2157432 54400 -245824 0
