9 1344420691100000 -2156904 54680 -247552 0
9 1344420691102500 -2157552 53944 -247544 0
9 1344420691105000 -2157288 53856 -247456 0
9 1344420691107500 -2156816 54728 -246024 0
9 1344420691110000 -2158544 53592 -247904 0
9 1344420691112500 -2157328 54144 -247040 0
9 1344420691115000 -2158528 54872 -247264 0
9 1344420691117500 -2156664 54704 -247360 0
9 1344420691120000 -2158208 54672 -248080 0
9 1344420691122500 -2156992 54144 -246352 0
9 1344420691125000 -2157784 54968 -247400 0
9 1344420691127500 -2157360 53456 -246160 0
9 1344420691130000 -2157504 54960 -245760 0
9 1344420691132500 -2157104 54096 -246296 0
9 1344420691135000 -2158080 54792 -247776 0
9 1344420691137500 -2156416 55832 -246128 0
9 1344420691140000 -2157456 53976 -247200 0
9 1344420691142500 -2155816 54040 -246016 0
9 1344420691145000 -2156152 54312 -246880 0
9 1344420691147500 -2155616 54200 -247912 0
9 1344420691150000 -2156464 54648 -246696 0
9 1344420691152500 -2155608 54320 -247256 0
9 1344420691155000 -2155520 55256 -245368 0
9 1344420691157500 -2156408 53952 -246600 0
9 1344420691160000 -2157056 52640 -247512 0
9 1344420691162500 -2156800 53880 -246384 0
9 1344420691165000 -2157784 53536 -246920 0
9 1344420691167500 -2156552 53808 -246280 0
9 1344420691170000 -2157568 54016 -247360 0
9 1344420691172500 -2156152 54880 -247120 0
9 1344420691175000 -2156616 54768 -247384 0
9 1344420691177500 -2157104 53888 -246488 0
9 1344420691180000 -2158256 53688 -247888 0
9 1344420691182500 -2156192 53632 -247080 0
9 1344420691185000 -2156272 53560 -247016 0
9 1344420691187500 -2157928 54328 -245096 0
9 1344420691190000 -2157400 54072 -246648 0
9 1344420691192500 -2157448 54952 -247048 0
9 1344420691195000 -2155120 53736 -247240 0
9 1344420691197500 -2157624 53832 -247152 0
