9 1344420673700000 -2156520 54440 -246288 0
9 1344420673702500 -2157712 53664 -246504 0
9 1344420673705000 -2157040 53224 -247408 0
9 1344420673707500 -2156616 54440 -246632 0
9 1344420673710000 -2158312 53856 -247336 0
9 1344420673712500 -2158112 54456 -247424 0
9 1344420673715000 -2156656 54752 -246672 0
9 1344420673717500 -2157424 53912 -246952 0
9 1344420673720000 -2155896 54128 -247096 0
9 1344420673722500 -2156576 55152 -246104 0
9 1344420673725000 -2157016 54656 -246336 0
9 1344420673727500 -2157032 54304 -247024 0
9 1344420673730000 -2158272 55176 -246056 0
9 1344420673732500 -2157000 53728 -245032 0
9 1344420673735000 -2156496 53712 -246024 0
9 1344420673737500 -2157304 53856 -246296 0
9 1344420673740000 -2155816 54280 -247120 0
9 1344420673742500 -2156384 55056 -246632 0
9 1344420673745000 -2157856 55384 -246376 0
9 1344420673747500 -2157048 54360 -246856 0
9 1344420673750000 -2156032 54312 -245744 0
9 1344420673752500 -2156744 54456 -246376 0
9 1344420673755000 -2156688 53920 -245608 0
9 1344420673757500 -2157192 53312 -246400 0
9 1344420673760000 -2157344 54712 -245656 0
9 1344420673762500 -2155920 54688 -246816 0
9 1344420673765000 -2156192 55064 -246632 0
9 1344420673767500 -2156224 54048 -246048 0
9 1344420673770000 -2156192 54480 -246352 0
9 1344420673772500 -2156728 54344 -246552 0
9 1344420673775000 -2157680 54600 -246480 0
9 1344420673777500 -2156760 55280 -246360 0
9 1344420673780000 -2157400 55560 -247784 0
9 1344420673782500 -2157024 53560 -247728 0
9 1344420673785000 -2157088 54856 -247384 0
9 1344420673787500 -2157800 54536 -245984 0
9 1344420673790000 -2157848 55128 -245896 0
9 1344420673792500 -2156352 54792 -247288 0
9 1344420673795000 -2158024 53904 -246920 0
9 1344420673797500 -2156808 54640 -245640 0
