9 1344420717500000 -2157608 54888 -247264 0
9 1344420717502500 -2155360 54568 -246480 0
9 1344420717505000 -2157008 54696 -245984 0
9 1344420717507500 -2156240 54008 -246200 0
9 1344420717510000 -2156688 54992 -247208 0
9 1344420717512500 -2157792 53392 -246344 0
9 1344420717515000 -2157008 54496 -246128 0
9 1344420717517500 -2157104 54416 -246448 0
9 1344420717520000 -2156448 54928 -248272 0
9 1344420717522500 -2157384 54760 -247256 0
9 1344420717525000 -2156968 54736 -247048 0
9 1344420717527500 -2156480 54048 -246296 0
9 1344420717530000 -2155904 55152 -246544 0
9 1344420717532500 -2155776 53192 -246840 0
9 1344420717535000 -2157408 53800 -245144 0
9 1344420717537500 -2155560 53232 -246464 0
9 1344420717540000 -2157880 54912 -246680 0
9 1344420717542500 -2156712 53136 -247656 0
9 1344420717545000 -2156464 53056 -246112 0
9 1344420717547500 -2158256 54096 -246424 0
9 1344420717550000 -2156632 53896 -247512 0
9 1344420717552500 -2157984 54024 -246640 0
9 1344420717555000 -2156552 54480 -246256 0
9 1344420717557500 -2156552 55008 -246848 0
9 1344420717560000 -2155544 53360 -244848 0
9 1344420717562500 -2156880 54928 -246280 0
9 1344420717565000 -2157040 54112 -247416 0
9 1344420717567500 -2156224 53376 -246856 0
9 1344420717570000 -2156008 54008 -247200 0
9 1344420717572500 -2156944 53120 -246760 0
9 1344420717575000 -2158128 52600 -247016 0
9 1344420717577500 -2156128 53488 -246752 0
9 1344420717580000 -2156744 53296 -246352 0
9 1344420717582500 -2157216 54248 -247136 0
9 1344420717585000 -2156304 53776 -246896 0
9 1344420717587500 -2154520 54880 -246360 0
9 1344420717590000 -2155024 53800 -246056 0
9 1344420717592500 -2156432 53848 -245928 0
9 1344420717595000 -2157216 54968 -246128 0
9 1344420717597500 -2156688 54216 -245752 0
