9 1344420712800000 -2155928 54768 -246808 0
9 1344420712802500 -2158048 54176 -245624 0
9 1344420712805000 -2155152 55520 -245904 0
9 1344420712807500 -2156096 55560 -246768 0
9 1344420712810000 -2156664 54864 -245520 0
9 1344420712812500 -2156648 54120 -246520 0
9 1344420712815000 -2157136 54192 -246664 0
9 1344420712817500 -2156760 54688 -246256 0
9 1344420712820000 -2157672 54128 -245480 0
9 1344420712822500 -2156768 54392 -246096 0
9 1344420712825000 -2156832 54168 -245976 0
9 1344420712827500 -2156592 54096 -247328 0
9 1344420712830000 -2158160 54736 -245648 0
9 1344420712832500 -2156576 53888 -247176 0
9 1344420712835000 -2157208 54768 -246064 0
9 1344420712837500 -2157464 54696 -246496 0
9 1344420712840000 -2157672 53376 -247024 0
9 1344420712842500 -2157952 54128 -246944 0
9 1344420712845000 -2157768 54272 -246120 0
9 1344420712847500 -2156656 53888 -245912 0
9 1344420712850000 -2158088 54864 -246104 0
9 1344420712852500 -2158328 53376 -246648 0
9 1344420712855000 -2157312 54568 -246744 0
9 1344420712857500 -2156168 55456 -247624 0
9 1344420712860000 -2158024 55312 -247480 0
9 1344420712862500 -2157264 55496 -246904 0
9 1344420712865000 -2157488 53456 -246192 0
9 1344420712867500 -2156928 54712 -247072 0
9 1344420712870000 -2157120 56408 -246824 0
9 1344420712872500 -2156392 55248 -245968 0
9 1344420712875000 -2157224 54368 -246840 0
9 1344420712877500 -2156672 55160 -246632 0
9 1344420712880000 -2157080 53752 -246288 0
9 1344420712882500 -2156112 53952 -246496 0
9 1344420712885000 -2157792 54432 -247328 0
9 1344420712887500 -2157640 54296 -246424 0
9 1344420712890000 -2155632 53736 -246824 0
9 1344420712892500 -2156336 54152 -246736 0
9 1344420712895000 -2157488 53768 -246448 0
9 1344420712897500 -2156512 53440 -244224 0
