9 1344420678400000 -2157312 54168 -245992 0
9 1344420678402500 -2157872 54616 -247200 0
9 1344420678405000 -2156272 54040 -246064 0
9 1344420678407500 -2155864 54824 -246008 0
9 1344420678410000 -2158048 52920 -245536 0
9 1344420678412500 -2156464 53448 -245912 0
9 1344420678415000 -2155920 54160 -246392 0
9 1344420678417500 -2158056 54464 -245880 0
9 1344420678420000 -2156608 53456 -246616 0
9 1344420678422500 -2156536 55912 -246136 0
9 1344420678425000 -2156744 56064 -246992 0
9 1344420678427500 -2156904 52904 -247424 0
9 1344420678430000 -2156768 54288 -247536 0
9 1344420678432500 -2155936 53456 -246672 0
9 1344420678435000 -2157024 54712 -246768 0
9 1344420678437500 -2156168 54528 -246536 0
9 1344420678440000 -2157184 54016 -245840 0
9 1344420678442500 -2156128 55440 -245920 0
9 1344420678445000 -2155864 55424 -246400 0
9 1344420678447500 -2158008 55280 -246848 0
9 1344420678450000 -2157456 54072 -247104 0
9 1344420678452500 -2156576 53712 -247112 0
9 1344420678455000 -2156600 54168 -247240 0
9 1344420678457500 -2157048 54168 -246816 0
9 1344420678460000 -2156608 53696 -246448 0
9 1344420678462500 -2157408 53568 -247096 0
9 1344420678465000 -2156488 53216 -246056 0
9 1344420678467500 -2157200 53848 -246256 0
9 1344420678470000 -2156968 53672 -246760 0
9 1344420678472500 -2156944 54536 -246744 0
9 1344420678475000 -2155664 52592 -247040 0
9 1344420678477500 -2156896 54208 -246840 0
9 1344420678480000 -2157608 54080 -247952 0
9 1344420678482500 -2155976 53024 -247640 0
9 1344420678485000 -2156016 55176 -247528 0
9 1344420678487500 -2156016 54984 -245936 0
9 1344420678490000 -2157136 54512 -247928 0
9 1344420678492500 -2155176 53632 -247520 0
9 1344420678495000 -2157152 53464 -246240 0
9 1344420678497500 -2157136 53904 -246832 0
