9 1344420700700000 -2156432 52760 -246960 0
9 1344420700702500 -2158136 54440 -246232 0
9 1344420700705000 -2156472 53992 -247768 0
9 1344420700707500 -2157368 54648 -246376 0
9 1344420700710000 -2156216 54312 -246728 0
9 1344420700712500 -2155760 54976 -248088 0
9 1344420700715000 -2157312 53888 -246952 0
9 1344420700717500 -2156736 55360 -246024 0
9 1344420700720000 -2156384 53712 -246160 0
9 1344420700722500 -2157072 55184 -247096 0
9 1344420700725000 -2157248 53360 -246904 0
9 1344420700727500 -2156688 53680 -246376 0
9 1344420700730000 -2157272 52656 -246488 0
9 1344420700732500 -2156872 54736 -246736 0
9 1344420700735000 -2157168 53336 -247976 0
9 1344420700737500 -2156600 54432 -246320 0
9 1344420700740000 -2156888 54696 -246584 0
9 1344420700742500 -2156872 52792 -247096 0
9 1344420700745000 -2158168 54296 -247040 0
9 1344420700747500 -2156056 53704 -246656 0
9 1344420700750000 -2158288 54040 -246792 0
9 1344420700752500 -2157568 54088 -246896 0
9 1344420700755000 -2157064 54608 -247472 0
9 1344420700757500 -2156352 53296 -247232 0
9 1344420700760000 -2158712 54248 -246184 0
9 1344420700762500 -2157880 54760 -246520 0
9 1344420700765000 -2156840 53920 -246136 0
9 1344420700767500 -2157232 54296 -246600 0
9 1344420700770000 -2157144 55984 -246800 0
9 1344420700772500 -2156432 54296 -247344 0
9 1344420700775000 -2157416 53712 -247896 0
9 1344420700777500 -2154904 53712 -246544 0
9 1344420700780000 -2157056 54464 -247528 0
9 1344420700782500 -2156720 54464 -248312 0
9 1344420700785000 -2155816 53496 -246000 0
9 1344420700787500 -2156616 53600 -246568 0
9 1344420700790000 -2157760 53248 -247264 0
9 1344420700792500 -2156024 52584 -246768 0
9 1344420700795000 -2156344 54352 -247400 0
9 1344420700797500 -2156040 53288 -245832 0
