9 1344420690900000 -2156408 54016 -246560 0
9 1344420690902500 -2156688 54488 -247424 0
9 1344420690905000 -2158120 54360 -248344 0
9 1344420690907500 -2157264 54336 -246192 0
9 1344420690910000 -2157136 52832 -247176 0
9 1344420690912500 -2157088 51952 -246496 0
9 1344420690915000 -2158232 53952 -246496 0
9 1344420690917500 -2156872 52864 -246840 0
9 1344420690920000 -2156632 55192 -247432 0
9 1344420690922500 -2157568 53816 -246936 0
9 1344420690925000 -2158520 54264 -245976 0
9 1344420690927500 -2156408 53712 -247768 0
9 1344420690930000 -2157832 54296 -247864 0
9 1344420690932500 -2155496 53320 -247184 0
9 1344420690935000 -2157008 52888 -246928 0
9 1344420690937500 -2156008 53056 -247056 0
9 1344420690940000 -2156352 52808 -247280 0
9 1344420690942500 -2155696 53720 -245456 0
9 1344420690945000 -2158320 54800 -247112 0
9 1344420690947500 -2156976 54632 -246232 0
9 1344420690950000 -2157488 53320 -246352 0
9 1344420690952500 -2157280 54328 -246096 0
9 1344420690955000 -2157664 53840 -247016 0
9 1344420690957500 -2156560 54296 -247584 0
9 1344420690960000 -2156984 53344 -246648 0
9 1344420690962500 -2157840 53424 -246176 0
9 1344420690965000 -2158248 54040 -246624 0
9 1344420690967500 -2157552 53816 -247104 0
9 1344420690970000 -2157720 54008 -247192 0
9 1344420690972500 -2156096 53368 -246424 0
9 1344420690975000 -2157680 53184 -247648 0
9 1344420690977500 -2155808 53832 -247480 0
9 1344420690980000 -2156560 52880 -246536 0
9 1344420690982500 -2156256 54504 -245832 0
9 1344420690985000 -2157144 54960 -247832 0
9 1344420690987500 -2156016 52912 -246632 0
9 1344420690990000 -2156992 54840 -246560 0
9 1344420690992500 -2157584 53776 -247104 0
9 1344420690995000 -2157672 54752 -244968 0
9 1344420690997500 -2156360 54048 -246776 0
