9 1344420670100000 -2157592 53824 -246720 0
9 1344420670102500 -2157096 54232 -246392 0
9 1344420670105000 -2156680 54944 -246016 0
9 1344420670107500 -2156976 54400 -246016 0
9 1344420670110000 -2156112 53768 -246720 0
9 1344420670112500 -2157640 55608 -246592 0
9 1344420670115000 -2157072 54016 -247488 0
9 1344420670117500 -2156656 54784 -247128 0
9 1344420670120000 -2157392 53856 -246544 0
9 1344420670122500 -2157384 54272 -246640 0
9 1344420670125000 -2156224 54840 -246512 0
9 1344420670127500 -2156352 55152 -246448 0
9 1344420670130000 -2156608 54880 -246344 0
9 1344420670132500 -2156216 54696 -246504 0
9 1344420670135000 -2157416 53928 -246592 0
9 1344420670137500 -2156504 54416 -246552 0
9 1344420670140000 -2158352 53920 -246360 0
9 1344420670142500 -2156576 53072 -247104 0
9 1344420670145000 -2157216 53608 -246632 0
9 1344420670147500 -2156472 54960 -247112 0
9 1344420670150000 -2156808 55248 -246056 0
9 1344420670152500 -2156640 54152 -247336 0
9 1344420670155000 -2156960 54496 -247096 0
9 1344420670157500 -2156504 54056 -247048 0
9 1344420670160000 -2157328 55024 -246760 0
9 1344420670162500 -2157808 55088 -246160 0
9 1344420670165000 -2157304 54344 -247208 0
9 1344420670167500 -2157408 55472 -246648 0
9 1344420670170000 -2157712 55184 -247488 0
9 1344420670172500 -2157776 55064 -246384 0
9 1344420670175000 -2157000 53880 -245704 0
9 1344420670177500 -2157032 54512 -247328 0
9 1344420670180000 -2156920 54400 -246680 0
9 1344420670182500 -2156936 54240 -247296 0
9 1344420670185000 -2156848 55144 -247032 0
9 1344420670187500 -2156640 54728 -246432 0
9 1344420670190000 -2156536 53976 -246208 0
9 1344420670192500 -2156888 55608 -246392 0
9 1344420670195000 -2156800 54232 -247152 0
9 1344420670197500 -2157240 53952 -247512 0
