9 1344420701500000 -2156728 54320 -246672 0
9 1344420701502500 -2157592 54312 -246448 0
9 1344420701505000 -2156496 53960 -247504 0
9 1344420701507500 -2156944 53608 -248016 0
9 1344420701510000 -2155864 52432 -247096 0
9 1344420701512500 -2156184 55088 -247040 0
9 1344420701515000 -2157392 55280 -247272 0
9 1344420701517500 -2157088 54952 -246824 0
9 1344420701520000 -2156936 54560 -246936 0
9 1344420701522500 -2157368 54936 -247232 0
9 1344420701525000 -2156496 54656 -246552 0
9 1344420701527500 -2156432 54808 -247232 0
9 1344420701530000 -2156096 53224 -246296 0
9 1344420701532500 -2156752 54256 -247440 0
9 1344420701535000 -2157712 54080 -247408 0
9 1344420701537500 -2156696 54144 -246656 0
9 1344420701540000 -2156560 55320 -245824 0
9 1344420701542500 -2158352 53064 -246200 0
9 1344420701545000 -2157168 53288 -246464 0
9 1344420701547500 -2157768 54264 -246208 0
9 1344420701550000 -2156296 53776 -246928 0
9 1344420701552500 -2156472 53848 -247352 0
9 1344420701555000 -2156584 54016 -245856 0
9 1344420701557500 -2157944 53704 -246920 0
9 1344420701560000 -2155608 54240 -245616 0
9 1344420701562500 -2156592 55104 -246328 0
9 1344420701565000 -2156504 54512 -246560 0
9 1344420701567500 -2155904 54256 -246320 0
9 1344420701570000 -2156096 54640 -247024 0
9 1344420701572500 -2157912 55912 -246008 0
9 1344420701575000 -2157472 53432 -246952 0
9 1344420701577500 -2156792 53352 -246608 0
9 1344420701580000 -2158184 54648 -247376 0
9 1344420701582500 -2156536 54480 -246496 0
9 1344420701585000 -2156264 53936 -246848 0
9 1344420701587500 -2158448 55448 -245656 0
9 1344420701590000 -2157224 54008 -246672 0
9 1344420701592500 -2156576 54320 -246776 0
9 1344420701595000 -2156944 53664 -246040 0
9 1344420701597500 -2155728 53168 -246224 0
