9 1344420696600000 -2158368 53752 -245944 0
9 1344420696602500 -2158192 54064 -246928 0
9 1344420696605000 -2156104 54200 -246936 0
9 1344420696607500 -2155520 53880 -247136 0
9 1344420696610000 -2157760 53704 -246016 0
9 1344420696612500 -2158112 54872 -248176 0
9 1344420696615000 -2155704 55848 -247680 0
9 1344420696617500 -2153560 53024 -245536 0
9 1344420696620000 -2160928 53160 -246720 0
9 1344420696622500 -2157368 54488 -247208 0
9 1344420696625000 -2154832 53352 -247216 0
9 1344420696627500 -2157016 53880 -247600 0
9 1344420696630000 -2155056 53832 -245936 0
9 1344420696632500 -2158856 53456 -247432 0
9 1344420696635000 -2155944 54176 -247608 0
9 1344420696637500 -2154816 54136 -246320 0
9 1344420696640000 -2159784 54040 -247240 0
9 1344420696642500 -2156104 55032 -246440 0
9 1344420696645000 -2157200 54688 -247456 0
9 1344420696647500 -2158432 55904 -248360 0
9 1344420696650000 -2153920 54520 -244776 0
9 1344420696652500 -2157984 52424 -246752 0
9 1344420696655000 -2157224 54096 -247632 0
9 1344420696657500 -2155440 54896 -247056 0
9 1344420696660000 -2156008 54472 -246504 0
9 1344420696662500 -2158008 54264 -245552 0
9 1344420696665000 -2156504 54776 -247288 0
9 1344420696667500 -2156960 53848 -247568 0
9 1344420696670000 -2157528 53400 -246376 0
9 1344420696672500 -2155744 52944 -245512 0
9 1344420696675000 -2159784 53960 -247968 0
9 1344420696677500 -2154040 53728 -246832 0
9 1344420696680000 -2157968 54216 -246784 0
9 1344420696682500 -2157344 52528 -246640 0
9 1344420696685000 -2156136 52984 -247176 0
9 1344420696687500 -2158136 55408 -248832 0
9 1344420696690000 -2156648 53912 -245776 0
9 1344420696692500 -2156656 54288 -246680 0
9 1344420696695000 -2157448 54832 -245704 0
9 1344420696697500 -2160640 53736 -246536 0
