9 1344420705700000 -2156224 55016 -246240 0
9 1344420705702500 -2156920 54912 -246880 0
9 1344420705705000 -2155768 53736 -246152 0
9 1344420705707500 -2159408 55976 -247128 0
9 1344420705710000 -2157248 53976 -246688 0
9 1344420705712500 -2156624 54008 -245792 0
9 1344420705715000 -2157464 53776 -246128 0
9 1344420705717500 -2157448 53992 -246552 0
9 1344420705720000 -2156304 54520 -245952 0
9 1344420705722500 -2156288 54968 -246736 0
9 1344420705725000 -2157496 54784 -245888 0
9 1344420705727500 -2157992 54816 -246672 0
9 1344420705730000 -2157552 54776 -245456 0
9 1344420705732500 -2155904 54872 -245296 0
9 1344420705735000 -2156480 54656 -246440 0
9 1344420705737500 -2157904 55120 -246216 0
9 1344420705740000 -2157176 54976 -246832 0
9 1344420705742500 -2155440 54080 -246704 0
9 1344420705745000 -2156184 55376 -246272 0
9 1344420705747500 -2156864 54872 -247240 0
9 1344420705750000 -2157784 55112 -245824 0
9 1344420705752500 -2155952 54576 -245712 0
9 1344420705755000 -2156464 55104 -246952 0
9 1344420705757500 -2155480 55304 -247304 0
9 1344420705760000 -2156720 54672 -245792 0
9 1344420705762500 -2157336 53712 -246048 0
9 1344420705765000 -2156472 54304 -246624 0
9 1344420705767500 -2157280 55712 -246352 0
9 1344420705770000 -2157008 54512 -247136 0
9 1344420705772500 -2155240 55424 -245296 0
9 1344420705775000 -2155608 54024 -247136 0
9 1344420705777500 -2156384 54720 -245776 0
9 1344420705780000 -2156512 54416 -245904 0
9 1344420705782500 -2155856 54760 -246392 0
9 1344420705785000 -2156752 54280 -246352 0
9 1344420705787500 -2156984 54920 -247000 0
9 1344420705790000 -2156264 54216 -245784 0
9 1344420705792500 -2156248 54424 -247088 0
9 1344420705795000 -2156488 53656 -246504 0
9 1344420705797500 -2158296 54840 -246504 0
