9 1344420678600000 -2156784 53992 -246800 0
9 1344420678602500 -2156400 52992 -247464 0
9 1344420678605000 -2156720 54680 -247448 0
9 1344420678607500 -2156056 53456 -245704 0
9 1344420678610000 -2156992 53832 -247256 0
9 1344420678612500 -2158352 54616 -247424 0
9 1344420678615000 -2156896 53640 -246408 0
9 1344420678617500 -2157304 54456 -247008 0
9 1344420678620000 -2156136 54512 -246704 0
9 1344420678622500 -2156712 53752 -246640 0
9 1344420678625000 -2156432 54192 -246600 0
9 1344420678627500 -2156680 54424 -247048 0
9 1344420678630000 -2156784 53472 -246584 0
9 1344420678632500 -2156624 53600 -246160 0
9 1344420678635000 -2158424 54008 -246976 0
9 1344420678637500 -2157216 54240 -246680 0
9 1344420678640000 -2157720 55080 -247552 0
9 1344420678642500 -2158064 54656 -247288 0
9 1344420678645000 -2157712 55072 -246312 0
9 1344420678647500 -2157656 53936 -246808 0
9 1344420678650000 -2156320 53680 -247208 0
9 1344420678652500 -2156264 53800 -247648 0
9 1344420678655000 -2156856 53256 -246744 0
9 1344420678657500 -2156824 53392 -246208 0
9 1344420678660000 -2157072 53976 -245744 0
9 1344420678662500 -2156640 54816 -245760 0
9 1344420678665000 -2155640 53184 -246824 0
9 1344420678667500 -2156048 53672 -246840 0
9 1344420678670000 -2157136 55424 -245632 0
9 1344420678672500 -2157456 54712 -246528 0
9 1344420678675000 -2156384 54904 -245552 0
9 1344420678677500 -2157096 55344 -245696 0
9 1344420678680000 -2157792 53656 -246296 0
9 1344420678682500 -2157992 53912 -246584 0
9 1344420678685000 -2156536 53392 -246944 0
9 1344420678687500 -2157096 54672 -246976 0
9 1344420678690000 -2158384 54448 -247456 0
9 1344420678692500 -2156760 54512 -246376 0
9 1344420678695000 -2158096 53104 -248312 0
9 1344420678697500 -2158368 55480 -246736 0
