9 1344420708700000 -2157056 53624 -245760 0
9 1344420708702500 -2158048 54536 -247280 0
9 1344420708705000 -2156616 54056 -245960 0
9 1344420708707500 -2157152 54600 -246160 0
9 1344420708710000 -2156712 53696 -246312 0
9 1344420708712500 -2156280 54136 -246392 0
9 1344420708715000 -2156584 55112 -246912 0
9 1344420708717500 -2157264 54896 -246792 0
9 1344420708720000 -2155360 53664 -246720 0
9 1344420708722500 -2156720 54720 -246368 0
9 1344420708725000 -2156336 53400 -246632 0
9 1344420708727500 -2156200 52952 -247352 0
9 1344420708730000 -2156848 54080 -246808 0
9 1344420708732500 -2155504 53496 -244552 0
9 1344420708735000 -2156944 54440 -246968 0
9 1344420708737500 -2156728 54976 -246048 0
9 1344420708740000 -2157120 54752 -246568 0
9 1344420708742500 -2156096 55384 -246168 0
9 1344420708745000 -2157648 54856 -246184 0
9 1344420708747500 -2156000 54128 -246352 0
9 1344420708750000 -2158168 54528 -246536 0
9 1344420708752500 -2156864 55792 -246408 0
9 1344420708755000 -2157464 54416 -246200 0
9 1344420708757500 -2156440 54240 -246912 0
9 1344420708760000 -2157232 54128 -246600 0
9 1344420708762500 -2156536 53832 -246872 0
9 1344420708765000 -2156992 54160 -245896 0
9 1344420708767500 -2156424 53904 -247528 0
9 1344420708770000 -2155936 55768 -246376 0
9 1344420708772500 -2156896 55008 -247008 0
9 1344420708775000 -2157416 54680 -245688 0
9 1344420708777500 -2156368 54264 -246648 0
9 1344420708780000 -2156128 54496 -245888 0
9 1344420708782500 -2157768 54656 -246168 0
9 1344420708785000 -2155976 54920 -246400 0
9 1344420708787500 -2157128 53624 -246480 0
9 1344420708790000 -2157216 54208 -246336 0
9 1344420708792500 -2156784 54512 -246624 0
9 1344420708795000 -2156216 54280 -246984 0
9 1344420708797500 -2157656 54624 -247056 0
