9 1344420715700000 -2156656 54288 -245704 0
9 1344420715702500 -2157544 54328 -246264 0
9 1344420715705000 -2157800 53584 -246880 0
9 1344420715707500 -2155952 54072 -245752 0
9 1344420715710000 -2156320 55000 -246112 0
9 1344420715712500 -2158200 53672 -246032 0
9 1344420715715000 -2158008 54320 -245624 0
9 1344420715717500 -2157776 54536 -246744 0
9 1344420715720000 -2155432 53080 -247808 0
9 1344420715722500 -2156960 53496 -246656 0
9 1344420715725000 -2156576 53984 -247208 0
9 1344420715727500 -2157112 52512 -247120 0
9 1344420715730000 -2156160 52480 -246256 0
9 1344420715732500 -2157352 52672 -246832 0
9 1344420715735000 -2155768 54112 -246752 0
9 1344420715737500 -2156384 54896 -246656 0
9 1344420715740000 -2157392 53256 -246632 0
9 1344420715742500 -2156368 53344 -246832 0
9 1344420715745000 -2157416 53280 -247248 0
9 1344420715747500 -2156704 53160 -246960 0
9 1344420715750000 -2156496 53240 -246968 0
9 1344420715752500 -2157376 53392 -247936 0
9 1344420715755000 -2157360 54040 -246784 0
9 1344420715757500 -2155536 53288 -246256 0
9 1344420715760000 -2156600 53072 -245920 0
9 1344420715762500 -2156760 54056 -246800 0
9 1344420715765000 -2157080 53544 -245800 0
9 1344420715767500 -2155616 53216 -246928 0
9 1344420715770000 -2157584 53536 -246320 0
9 1344420715772500 -2158360 53472 -246472 0
9 1344420715775000 -2156376 53400 -246736 0
9 1344420715777500 -2155656 55064 -246560 0
9 1344420715780000 -2157528 54584 -246088 0
9 1344420715782500 -2157424 53320 -246480 0
9 1344420715785000 -2157552 54104 -247056 0
9 1344420715787500 -2156616 54232 -246768 0
9 1344420715790000 -2157120 53216 -245808 0
9 1344420715792500 -2156280 53600 -246592 0
9 1344420715795000 -2156448 53624 -246800 0
9 1344420715797500 -2157272 53248 -246072 0
