9 1344420692700000 -2165040 56920 -253408 0
9 1344420692702500 -2154264 51200 -243272 0
9 1344420692705000 -2172504 56880 -246832 0
9 1344420692707500 -2145648 54824 -249352 0
9 1344420692710000 -2167936 56400 -248800 0
9 1344420692712500 -2154840 50144 -242680 0
9 1344420692715000 -2165744 56040 -250040 0
9 1344420692717500 -2144176 53368 -246048 0
9 1344420692720000 -2163696 53704 -246544 0
9 1344420692722500 -2156312 51664 -245616 0
9 1344420692725000 -2155480 57376 -249496 0
9 1344420692727500 -2154192 53384 -245800 0
9 1344420692730000 -2159416 52280 -245328 0
9 1344420692732500 -2158688 56632 -247432 0
9 1344420692735000 -2150192 53416 -246576 0
9 1344420692737500 -2165048 55696 -247288 0
9 1344420692740000 -2157648 53048 -245720 0
9 1344420692742500 -2155320 52688 -244576 0
9 1344420692745000 -2157376 54512 -246112 0
9 1344420692747500 -2155832 57464 -250664 0
9 1344420692750000 -2152976 51240 -246200 0
9 1344420692752500 -2163048 52152 -242624 0
9 1344420692755000 -2152256 56272 -247704 0
9 1344420692757500 -2144192 54720 -245440 0
9 1344420692760000 -2168120 53176 -245440 0
9 1344420692762500 -2156128 52672 -243536 0
9 1344420692765000 -2145744 57976 -251520 0
9 1344420692767500 -2157416 54352 -246448 0
9 1344420692770000 -2162960 49808 -244768 0
9 1344420692772500 -2152248 55472 -249048 0
9 1344420692775000 -2154176 56824 -251128 0
9 1344420692777500 -2159144 51104 -242216 0
9 1344420692780000 -2177104 59176 -248488 0
9 1344420692782500 -2141784 51408 -247896 0
9 1344420692785000 -2167800 57832 -248792 0
9 1344420692787500 -2160208 51752 -244312 0
9 1344420692790000 -2159784 54600 -248752 0
9 1344420692792500 -2148040 51616 -246880 0
9 1344420692795000 -2163528 54464 -245496 0
9 1344420692797500 -2149016 52816 -246000 0
