9 1344420700200000 -2158192 54632 -247408 0
9 1344420700202500 -2157656 54096 -246360 0
9 1344420700205000 -2157888 54336 -246608 0
9 1344420700207500 -2156176 54056 -244864 0
9 1344420700210000 -2157312 54624 -246648 0
9 1344420700212500 -2156432 54136 -245520 0
9 1344420700215000 -2157432 54064 -247232 0
9 1344420700217500 -2157400 54144 -246512 0
9 1344420700220000 -2157784 54072 -247016 0
9 1344420700222500 -2157064 54656 -246960 0
9 1344420700225000 -2157072 55672 -247024 0
9 1344420700227500 -2156480 53976 -246680 0
9 1344420700230000 -2157616 54752 -246272 0
9 1344420700232500 -2156752 53968 -245928 0
9 1344420700235000 -2156776 53472 -246024 0
9 1344420700237500 -2157520 54320 -247600 0
9 1344420700240000 -2157008 55064 -246392 0
9 1344420700242500 -2156432 53936 -246648 0
9 1344420700245000 -2156904 53624 -245960 0
9 1344420700247500 -2157528 53952 -246216 0
9 1344420700250000 -2156512 54136 -246112 0
9 1344420700252500 -2156392 54336 -247048 0
9 1344420700255000 -2156704 54312 -247128 0
9 1344420700257500 -2157696 53616 -247560 0
9 1344420700260000 -2157480 53088 -247976 0
9 1344420700262500 -2156208 53224 -246696 0
9 1344420700265000 -2158192 54736 -246296 0
9 1344420700267500 -2156344 53152 -246648 0
9 1344420700270000 -2158024 54352 -246832 0
9 1344420700272500 -2157368 54568 -246936 0
9 1344420700275000 -2158368 54824 -246248 0
9 1344420700277500 -2157576 52816 -246728 0
9 1344420700280000 -2157696 53808 -246816 0
9 1344420700282500 -2156832 53968 -246000 0
9 1344420700285000 -2156416 54304 -247320 0
9 1344420700287500 -2156128 52960 -248368 0
9 1344420700290000 -2156016 53504 -247224 0
9 1344420700292500 -2157168 54080 -247912 0
9 1344420700295000 -2156896 53408 -245576 0
9 1344420700297500 -2158368 53872 -247072 0
