9 1344420685100000 -2157592 53824 -247800 0
9 1344420685102500 -2157920 54600 -245912 0
9 1344420685105000 -2156768 52728 -247880 0
9 1344420685107500 -2156552 53728 -246712 0
9 1344420685110000 -2156328 53288 -246080 0
9 1344420685112500 -2158016 52728 -246464 0
9 1344420685115000 -2158760 54232 -246920 0
9 1344420685117500 -2156144 54408 -246192 0
9 1344420685120000 -2157808 54312 -247392 0
9 1344420685122500 -2155712 53688 -246912 0
9 1344420685125000 -2156864 54464 -247216 0
9 1344420685127500 -2157904 53640 -247640 0
9 1344420685130000 -2158152 53176 -246024 0
9 1344420685132500 -2157104 53448 -247504 0
9 1344420685135000 -2156672 53800 -247472 0
9 1344420685137500 -2157560 53272 -247968 0
9 1344420685140000 -2156832 52160 -246920 0
9 1344420685142500 -2157192 54728 -245808 0
9 1344420685145000 -2156920 53336 -247096 0
9 1344420685147500 -2157368 54160 -246624 0
9 1344420685150000 -2157288 54912 -246608 0
9 1344420685152500 -2156368 54240 -247000 0
9 1344420685155000 -2157768 54648 -246800 0
9 1344420685157500 -2156432 56336 -247472 0
9 1344420685160000 -2157224 54376 -246528 0
9 1344420685162500 -2157528 52160 -246440 0
9 1344420685165000 -2158344 54232 -247552 0
9 1344420685167500 -2156880 53776 -245376 0
9 1344420685170000 -2156744 55048 -246976 0
9 1344420685172500 -2157312 53992 -246904 0
9 1344420685175000 -2156784 54104 -246608 0
9 1344420685177500 -2156792 54032 -246896 0
9 1344420685180000 -2158744 53808 -247552 0
9 1344420685182500 -2157960 53488 -246960 0
9 1344420685185000 -2156264 54264 -245792 0
9 1344420685187500 -2157464 54424 -247120 0
9 1344420685190000 -2158560 54496 -247168 0
9 1344420685192500 -2157408 53896 -246312 0
9 1344420685195000 -2157848 53728 -247008 0
9 1344420685197500 -2157208 53888 -246912 0
