9 1344420684900000 -2156592 54072 -247384 0
9 1344420684902500 -2158168 54800 -247744 0
9 1344420684905000 -2157160 55528 -246816 0
9 1344420684907500 -2156008 53104 -246376 0
9 1344420684910000 -2157552 55080 -245696 0
9 1344420684912500 -2157336 53504 -247064 0
9 1344420684915000 -2156352 54624 -246272 0
9 1344420684917500 -2157464 53792 -246472 0
9 1344420684920000 -2157048 54976 -245992 0
9 1344420684922500 -2155672 54880 -246264 0
9 1344420684925000 -2156912 53768 -247824 0
9 1344420684927500 -2157112 54280 -246664 0
9 1344420684930000 -2156224 53880 -246384 0
9 1344420684932500 -2157112 53856 -246952 0
9 1344420684935000 -2158344 54256 -247248 0
9 1344420684937500 -2157032 53120 -246192 0
9 1344420684940000 -2157792 54856 -247008 0
9 1344420684942500 -2156456 53704 -246792 0
9 1344420684945000 -2158176 54352 -246440 0
9 1344420684947500 -2156288 54640 -247040 0
9 1344420684950000 -2156392 53424 -247464 0
9 1344420684952500 -2156960 54368 -246856 0
9 1344420684955000 -2157328 55040 -247184 0
9 1344420684957500 -2156952 54616 -246856 0
9 1344420684960000 -2157160 53920 -247096 0
9 1344420684962500 -2156696 55336 -246632 0
9 1344420684965000 -2157416 53120 -246080 0
9 1344420684967500 -2157272 55368 -247584 0
9 1344420684970000 -2156272 54048 -247192 0
9 1344420684972500 -2156944 53424 -247328 0
9 1344420684975000 -2156312 54320 -247400 0
9 1344420684977500 -2156928 53480 -246528 0
9 1344420684980000 -2156352 54208 -247320 0
9 1344420684982500 -2156104 54448 -246472 0
9 1344420684985000 -2157744 53656 -246856 0
9 1344420684987500 -2156088 53064 -246528 0
9 1344420684990000 -2157808 55224 -247776 0
9 1344420684992500 -2156824 54376 -246944 0
9 1344420684995000 -2156384 53592 -246248 0
9 1344420684997500 -2157528 53808 -246480 0
