9 1344420680900000 -2156336 54592 -246704 0
9 1344420680902500 -2157952 53856 -246856 0
9 1344420680905000 -2157720 53840 -246408 0
9 1344420680907500 -2158176 55240 -246704 0
9 1344420680910000 -2157008 54904 -246528 0
9 1344420680912500 -2156664 54032 -247056 0
9 1344420680915000 -2156568 54152 -247152 0
9 1344420680917500 -2157536 54392 -246792 0
9 1344420680920000 -2156544 54328 -248016 0
9 1344420680922500 -2156784 54440 -247584 0
9 1344420680925000 -2156416 53656 -248360 0
9 1344420680927500 -2157752 54032 -246896 0
9 1344420680930000 -2157304 53232 -248016 0
9 1344420680932500 -2156920 53392 -245552 0
9 1344420680935000 -2155872 54128 -246560 0
9 1344420680937500 -2158312 55528 -247048 0
9 1344420680940000 -2157216 55216 -246696 0
9 1344420680942500 -2156432 53528 -246928 0
9 1344420680945000 -2157264 53304 -247488 0
9 1344420680947500 -2156672 52880 -247432 0
9 1344420680950000 -2156752 54168 -246968 0
9 1344420680952500 -2155592 55088 -247088 0
9 1344420680955000 -2158144 54272 -245912 0
9 1344420680957500 -2156936 54064 -246376 0
9 1344420680960000 -2157328 54520 -245856 0
9 1344420680962500 -2157448 53056 -245056 0
9 1344420680965000 -2157664 53640 -246776 0
9 1344420680967500 -2156360 53832 -246808 0
9 1344420680970000 -2156816 54088 -246024 0
9 1344420680972500 -2157056 52944 -245760 0
9 1344420680975000 -2157280 53808 -246808 0
9 1344420680977500 -2157280 54520 -246712 0
9 1344420680980000 -2156976 54288 -246784 0
9 1344420680982500 -2157640 53384 -247464 0
9 1344420680985000 -2156696 53552 -246184 0
9 1344420680987500 -2156832 53944 -245968 0
9 1344420680990000 -2156784 53288 -246272 0
9 1344420680992500 -2157376 53808 -248264 0
9 1344420680995000 -2158344 54944 -246112 0
9 1344420680997500 -2157320 54896 -246304 0
