9 1344420714800000 -2156872 55872 -246656 0
9 1344420714802500 -2156616 54240 -246768 0
9 1344420714805000 -2157536 54664 -246176 0
9 1344420714807500 -2157048 53640 -245384 0
9 1344420714810000 -2156952 54960 -246752 0
9 1344420714812500 -2157392 53640 -244776 0
9 1344420714815000 -2157440 54464 -245976 0
9 1344420714817500 -2157584 54968 -246208 0
9 1344420714820000 -2155856 54032 -245872 0
9 1344420714822500 -2157848 54320 -247168 0
9 1344420714825000 -2157112 53184 -247792 0
9 1344420714827500 -2156736 52896 -246312 0
9 1344420714830000 -2157376 52952 -245992 0
9 1344420714832500 -2157600 53904 -246352 0
9 1344420714835000 -2157328 53792 -246864 0
9 1344420714837500 -2156520 52672 -246024 0
9 1344420714840000 -2157128 53456 -245336 0
9 1344420714842500 -2156600 53472 -247024 0
9 1344420714845000 -2156056 53488 -246176 0
9 1344420714847500 -2157320 53288 -247032 0
9 1344420714850000 -2157432 53496 -246368 0
9 1344420714852500 -2157872 53936 -245968 0
9 1344420714855000 -2157616 54368 -247264 0
9 1344420714857500 -2157544 53648 -248224 0
9 1344420714860000 -2157984 55320 -247384 0
9 1344420714862500 -2158088 54752 -246936 0
9 1344420714865000 -2156856 54112 -245616 0
9 1344420714867500 -2157136 53104 -247488 0
9 1344420714870000 -2156408 52544 -247504 0
9 1344420714872500 -2156432 53648 -247032 0
9 1344420714875000 -2156080 53064 -246480 0
9 1344420714877500 -2156752 52824 -246504 0
9 1344420714880000 -2156688 54096 -246560 0
9 1344420714882500 -2157784 53416 -247104 0
9 1344420714885000 -2158256 54408 -246872 0
9 1344420714887500 -2156688 55280 -246312 0
9 1344420714890000 -2156544 52464 -246352 0
9 1344420714892500 -2156624 53048 -246088 0
9 1344420714895000 -2156976 54472 -245912 0
9 1344420714897500 -2157248 53504 -246344 0
