9 1344420696000000 -2159208 54568 -247032 0
9 1344420696002500 -2154664 54968 -246688 0
9 1344420696005000 -2157672 54784 -246824 0
9 1344420696007500 -2159104 54688 -245600 0
9 1344420696010000 -2156960 54256 -247040 0
9 1344420696012500 -2155144 55320 -245904 0
9 1344420696015000 -2159928 53680 -246496 0
9 1344420696017500 -2157920 54408 -245608 0
9 1344420696020000 -2156064 53792 -247160 0
9 1344420696022500 -2156392 53952 -246584 0
9 1344420696025000 -2159944 54728 -245352 0
9 1344420696027500 -2155224 53608 -246656 0
9 1344420696030000 -2156736 55128 -245896 0
9 1344420696032500 -2156536 53296 -246936 0
9 1344420696035000 -2158736 54288 -247488 0
9 1344420696037500 -2155416 52920 -246800 0
9 1344420696040000 -2156896 54832 -247552 0
9 1344420696042500 -2156216 52920 -246120 0
9 1344420696045000 -2159616 54312 -247560 0
9 1344420696047500 -2154080 53344 -246960 0
9 1344420696050000 -2156952 54408 -246752 0
9 1344420696052500 -2157200 53688 -247096 0
9 1344420696055000 -2157200 53376 -245520 0
9 1344420696057500 -2157080 53824 -247776 0
9 1344420696060000 -2157776 54776 -246600 0
9 1344420696062500 -2158880 52808 -246408 0
9 1344420696065000 -2154744 54152 -246296 0
9 1344420696067500 -2157984 53920 -246624 0
9 1344420696070000 -2156072 53720 -245672 0
9 1344420696072500 -2158568 53808 -246488 0
9 1344420696075000 -2155152 54928 -246904 0
9 1344420696077500 -2157464 54144 -247552 0
9 1344420696080000 -2157136 54512 -247568 0
9 1344420696082500 -2157120 53536 -245856 0
9 1344420696085000 -2155704 52656 -247216 0
9 1344420696087500 -2156432 54112 -246624 0
9 1344420696090000 -2156800 53712 -246784 0
9 1344420696092500 -2156976 54632 -246672 0
9 1344420696095000 -2155376 52992 -246648 0
9 1344420696097500 -2157352 55232 -247376 0
