9 1344420713200000 -2157080 54224 -247600 0
9 1344420713202500 -2157376 54528 -246352 0
9 1344420713205000 -2156840 54272 -246872 0
9 1344420713207500 -2157544 55448 -246744 0
9 1344420713210000 -2157232 54480 -246040 0
9 1344420713212500 -2156216 54560 -246824 0
9 1344420713215000 -2155832 54104 -245672 0
9 1344420713217500 -2157848 53424 -246856 0
9 1344420713220000 -2156760 55520 -246208 0
9 1344420713222500 -2157720 53776 -245952 0
9 1344420713225000 -2156296 54304 -245760 0
9 1344420713227500 -2157104 54624 -246200 0
9 1344420713230000 -2157904 54200 -246360 0
9 1344420713232500 -2157112 53840 -245784 0
9 1344420713235000 -2156408 54328 -246456 0
9 1344420713237500 -2156448 54560 -246080 0
9 1344420713240000 -2155768 54848 -246464 0
9 1344420713242500 -2157336 55576 -247040 0
9 1344420713245000 -2157552 54136 -246352 0
9 1344420713247500 -2158672 54976 -245744 0
9 1344420713250000 -2156176 54352 -246312 0
9 1344420713252500 -2157824 55000 -247808 0
9 1344420713255000 -2157640 54744 -246432 0
9 1344420713257500 -2157248 54168 -246696 0
9 1344420713260000 -2157208 55248 -246744 0
9 1344420713262500 -2156464 54200 -245536 0
9 1344420713265000 -2157488 54288 -246936 0
9 1344420713267500 -2157888 54496 -246448 0
9 1344420713270000 -2156976 55128 -246224 0
9 1344420713272500 -2156536 54080 -247256 0
9 1344420713275000 -2157000 53704 -245984 0
9 1344420713277500 -2156960 55920 -246912 0
9 1344420713280000 -2157800 54968 -248224 0
9 1344420713282500 -2156808 54656 -246984 0
9 1344420713285000 -2157776 53928 -246088 0
9 1344420713287500 -2157136 54304 -246088 0
9 1344420713290000 -2156872 55008 -246304 0
9 1344420713292500 -2156840 54600 -245672 0
9 1344420713295000 -2157392 54176 -246360 0
9 1344420713297500 -2156752 54080 -245904 0
