9 1344420676200000 -2157616 54568 -246464 0
9 1344420676202500 -2156248 54840 -246304 0
9 1344420676205000 -2157424 55072 -246536 0
9 1344420676207500 -2156808 54424 -246376 0
9 1344420676210000 -2156880 54096 -247616 0
9 1344420676212500 -2156560 54168 -245456 0
9 1344420676215000 -2155688 55312 -246536 0
9 1344420676217500 -2157152 54880 -246960 0
9 1344420676220000 -2157968 53616 -245816 0
9 1344420676222500 -2157000 54504 -245400 0
9 1344420676225000 -2157272 54256 -245920 0
9 1344420676227500 -2156856 53128 -246232 0
9 1344420676230000 -2156248 54048 -246752 0
9 1344420676232500 -2155576 54112 -246832 0
9 1344420676235000 -2157288 54656 -247600 0
9 1344420676237500 -2156752 54760 -246600 0
9 1344420676240000 -2156672 54808 -247368 0
9 1344420676242500 -2157368 54544 -245880 0
9 1344420676245000 -2156576 54608 -247248 0
9 1344420676247500 -2156864 54784 -245592 0
9 1344420676250000 -2156328 54560 -246064 0
9 1344420676252500 -2156720 54584 -247984 0
9 1344420676255000 -2157712 52680 -245704 0
9 1344420676257500 -2156832 53568 -246824 0
9 1344420676260000 -2157312 54792 -246576 0
9 1344420676262500 -2157424 54192 -247056 0
9 1344420676265000 -2156520 54560 -246968 0
9 1344420676267500 -2156688 54184 -247032 0
9 1344420676270000 -2156616 53800 -245768 0
9 1344420676272500 -2157184 54640 -247224 0
9 1344420676275000 -2157344 54064 -246912 0
9 1344420676277500 -2156760 54768 -247432 0
9 1344420676280000 -2156656 54768 -246288 0
9 1344420676282500 -2157400 55144 -246232 0
9 1344420676285000 -2157264 55232 -246808 0
9 1344420676287500 -2157568 54408 -246416 0
9 1344420676290000 -2157424 52704 -246056 0
9 1344420676292500 -2157976 54520 -247184 0
9 1344420676295000 -2157560 54288 -246080 0
9 1344420676297500 -2156568 52632 -245488 0
