9 1344420705800000 -2156992 54728 -247192 0
9 1344420705802500 -2157296 54112 -246720 0
9 1344420705805000 -2155832 54264 -245536 0
9 1344420705807500 -2156608 55256 -245936 0
9 1344420705810000 -2156384 54336 -246712 0
9 1344420705812500 -2157104 54848 -246840 0
9 1344420705815000 -2156424 54864 -247464 0
9 1344420705817500 -2156880 53792 -246376 0
9 1344420705820000 -2155120 53872 -246656 0
9 1344420705822500 -2157224 54392 -246808 0
9 1344420705825000 -2156056 53832 -246304 0
9 1344420705827500 -2157920 53520 -246472 0
9 1344420705830000 -2156608 55016 -247000 0
9 1344420705832500 -2157288 54880 -247192 0
9 1344420705835000 -2156784 54112 -246864 0
9 1344420705837500 -2158184 54848 -246712 0
9 1344420705840000 -2157288 53800 -246360 0
9 1344420705842500 -2157328 54416 -246984 0
9 1344420705845000 -2156968 54736 -246752 0
9 1344420705847500 -2156664 54416 -247432 0
9 1344420705850000 -2156728 54376 -246984 0
9 1344420705852500 -2157704 54720 -247176 0
9 1344420705855000 -2155760 55312 -247032 0
9 1344420705857500 -2157192 53952 -246704 0
9 1344420705860000 -2158424 54160 -245848 0
9 1344420705862500 -2156696 53856 -247824 0
9 1344420705865000 -2157224 53968 -246816 0
9 1344420705867500 -2156632 54072 -247088 0
9 1344420705870000 -2156656 54728 -246728 0
9 1344420705872500 -2156712 53456 -246264 0
9 1344420705875000 -2158288 54912 -246008 0
9 1344420705877500 -2156664 54656 -245816 0
9 1344420705880000 -2156920 53800 -246736 0
9 1344420705882500 -2156960 54808 -246752 0
9 1344420705885000 -2158248 54000 -245400 0
9 1344420705887500 -2155152 53840 -246528 0
9 1344420705890000 -2156256 53280 -246624 0
9 1344420705892500 -2158048 53544 -245464 0
9 1344420705895000 -2156104 53344 -246064 0
9 1344420705897500 -2156744 54928 -247832 0
