9 1344420709500000 -2156400 54648 -246896 0
9 1344420709502500 -2157064 54680 -246624 0
9 1344420709505000 -2157320 55048 -246648 0
9 1344420709507500 -2156360 54976 -246208 0
9 1344420709510000 -2156264 55320 -245880 0
9 1344420709512500 -2157040 54888 -245008 0
9 1344420709515000 -2157832 53976 -245808 0
9 1344420709517500 -2156712 54312 -246360 0
9 1344420709520000 -2156872 54960 -245992 0
9 1344420709522500 -2157024 54328 -247104 0
9 1344420709525000 -2157448 53408 -246704 0
9 1344420709527500 -2156792 54248 -247088 0
9 1344420709530000 -2156504 53952 -246120 0
9 1344420709532500 -2156792 54280 -246472 0
9 1344420709535000 -2157616 54488 -246352 0
9 1344420709537500 -2155880 53856 -245264 0
9 1344420709540000 -2157416 55312 -247008 0
9 1344420709542500 -2156336 53232 -245864 0
9 1344420709545000 -2157224 53848 -246648 0
9 1344420709547500 -2155968 53968 -246576 0
9 1344420709550000 -2158024 54560 -246000 0
9 1344420709552500 -2156752 54080 -246320 0
9 1344420709555000 -2157464 55416 -246456 0
9 1344420709557500 -2156256 53376 -247096 0
9 1344420709560000 -2157712 55072 -247568 0
9 1344420709562500 -2157120 53536 -246264 0
9 1344420709565000 -2156768 56152 -247984 0
9 1344420709567500 -2155784 53456 -246272 0
9 1344420709570000 -2156280 54296 -246352 0
9 1344420709572500 -2156632 54440 -246296 0
9 1344420709575000 -2156320 54776 -245776 0
9 1344420709577500 -2156224 54488 -246712 0
9 1344420709580000 -2157400 54176 -246904 0
9 1344420709582500 -2156864 55048 -246712 0
9 1344420709585000 -2157568 53904 -246408 0
9 1344420709587500 -2157240 55248 -246352 0
9 1344420709590000 -2156640 54000 -246840 0
9 1344420709592500 -2156472 55168 -246600 0
9 1344420709595000 -2156872 54512 -246864 0
9 1344420709597500 -2156480 54688 -245960 0
