9 1344420707300000 -2155608 53872 -246208 0
9 1344420707302500 -2157864 55192 -246240 0
9 1344420707305000 -2157048 53024 -247632 0
9 1344420707307500 -2157064 54824 -246176 0
9 1344420707310000 -2155664 54032 -246840 0
9 1344420707312500 -2157240 54640 -245864 0
9 1344420707315000 -2155096 52992 -246664 0
9 1344420707317500 -2157456 54456 -246216 0
9 1344420707320000 -2156368 53272 -247432 0
9 1344420707322500 -2155888 54152 -246648 0
9 1344420707325000 -2156688 53792 -246832 0
9 1344420707327500 -2157728 53984 -247064 0
9 1344420707330000 -2156464 53648 -246440 0
9 1344420707332500 -2156064 54176 -246240 0
9 1344420707335000 -2156352 54168 -247024 0
9 1344420707337500 -2156584 53480 -246112 0
9 1344420707340000 -2157144 54472 -247040 0
9 1344420707342500 -2156464 53488 -247088 0
9 1344420707345000 -2156584 53456 -247296 0
9 1344420707347500 -2156928 52744 -246840 0
9 1344420707350000 -2156992 52864 -246328 0
9 1344420707352500 -2157848 54504 -246640 0
9 1344420707355000 -2158560 54152 -246664 0
9 1344420707357500 -2157160 53896 -247160 0
9 1344420707360000 -2157016 54488 -247000 0
9 1344420707362500 -2157264 53752 -246960 0
9 1344420707365000 -2158368 54592 -246400 0
9 1344420707367500 -2156752 54984 -246880 0
9 1344420707370000 -2157152 53960 -245784 0
9 1344420707372500 -2156760 54144 -244752 0
9 1344420707375000 -2156496 55800 -246200 0
9 1344420707377500 -2156920 53992 -247216 0
9 1344420707380000 -2156496 53184 -248016 0
9 1344420707382500 -2155344 53824 -246952 0
9 1344420707385000 -2156912 54416 -246192 0
9 1344420707387500 -2157488 53864 -246464 0
9 1344420707390000 -2156208 53552 -246544 0
9 1344420707392500 -2158144 55160 -246616 0
9 1344420707395000 -2156672 53896 -247784 0
9 1344420707397500 -2156864 54224 -246600 0
