9 1344420669800000 -2157512 54616 -247008 0
9 1344420669802500 -2156704 54008 -246608 0
9 1344420669805000 -2158760 54152 -247144 0
9 1344420669807500 -2158040 53408 -247200 0
9 1344420669810000 -2157216 54264 -246688 0
9 1344420669812500 -2157040 52704 -245968 0
9 1344420669815000 -2156176 53216 -246512 0
9 1344420669817500 -2155576 54256 -247248 0
9 1344420669820000 -2157416 53432 -246992 0
9 1344420669822500 -2156312 52960 -248616 0
9 1344420669825000 -2156160 54312 -246264 0
9 1344420669827500 -2156712 53840 -247592 0
9 1344420669830000 -2156728 54240 -247264 0
9 1344420669832500 -2155536 53496 -247272 0
9 1344420669835000 -2156848 53984 -245840 0
9 1344420669837500 -2157320 54288 -246904 0
9 1344420669840000 -2156640 54000 -246528 0
9 1344420669842500 -2156152 53448 -246072 0
9 1344420669845000 -2156408 54224 -246176 0
9 1344420669847500 -2157832 53168 -247880 0
9 1344420669850000 -2156816 53944 -247504 0
9 1344420669852500 -2156696 53232 -247328 0
9 1344420669855000 -2156528 53624 -246600 0
9 1344420669857500 -2156424 54456 -246544 0
9 1344420669860000 -2157864 54056 -246608 0
9 1344420669862500 -2156304 54176 -245744 0
9 1344420669865000 -2156520 53856 -247040 0
9 1344420669867500 -2156720 53528 -246816 0
9 1344420669870000 -2156568 54536 -247160 0
9 1344420669872500 -2156688 54096 -246056 0
9 1344420669875000 -2157536 54296 -246008 0
9 1344420669877500 -2156536 54992 -245816 0
9 1344420669880000 -2156720 54008 -246352 0
9 1344420669882500 -2157072 53944 -246128 0
9 1344420669885000 -2157424 55144 -246520 0
9 1344420669887500 -2157024 54440 -246784 0
9 1344420669890000 -2156064 54192 -247560 0
9 1344420669892500 -2157328 55360 -246656 0
9 1344420669895000 -2156136 54752 -246568 0
9 1344420669897500 -2156088 54520 -246520 0
