9 1344420713300000 -2157624 54152 -245392 0
9 1344420713302500 -2157232 54104 -248152 0
9 1344420713305000 -2156592 53752 -247080 0
9 1344420713307500 -2157200 54392 -246368 0
9 1344420713310000 -2157456 54576 -246632 0
9 1344420713312500 -2157728 55296 -245448 0
9 1344420713315000 -2157968 54704 -246616 0
9 1344420713317500 -2157168 53784 -246344 0
9 1344420713320000 -2156776 53592 -246608 0
9 1344420713322500 -2157832 53800 -246840 0
9 1344420713325000 -2157888 55368 -246472 0
9 1344420713327500 -2156000 54096 -246088 0
9 1344420713330000 -2156936 54992 -246776 0
9 1344420713332500 -2156000 54632 -246432 0
9 1344420713335000 -2157768 54632 -248160 0
9 1344420713337500 -2156720 55488 -246632 0
9 1344420713340000 -2157816 54144 -246464 0
9 1344420713342500 -2156496 55208 -247080 0
9 1344420713345000 -2157088 53976 -246728 0
9 1344420713347500 -2156776 55344 -245416 0
9 1344420713350000 -2156480 54000 -247176 0
9 1344420713352500 -2157064 56112 -246976 0
9 1344420713355000 -2157888 54728 -246272 0
9 1344420713357500 -2156528 53736 -245976 0
9 1344420713360000 -2157704 54080 -246488 0
9 1344420713362500 -2157056 54896 -247192 0
9 1344420713365000 -2156768 54032 -246000 0
9 1344420713367500 -2157392 54248 -246944 0
9 1344420713370000 -2156136 53376 -246992 0
9 1344420713372500 -2156984 53872 -246248 0
9 1344420713375000 -2157816 54024 -246952 0
9 1344420713377500 -2156776 53560 -246048 0
9 1344420713380000 -2156720 54456 -246616 0
9 1344420713382500 -2156256 54864 -246552 0
9 1344420713385000 -2156112 54528 -246672 0
9 1344420713387500 -2156448 53792 -246568 0
9 1344420713390000 -2156920 54736 -246504 0
9 1344420713392500 -2157080 54744 -246488 0
9 1344420713395000 -2157432 54072 -246664 0
9 1344420713397500 -2157872 54192 -246264 0
