9 1344420711700000 -2157288 54072 -247016 0
9 1344420711702500 -2158128 53280 -247568 0
9 1344420711705000 -2157160 54256 -247808 0
9 1344420711707500 -2156592 54304 -247696 0
9 1344420711710000 -2157776 53352 -246696 0
9 1344420711712500 -2156968 53528 -246424 0
9 1344420711715000 -2157832 54056 -246952 0
9 1344420711717500 -2156616 54248 -247016 0
9 1344420711720000 -2157000 54048 -246712 0
9 1344420711722500 -2156688 53504 -247032 0
9 1344420711725000 -2157744 54296 -245952 0
9 1344420711727500 -2156376 54080 -246248 0
9 1344420711730000 -2156208 53232 -247344 0
9 1344420711732500 -2155912 53592 -246728 0
9 1344420711735000 -2157096 53768 -246784 0
9 1344420711737500 -2157144 53776 -245720 0
9 1344420711740000 -2157080 54016 -247056 0
9 1344420711742500 -2156744 54288 -245584 0
9 1344420711745000 -2156992 54472 -246120 0
9 1344420711747500 -2157072 53648 -246200 0
9 1344420711750000 -2156408 53336 -246560 0
9 1344420711752500 -2158320 53936 -247408 0
9 1344420711755000 -2157200 55136 -246320 0
9 1344420711757500 -2156040 53944 -247216 0
9 1344420711760000 -2155856 54112 -246184 0
9 1344420711762500 -2155632 54192 -245784 0
9 1344420711765000 -2157976 53928 -246040 0
9 1344420711767500 -2157280 53760 -247216 0
9 1344420711770000 -2157784 53400 -246856 0
9 1344420711772500 -2156456 54776 -245680 0
9 1344420711775000 -2156480 54264 -245440 0
9 1344420711777500 -2156296 54240 -247136 0
9 1344420711780000 -2156144 55072 -247024 0
9 1344420711782500 -2157080 54144 -246704 0
9 1344420711785000 -2157168 54664 -246512 0
9 1344420711787500 -2156760 54032 -246144 0
9 1344420711790000 -2156512 53424 -246784 0
9 1344420711792500 -2157144 54120 -246568 0
9 1344420711795000 -2158640 53424 -247008 0
9 1344420711797500 -2157096 53928 -246440 0
