9 1344420676400000 -2157648 53320 -247232 0
9 1344420676402500 -2156816 55336 -245632 0
9 1344420676405000 -2157048 54568 -246680 0
9 1344420676407500 -2156288 54648 -246088 0
9 1344420676410000 -2158192 53392 -248056 0
9 1344420676412500 -2158000 54064 -246008 0
9 1344420676415000 -2156096 54240 -246192 0
9 1344420676417500 -2156320 54608 -247640 0
9 1344420676420000 -2155720 54488 -246200 0
9 1344420676422500 -2156896 55896 -245832 0
9 1344420676425000 -2157272 54312 -246440 0
9 1344420676427500 -2155800 53720 -246256 0
9 1344420676430000 -2156392 54104 -247288 0
9 1344420676432500 -2157112 54104 -247456 0
9 1344420676435000 -2156664 55600 -247424 0
9 1344420676437500 -2156552 53360 -245896 0
9 1344420676440000 -2157488 54448 -246336 0
9 1344420676442500 -2156736 54416 -246696 0
9 1344420676445000 -2157280 55168 -246752 0
9 1344420676447500 -2157488 54640 -246344 0
9 1344420676450000 -2157736 54776 -246776 0
9 1344420676452500 -2157600 54120 -246672 0
9 1344420676455000 -2158152 53824 -245976 0
9 1344420676457500 -2157768 54504 -245608 0
9 1344420676460000 -2156536 54360 -246712 0
9 1344420676462500 -2157480 55072 -246440 0
9 1344420676465000 -2156776 54992 -246800 0
9 1344420676467500 -2157640 53552 -247224 0
9 1344420676470000 -2157992 54256 -247344 0
9 1344420676472500 -2157128 54984 -247232 0
9 1344420676475000 -2157976 53744 -246920 0
9 1344420676477500 -2157528 54352 -245448 0
9 1344420676480000 -2156920 53976 -247000 0
9 1344420676482500 -2156688 54592 -245680 0
9 1344420676485000 -2157912 54536 -247072 0
9 1344420676487500 -2157608 54272 -245640 0
9 1344420676490000 -2157296 53872 -245192 0
9 1344420676492500 -2158728 54008 -246152 0
9 1344420676495000 -2156432 53992 -246272 0
9 1344420676497500 -2157680 53528 -247008 0
