9 1344420698100000 -2155768 53912 -246256 0
9 1344420698102500 -2155328 54824 -247304 0
9 1344420698105000 -2157392 53344 -245600 0
9 1344420698107500 -2155368 53112 -245240 0
9 1344420698110000 -2156536 54648 -246768 0
9 1344420698112500 -2156384 53104 -246912 0
9 1344420698115000 -2157024 53848 -245928 0
9 1344420698117500 -2157824 53928 -246576 0
9 1344420698120000 -2155704 53480 -246152 0
9 1344420698122500 -2157536 53424 -246432 0
9 1344420698125000 -2156064 53872 -246256 0
9 1344420698127500 -2156736 53656 -247768 0
9 1344420698130000 -2156448 53592 -246792 0
9 1344420698132500 -2156872 52552 -245920 0
9 1344420698135000 -2157992 53896 -246344 0
9 1344420698137500 -2155696 53688 -247328 0
9 1344420698140000 -2156776 53968 -247472 0
9 1344420698142500 -2156240 54016 -246952 0
9 1344420698145000 -2155744 53776 -245856 0
9 1344420698147500 -2158216 54728 -246536 0
9 1344420698150000 -2155272 54304 -246568 0
9 1344420698152500 -2157896 55232 -247288 0
9 1344420698155000 -2156136 54024 -246800 0
9 1344420698157500 -2156496 55784 -246552 0
9 1344420698160000 -2156368 54664 -246000 0
9 1344420698162500 -2156920 54832 -247024 0
9 1344420698165000 -2155600 54344 -247208 0
9 1344420698167500 -2155192 54064 -246408 0
9 1344420698170000 -2157512 55408 -246856 0
9 1344420698172500 -2158568 53352 -245576 0
9 1344420698175000 -2156144 53088 -245888 0
9 1344420698177500 -2157656 53824 -247544 0
9 1344420698180000 -2155328 53912 -246704 0
9 1344420698182500 -2157488 54056 -246336 0
9 1344420698185000 -2157824 53624 -247424 0
9 1344420698187500 -2159888 54416 -246112 0
9 1344420698190000 -2156880 53208 -247416 0
9 1344420698192500 -2159072 55056 -245896 0
9 1344420698195000 -2155904 53720 -246200 0
9 1344420698197500 -2157112 54496 -247168 0
