9 1344420709200000 -2157720 54168 -246432 0
9 1344420709202500 -2157464 55000 -245920 0
9 1344420709205000 -2156792 54616 -245304 0
9 1344420709207500 -2156480 54736 -245992 0
9 1344420709210000 -2156752 54672 -246568 0
9 1344420709212500 -2156376 53088 -246304 0
9 1344420709215000 -2155968 55456 -246456 0
9 1344420709217500 -2156192 53344 -246144 0
9 1344420709220000 -2156400 54064 -247552 0
9 1344420709222500 -2156664 55496 -246400 0
9 1344420709225000 -2157080 54944 -245168 0
9 1344420709227500 -2157376 54792 -247216 0
9 1344420709230000 -2156840 53800 -247136 0
9 1344420709232500 -2155696 53872 -245664 0
9 1344420709235000 -2156312 54832 -246688 0
9 1344420709237500 -2155184 53696 -246632 0
9 1344420709240000 -2157024 53656 -246184 0
9 1344420709242500 -2157296 54592 -246808 0
9 1344420709245000 -2156568 53072 -246504 0
9 1344420709247500 -2156272 52744 -247336 0
9 1344420709250000 -2156224 54784 -246120 0
9 1344420709252500 -2157432 53968 -247256 0
9 1344420709255000 -2156320 54416 -246192 0
9 1344420709257500 -2157056 53424 -246200 0
9 1344420709260000 -2156936 55056 -246504 0
9 1344420709262500 -2157208 54112 -247040 0
9 1344420709265000 -2156800 53024 -246904 0
9 1344420709267500 -2157544 53176 -246992 0
9 1344420709270000 -2156272 54464 -247096 0
9 1344420709272500 -2157120 54264 -246568 0
9 1344420709275000 -2157736 53960 -245616 0
9 1344420709277500 -2157056 54576 -246504 0
9 1344420709280000 -2157056 54848 -246384 0
9 1344420709282500 -2156760 54160 -246904 0
9 1344420709285000 -2156744 54136 -246904 0
9 1344420709287500 -2157384 54496 -245928 0
9 1344420709290000 -2156904 53632 -246232 0
9 1344420709292500 -2156280 55312 -246632 0
9 1344420709295000 -2157080 55784 -246160 0
9 1344420709297500 -2156392 54432 -246536 0
