9 1344420681500000 -2156608 54952 -245688 0
9 1344420681502500 -2157600 54968 -246696 0
9 1344420681505000 -2156496 54568 -246848 0
9 1344420681507500 -2157048 55144 -247520 0
9 1344420681510000 -2156216 52664 -247192 0
9 1344420681512500 -2156792 54248 -246752 0
9 1344420681515000 -2157088 53920 -245896 0
9 1344420681517500 -2156616 54944 -248776 0
9 1344420681520000 -2155744 54424 -246776 0
9 1344420681522500 -2158968 53968 -248600 0
9 1344420681525000 -2156384 55208 -246840 0
9 1344420681527500 -2157472 54720 -246952 0
9 1344420681530000 -2155592 53056 -246024 0
9 1344420681532500 -2158280 54304 -247496 0
9 1344420681535000 -2156424 53648 -245912 0
9 1344420681537500 -2156904 54736 -245864 0
9 1344420681540000 -2157824 54256 -247304 0
9 1344420681542500 -2157640 54552 -246104 0
9 1344420681545000 -2154704 54008 -246392 0
9 1344420681547500 -2158112 55104 -246784 0
9 1344420681550000 -2156440 54752 -245512 0
9 1344420681552500 -2157816 54256 -246536 0
9 1344420681555000 -2157568 54480 -248096 0
9 1344420681557500 -2155840 53048 -247936 0
9 1344420681560000 -2156280 54392 -247184 0
9 1344420681562500 -2156792 55696 -247112 0
9 1344420681565000 -2156576 54864 -246896 0
9 1344420681567500 -2158720 53696 -247296 0
9 1344420681570000 -2155792 54048 -245816 0
9 1344420681572500 -2158424 54800 -246976 0
9 1344420681575000 -2156248 53776 -245216 0
9 1344420681577500 -2156368 53288 -246232 0
9 1344420681580000 -2156440 54120 -245864 0
9 1344420681582500 -2156136 53832 -246400 0
9 1344420681585000 -2156960 55024 -246648 0
9 1344420681587500 -2156136 54216 -246832 0
9 1344420681590000 -2158520 54536 -245768 0
9 1344420681592500 -2157408 52688 -245696 0
9 1344420681595000 -2157544 55472 -247496 0
9 1344420681597500 -2155984 53392 -246328 0
