9 1344420700500000 -2156288 54944 -246008 0
9 1344420700502500 -2158672 53456 -246424 0
9 1344420700505000 -2157784 54056 -247264 0
9 1344420700507500 -2158008 53944 -247528 0
9 1344420700510000 -2155632 54320 -247408 0
9 1344420700512500 -2157912 53648 -246624 0
9 1344420700515000 -2154416 52856 -246664 0
9 1344420700517500 -2157800 54056 -247280 0
9 1344420700520000 -2156712 53456 -246928 0
9 1344420700522500 -2156368 53984 -246272 0
9 1344420700525000 -2154776 54024 -247008 0
9 1344420700527500 -2157696 54656 -247432 0
9 1344420700530000 -2155288 53656 -246040 0
9 1344420700532500 -2157120 54744 -246240 0
9 1344420700535000 -2157488 54400 -246872 0
9 1344420700537500 -2156312 54184 -246000 0
9 1344420700540000 -2158312 53472 -247416 0
9 1344420700542500 -2158120 53136 -248152 0
9 1344420700545000 -2156512 54528 -246512 0
9 1344420700547500 -2156344 54784 -245832 0
9 1344420700550000 -2157224 54272 -246656 0
9 1344420700552500 -2157136 55192 -247016 0
9 1344420700555000 -2157072 54216 -247208 0
9 1344420700557500 -2156280 53864 -246576 0
9 1344420700560000 -2157456 53496 -247752 0
9 1344420700562500 -2156360 53272 -247464 0
9 1344420700565000 -2156696 54488 -246776 0
9 1344420700567500 -2157784 54128 -246360 0
9 1344420700570000 -2157360 53904 -246952 0
9 1344420700572500 -2157360 53008 -247704 0
9 1344420700575000 -2156832 55232 -245920 0
9 1344420700577500 -2157424 53240 -247800 0
9 1344420700580000 -2155928 54432 -246200 0
9 1344420700582500 -2157728 54200 -246952 0
9 1344420700585000 -2156704 53072 -246760 0
9 1344420700587500 -2157920 54296 -247272 0
9 1344420700590000 -2156672 53088 -246808 0
9 1344420700592500 -2158496 54192 -245592 0
9 1344420700595000 -2156192 53240 -248192 0
9 1344420700597500 -2157928 54520 -247064 0
