9 1344420683900000 -2156952 54624 -246288 0
9 1344420683902500 -2157048 53912 -246120 0
9 1344420683905000 -2157360 53656 -246152 0
9 1344420683907500 -2157440 53896 -247016 0
9 1344420683910000 -2157208 54048 -246512 0
9 1344420683912500 -2157664 55232 -246752 0
9 1344420683915000 -2156712 52888 -246448 0
9 1344420683917500 -2157592 55400 -246968 0
9 1344420683920000 -2157344 55080 -246072 0
9 1344420683922500 -2157392 54904 -247344 0
9 1344420683925000 -2156344 54464 -246184 0
9 1344420683927500 -2156408 54144 -247328 0
9 1344420683930000 -2157768 54384 -246464 0
9 1344420683932500 -2156272 53704 -246872 0
9 1344420683935000 -2157144 55224 -246296 0
9 1344420683937500 -2155792 54896 -246456 0
9 1344420683940000 -2156384 53912 -245656 0
9 1344420683942500 -2156768 53328 -246448 0
9 1344420683945000 -2157256 53560 -246584 0
9 1344420683947500 -2156264 54264 -246384 0
9 1344420683950000 -2156504 53384 -247480 0
9 1344420683952500 -2157728 55088 -246704 0
9 1344420683955000 -2155256 52832 -247776 0
9 1344420683957500 -2156472 52824 -247656 0
9 1344420683960000 -2156304 55368 -245600 0
9 1344420683962500 -2157096 53896 -247728 0
9 1344420683965000 -2156136 54448 -246904 0
9 1344420683967500 -2156688 53880 -246784 0
9 1344420683970000 -2156512 52336 -245616 0
9 1344420683972500 -2155592 53160 -247104 0
9 1344420683975000 -2156600 53808 -247368 0
9 1344420683977500 -2155584 53960 -247744 0
9 1344420683980000 -2157032 53224 -247728 0
9 1344420683982500 -2156784 53704 -245456 0
9 1344420683985000 -2155728 53616 -247592 0
9 1344420683987500 -2156928 54928 -247192 0
9 1344420683990000 -2156136 53712 -247056 0
9 1344420683992500 -2157272 53704 -247248 0
9 1344420683995000 -2156168 55056 -246016 0
9 1344420683997500 -2157080 53576 -248368 0
