9 1344420716200000 -2157536 54024 -246320 0
9 1344420716202500 -2156232 53560 -245784 0
9 1344420716205000 -2157472 53584 -246168 0
9 1344420716207500 -2156824 54280 -247272 0
9 1344420716210000 -2155824 53328 -246728 0
9 1344420716212500 -2156368 54592 -246720 0
9 1344420716215000 -2156920 53264 -246000 0
9 1344420716217500 -2157480 53336 -247416 0
9 1344420716220000 -2156128 53344 -246640 0
9 1344420716222500 -2156920 53952 -246792 0
9 1344420716225000 -2157432 53312 -246656 0
9 1344420716227500 -2156568 53928 -246648 0
9 1344420716230000 -2157688 55424 -246064 0
9 1344420716232500 -2156256 53480 -246872 0
9 1344420716235000 -2156656 54536 -246080 0
9 1344420716237500 -2156632 53136 -246072 0
9 1344420716240000 -2157360 54928 -246328 0
9 1344420716242500 -2157480 53360 -246448 0
9 1344420716245000 -2156712 53640 -246552 0
9 1344420716247500 -2156728 53200 -245512 0
9 1344420716250000 -2156368 55208 -246472 0
9 1344420716252500 -2157712 53968 -247120 0
9 1344420716255000 -2156976 55000 -245912 0
9 1344420716257500 -2156016 54000 -246392 0
9 1344420716260000 -2156576 52808 -247008 0
9 1344420716262500 -2157016 54864 -246816 0
9 1344420716265000 -2156536 53240 -247808 0
9 1344420716267500 -2155840 53648 -248104 0
9 1344420716270000 -2158184 53584 -247752 0
9 1344420716272500 -2156392 53216 -246408 0
9 1344420716275000 -2158072 54368 -247024 0
9 1344420716277500 -2156240 53656 -247120 0
9 1344420716280000 -2156848 54392 -246408 0
9 1344420716282500 -2156920 53880 -247808 0
9 1344420716285000 -2157040 54112 -246400 0
9 1344420716287500 -2156264 53336 -246640 0
9 1344420716290000 -2157840 53176 -247744 0
9 1344420716292500 -2157056 54752 -247632 0
9 1344420716295000 -2157096 52872 -245984 0
9 1344420716297500 -2157880 53784 -246880 0
