9 1344420703800000 -2155696 54584 -246976 0
9 1344420703802500 -2156216 54688 -246376 0
9 1344420703805000 -2157944 53632 -247480 0
9 1344420703807500 -2157648 53816 -245880 0
9 1344420703810000 -2156968 55128 -245960 0
9 1344420703812500 -2157288 54248 -247976 0
9 1344420703815000 -2157624 54528 -247320 0
9 1344420703817500 -2158368 53768 -246344 0
9 1344420703820000 -2156472 54736 -247544 0
9 1344420703822500 -2156536 54776 -246720 0
9 1344420703825000 -2156640 55400 -246336 0
9 1344420703827500 -2156552 54960 -246896 0
9 1344420703830000 -2157592 54632 -247448 0
9 1344420703832500 -2157152 54576 -247000 0
9 1344420703835000 -2156936 55016 -246640 0
9 1344420703837500 -2156288 54480 -247040 0
9 1344420703840000 -2157240 54064 -247504 0
9 1344420703842500 -2156208 53512 -245848 0
9 1344420703845000 -2156544 53568 -246800 0
9 1344420703847500 -2156240 54880 -245280 0
9 1344420703850000 -2155624 54704 -246088 0
9 1344420703852500 -2156960 54720 -246528 0
9 1344420703855000 -2157872 54144 -246368 0
9 1344420703857500 -2156704 55568 -246424 0
9 1344420703860000 -2156744 54712 -246824 0
9 1344420703862500 -2155864 54272 -246728 0
9 1344420703865000 -2156200 54264 -246080 0
9 1344420703867500 -2156752 53888 -246408 0
9 1344420703870000 -2156736 53472 -246176 0
9 1344420703872500 -2156088 54120 -246472 0
9 1344420703875000 -2156736 53344 -246960 0
9 1344420703877500 -2156240 55536 -247080 0
9 1344420703880000 -2158056 54576 -246712 0
9 1344420703882500 -2156952 53840 -245968 0
9 1344420703885000 -2156384 54728 -246336 0
9 1344420703887500 -2156632 54496 -245528 0
9 1344420703890000 -2158056 55000 -247280 0
9 1344420703892500 -2157472 54000 -246288 0
9 1344420703895000 -2157064 53952 -246248 0
9 1344420703897500 -2157048 53848 -245656 0
