9 1344420697300000 -2157736 53072 -247168 0
9 1344420697302500 -2156120 53176 -245000 0
9 1344420697305000 -2156016 53544 -247704 0
9 1344420697307500 -2157832 53808 -246536 0
9 1344420697310000 -2156720 54256 -247656 0
9 1344420697312500 -2157120 54256 -245648 0
9 1344420697315000 -2157672 54056 -247968 0
9 1344420697317500 -2157248 53280 -247128 0
9 1344420697320000 -2157344 54248 -246912 0
9 1344420697322500 -2159032 54968 -245952 0
9 1344420697325000 -2156224 53072 -247568 0
9 1344420697327500 -2155824 53584 -244160 0
9 1344420697330000 -2162752 55936 -249120 0
9 1344420697332500 -2150624 52936 -244368 0
9 1344420697335000 -2162160 55560 -248704 0
9 1344420697337500 -2153320 53048 -245192 0
9 1344420697340000 -2159304 54568 -248424 0
9 1344420697342500 -2152296 53232 -245568 0
9 1344420697345000 -2158576 52728 -246816 0
9 1344420697347500 -2156264 54624 -245496 0
9 1344420697350000 -2157080 53944 -247120 0
9 1344420697352500 -2156296 55024 -246024 0
9 1344420697355000 -2157816 52792 -248992 0
9 1344420697357500 -2151216 53784 -245032 0
9 1344420697360000 -2163152 55240 -250264 0
9 1344420697362500 -2149120 53432 -244552 0
9 1344420697365000 -2164024 54944 -249232 0
9 1344420697367500 -2153152 53632 -245336 0
9 1344420697370000 -2158632 54096 -246872 0
9 1344420697372500 -2154160 54824 -246968 0
9 1344420697375000 -2160064 55784 -246232 0
9 1344420697377500 -2153440 54152 -245648 0
9 1344420697380000 -2157784 52912 -247864 0
9 1344420697382500 -2154696 53592 -245112 0
9 1344420697385000 -2162496 54648 -248800 0
9 1344420697387500 -2149856 51552 -245672 0
9 1344420697390000 -2162480 55720 -247784 0
9 1344420697392500 -2153408 53944 -246504 0
9 1344420697395000 -2157384 55208 -245512 0
9 1344420697397500 -2157688 55232 -248168 0
