9 1344420701200000 -2157880 54384 -246960 0
9 1344420701202500 -2157656 53800 -247872 0
9 1344420701205000 -2156912 53064 -246992 0
9 1344420701207500 -2156712 53464 -246608 0
9 1344420701210000 -2156664 53992 -246304 0
9 1344420701212500 -2156096 53256 -248160 0
9 1344420701215000 -2156864 53272 -246680 0
9 1344420701217500 -2157768 53968 -247720 0
9 1344420701220000 -2157840 53080 -248616 0
9 1344420701222500 -2157672 52656 -247432 0
9 1344420701225000 -2157752 53664 -246816 0
9 1344420701227500 -2157448 54496 -246704 0
9 1344420701230000 -2155848 53096 -246680 0
9 1344420701232500 -2156544 53520 -245728 0
9 1344420701235000 -2157152 54024 -247224 0
9 1344420701237500 -2156488 52840 -246056 0
9 1344420701240000 -2155496 53032 -246168 0
9 1344420701242500 -2155840 53952 -245888 0
9 1344420701245000 -2156984 52976 -245744 0
9 1344420701247500 -2156888 53968 -246744 0
9 1344420701250000 -2155736 52912 -247232 0
9 1344420701252500 -2158392 53216 -245776 0
9 1344420701255000 -2156240 52944 -246568 0
9 1344420701257500 -2157208 52808 -246496 0
9 1344420701260000 -2156376 54024 -247016 0
9 1344420701262500 -2157200 53936 -247376 0
9 1344420701265000 -2155504 55008 -245960 0
9 1344420701267500 -2156624 53280 -247136 0
9 1344420701270000 -2157104 53888 -246000 0
9 1344420701272500 -2158024 54048 -247920 0
9 1344420701275000 -2156464 53496 -247432 0
9 1344420701277500 -2157968 54120 -247376 0
9 1344420701280000 -2156368 53608 -246528 0
9 1344420701282500 -2157416 54048 -247368 0
9 1344420701285000 -2156976 52592 -246736 0
9 1344420701287500 -2157336 53376 -247384 0
9 1344420701290000 -2155712 53224 -246128 0
9 1344420701292500 -2156656 54696 -245824 0
9 1344420701295000 -2156864 54856 -247768 0
9 1344420701297500 -2156096 54800 -246416 0
