9 1344420704300000 -2156552 53448 -247384 0
9 1344420704302500 -2157504 53344 -246880 0
9 1344420704305000 -2156464 53336 -246048 0
9 1344420704307500 -2157040 54032 -246944 0
9 1344420704310000 -2156952 54968 -246424 0
9 1344420704312500 -2158000 54264 -246528 0
9 1344420704315000 -2157608 53864 -246776 0
9 1344420704317500 -2156960 54320 -245880 0
9 1344420704320000 -2156768 53832 -245384 0
9 1344420704322500 -2157440 54088 -246928 0
9 1344420704325000 -2156760 54592 -246944 0
9 1344420704327500 -2156800 54208 -247312 0
9 1344420704330000 -2156840 53552 -246944 0
9 1344420704332500 -2156656 55024 -246992 0
9 1344420704335000 -2155224 53792 -246288 0
9 1344420704337500 -2157048 53408 -247032 0
9 1344420704340000 -2157336 54048 -247272 0
9 1344420704342500 -2157152 54904 -247176 0
9 1344420704345000 -2156888 54208 -245720 0
9 1344420704347500 -2156152 53480 -246480 0
9 1344420704350000 -2157472 53608 -248224 0
9 1344420704352500 -2156896 53144 -246272 0
9 1344420704355000 -2157880 54520 -246248 0
9 1344420704357500 -2156736 55112 -246720 0
9 1344420704360000 -2157704 54584 -246360 0
9 1344420704362500 -2156672 54480 -248024 0
9 1344420704365000 -2155664 55472 -247208 0
9 1344420704367500 -2156824 53824 -247664 0
9 1344420704370000 -2156712 55648 -246952 0
9 1344420704372500 -2157656 55192 -246952 0
9 1344420704375000 -2156728 53536 -246344 0
9 1344420704377500 -2156064 53784 -246248 0
9 1344420704380000 -2156688 53256 -247552 0
9 1344420704382500 -2157520 53912 -245848 0
9 1344420704385000 -2156696 53536 -247496 0
9 1344420704387500 -2156600 55032 -246488 0
9 1344420704390000 -2156168 53448 -246128 0
9 1344420704392500 -2156664 53408 -246624 0
9 1344420704395000 -2157592 54192 -247288 0
9 1344420704397500 -2155704 53648 -246192 0
