9 1344420699000000 -2156720 53592 -246992 0
9 1344420699002500 -2156424 53984 -247416 0
9 1344420699005000 -2156296 55200 -247128 0
9 1344420699007500 -2157464 55040 -247096 0
9 1344420699010000 -2155584 54192 -246760 0
9 1344420699012500 -2157648 54600 -246960 0
9 1344420699015000 -2155352 52544 -246456 0
9 1344420699017500 -2157800 55480 -245888 0
9 1344420699020000 -2154896 52968 -246400 0
9 1344420699022500 -2157064 53576 -246960 0
9 1344420699025000 -2156984 52888 -245648 0
9 1344420699027500 -2157848 54312 -246112 0
9 1344420699030000 -2157960 54488 -246576 0
9 1344420699032500 -2157528 53008 -245480 0
9 1344420699035000 -2156456 54264 -246728 0
9 1344420699037500 -2156888 54504 -246096 0
9 1344420699040000 -2158064 54240 -245800 0
9 1344420699042500 -2156488 54112 -246608 0
9 1344420699045000 -2156448 54480 -246656 0
9 1344420699047500 -2158392 53448 -247248 0
9 1344420699050000 -2155888 53528 -246528 0
9 1344420699052500 -2158048 55248 -246976 0
9 1344420699055000 -2156280 54048 -247048 0
9 1344420699057500 -2157392 54712 -245928 0
9 1344420699060000 -2156400 52856 -245792 0
9 1344420699062500 -2157000 53800 -246680 0
9 1344420699065000 -2156016 52880 -246472 0
9 1344420699067500 -2157120 54232 -246312 0
9 1344420699070000 -2155792 53024 -247336 0
9 1344420699072500 -2156168 53472 -246584 0
9 1344420699075000 -2157712 53472 -246600 0
9 1344420699077500 -2156328 54200 -246216 0
9 1344420699080000 -2156312 53744 -245776 0
9 1344420699082500 -2155760 53608 -246624 0
9 1344420699085000 -2157320 53960 -247056 0
9 1344420699087500 -2156048 53680 -246064 0
9 1344420699090000 -2156672 54128 -247152 0
9 1344420699092500 -2155792 54104 -246568 0
9 1344420699095000 -2156624 54256 -246296 0
9 1344420699097500 -2156696 54096 -247312 0
