9 1344420674600000 -2158104 53104 -245808 0
9 1344420674602500 -2157512 55016 -246256 0
9 1344420674605000 -2156744 54544 -246600 0
9 1344420674607500 -2157312 54552 -246936 0
9 1344420674610000 -2157856 54200 -246736 0
9 1344420674612500 -2156072 53744 -246928 0
9 1344420674615000 -2156912 55272 -246448 0
9 1344420674617500 -2156920 54640 -246176 0
9 1344420674620000 -2158384 53680 -246512 0
9 1344420674622500 -2157720 55008 -247336 0
9 1344420674625000 -2156304 54912 -246520 0
9 1344420674627500 -2157184 53408 -245616 0
9 1344420674630000 -2157240 54472 -247104 0
9 1344420674632500 -2157664 53616 -246880 0
9 1344420674635000 -2157536 53640 -247328 0
9 1344420674637500 -2158344 54264 -245936 0
9 1344420674640000 -2157736 53600 -246848 0
9 1344420674642500 -2157840 54496 -245664 0
9 1344420674645000 -2158064 54752 -246856 0
9 1344420674647500 -2157304 55304 -246488 0
9 1344420674650000 -2157024 54648 -246536 0
9 1344420674652500 -2157088 54048 -247016 0
9 1344420674655000 -2158064 55504 -246456 0
9 1344420674657500 -2156880 53936 -246880 0
9 1344420674660000 -2156824 53952 -246984 0
9 1344420674662500 -2156816 54944 -246944 0
9 1344420674665000 -2157336 54152 -245952 0
9 1344420674667500 -2157648 53488 -246816 0
9 1344420674670000 -2157952 52640 -247400 0
9 1344420674672500 -2156672 54024 -246592 0
9 1344420674675000 -2157312 54176 -246696 0
9 1344420674677500 -2157344 53648 -246632 0
9 1344420674680000 -2158216 53368 -245392 0
9 1344420674682500 -2158392 54376 -246840 0
9 1344420674685000 -2157352 53888 -246336 0
9 1344420674687500 -2155928 53712 -247576 0
9 1344420674690000 -2156152 54880 -246120 0
9 1344420674692500 -2157320 54840 -246040 0
9 1344420674695000 -2157064 53856 -247152 0
9 1344420674697500 -2157232 53752 -246696 0
