9 1344420706800000 -2157144 53408 -246744 0
9 1344420706802500 -2157112 54272 -247072 0
9 1344420706805000 -2156496 53512 -245856 0
9 1344420706807500 -2157040 54544 -246928 0
9 1344420706810000 -2156536 53408 -247960 0
9 1344420706812500 -2157592 54152 -247176 0
9 1344420706815000 -2157016 54760 -246832 0
9 1344420706817500 -2157360 53336 -246904 0
9 1344420706820000 -2157712 53568 -246704 0
9 1344420706822500 -2157104 54256 -247320 0
9 1344420706825000 -2156792 53736 -246264 0
9 1344420706827500 -2157576 54000 -246416 0
9 1344420706830000 -2156384 54360 -246664 0
9 1344420706832500 -2157432 54672 -247192 0
9 1344420706835000 -2156456 54032 -246992 0
9 1344420706837500 -2155800 53680 -246304 0
9 1344420706840000 -2157160 54328 -246096 0
9 1344420706842500 -2157832 55584 -246720 0
9 1344420706845000 -2156840 55256 -246368 0
9 1344420706847500 -2155816 53984 -247480 0
9 1344420706850000 -2156184 53664 -246608 0
9 1344420706852500 -2157000 53208 -247040 0
9 1344420706855000 -2156176 54224 -246664 0
9 1344420706857500 -2156128 54728 -246664 0
9 1344420706860000 -2156624 53576 -246960 0
9 1344420706862500 -2156712 54856 -246496 0
9 1344420706865000 -2156864 53072 -246584 0
9 1344420706867500 -2156272 53456 -246864 0
9 1344420706870000 -2157944 52848 -247000 0
9 1344420706872500 -2156640 54656 -246136 0
9 1344420706875000 -2156344 53888 -247424 0
9 1344420706877500 -2156224 53128 -246840 0
9 1344420706880000 -2156600 53664 -246504 0
9 1344420706882500 -2156672 53496 -247128 0
9 1344420706885000 -2156624 54520 -246480 0
9 1344420706887500 -2156872 54064 -244992 0
9 1344420706890000 -2157432 53624 -246496 0
9 1344420706892500 -2157720 54760 -247720 0
9 1344420706895000 -2157296 54936 -246936 0
9 1344420706897500 -2157088 53944 -247336 0
