9 1344420711100000 -2157880 53488 -247400 0
9 1344420711102500 -2156728 53376 -246152 0
9 1344420711105000 -2156352 54360 -245864 0
9 1344420711107500 -2156936 53344 -245712 0
9 1344420711110000 -2156888 54696 -247208 0
9 1344420711112500 -2156392 53408 -246904 0
9 1344420711115000 -2156288 54200 -247256 0
9 1344420711117500 -2156880 53096 -246496 0
9 1344420711120000 -2156032 51928 -246896 0
9 1344420711122500 -2157184 54136 -245872 0
9 1344420711125000 -2157280 54608 -246176 0
9 1344420711127500 -2158704 54960 -246688 0
9 1344420711130000 -2157264 53440 -245496 0
9 1344420711132500 -2157256 54520 -247784 0
9 1344420711135000 -2157016 53112 -246856 0
9 1344420711137500 -2157648 54784 -245024 0
9 1344420711140000 -2156928 53416 -246672 0
9 1344420711142500 -2156584 54320 -246248 0
9 1344420711145000 -2156232 54272 -246632 0
9 1344420711147500 -2156624 53952 -246848 0
9 1344420711150000 -2156992 54568 -246416 0
9 1344420711152500 -2156320 53736 -246984 0
9 1344420711155000 -2157224 53928 -246656 0
9 1344420711157500 -2156792 54240 -247304 0
9 1344420711160000 -2157768 54728 -247336 0
9 1344420711162500 -2156680 54104 -246856 0
9 1344420711165000 -2157488 55352 -245328 0
9 1344420711167500 -2157008 54568 -247232 0
9 1344420711170000 -2157088 53456 -246400 0
9 1344420711172500 -2156840 53616 -247104 0
9 1344420711175000 -2156600 53968 -247920 0
9 1344420711177500 -2157664 54936 -246456 0
9 1344420711180000 -2157416 55424 -247608 0
9 1344420711182500 -2157288 54016 -247136 0
9 1344420711185000 -2158704 54752 -245704 0
9 1344420711187500 -2157160 53896 -245656 0
9 1344420711190000 -2156512 54360 -247064 0
9 1344420711192500 -2157088 53800 -246912 0
9 1344420711195000 -2156864 54840 -246776 0
9 1344420711197500 -2156136 54184 -246480 0
