9 1344420684000000 -2156512 54360 -247544 0
9 1344420684002500 -2157680 53896 -245432 0
9 1344420684005000 -2157272 53040 -246048 0
9 1344420684007500 -2155856 54672 -246016 0
9 1344420684010000 -2156720 53720 -247000 0
9 1344420684012500 -2155864 54264 -248080 0
9 1344420684015000 -2156840 55024 -247032 0
9 1344420684017500 -2157352 54272 -246288 0
9 1344420684020000 -2157168 54720 -247264 0
9 1344420684022500 -2156760 54872 -247056 0
9 1344420684025000 -2156536 54136 -248288 0
9 1344420684027500 -2156944 55048 -246832 0
9 1344420684030000 -2157240 54728 -246304 0
9 1344420684032500 -2157632 53656 -246312 0
9 1344420684035000 -2156536 55056 -246072 0
9 1344420684037500 -2156568 54352 -246448 0
9 1344420684040000 -2156656 53768 -246768 0
9 1344420684042500 -2157384 54704 -247152 0
9 1344420684045000 -2156080 54936 -246512 0
9 1344420684047500 -2156008 54136 -247136 0
9 1344420684050000 -2156232 53744 -246656 0
9 1344420684052500 -2156792 54160 -247056 0
9 1344420684055000 -2157936 53520 -246592 0
9 1344420684057500 -2157480 53672 -247264 0
9 1344420684060000 -2156424 53632 -246448 0
9 1344420684062500 -2157024 54752 -246448 0
9 1344420684065000 -2156488 54056 -247120 0
9 1344420684067500 -2156496 54424 -246008 0
9 1344420684070000 -2156624 54544 -247120 0
9 1344420684072500 -2156440 54552 -247408 0
9 1344420684075000 -2157048 54944 -247752 0
9 1344420684077500 -2156576 53376 -246696 0
9 1344420684080000 -2157040 54648 -246688 0
9 1344420684082500 -2158208 53496 -247120 0
9 1344420684085000 -2156536 53704 -247224 0
9 1344420684087500 -2156264 53464 -246216 0
9 1344420684090000 -2156608 54664 -246800 0
9 1344420684092500 -2156528 53552 -246440 0
9 1344420684095000 -2157264 53528 -246880 0
9 1344420684097500 -2157960 52768 -247848 0
