9 1344420693100000 -2155160 54920 -245968 0
9 1344420693102500 -2160056 56352 -247488 0
9 1344420693105000 -2154456 51672 -247272 0
9 1344420693107500 -2157536 54776 -247760 0
9 1344420693110000 -2155400 53528 -247576 0
9 1344420693112500 -2158848 54712 -246264 0
9 1344420693115000 -2155120 54352 -247056 0
9 1344420693117500 -2156680 54112 -246512 0
9 1344420693120000 -2157152 53712 -247424 0
9 1344420693122500 -2159528 56672 -247440 0
9 1344420693125000 -2156336 53960 -246552 0
9 1344420693127500 -2156376 53192 -245472 0
9 1344420693130000 -2155328 53736 -245032 0
9 1344420693132500 -2157016 54584 -245856 0
9 1344420693135000 -2156944 55448 -247568 0
9 1344420693137500 -2158312 53800 -246624 0
9 1344420693140000 -2158992 54800 -247656 0
9 1344420693142500 -2157736 54608 -247008 0
9 1344420693145000 -2157408 53432 -246856 0
9 1344420693147500 -2156160 53376 -245272 0
9 1344420693150000 -2158912 55272 -248160 0
9 1344420693152500 -2155416 54000 -247616 0
9 1344420693155000 -2159432 54248 -246552 0
9 1344420693157500 -2155064 53200 -245784 0
9 1344420693160000 -2157856 54632 -246960 0
9 1344420693162500 -2155456 52304 -246296 0
9 1344420693165000 -2159032 54336 -246952 0
9 1344420693167500 -2153800 52288 -247016 0
9 1344420693170000 -2156296 54768 -246808 0
9 1344420693172500 -2157608 54536 -246896 0
9 1344420693175000 -2158344 54720 -246168 0
9 1344420693177500 -2156368 53920 -246544 0
9 1344420693180000 -2157240 53944 -246880 0
9 1344420693182500 -2157168 54216 -246288 0
9 1344420693185000 -2155392 54248 -245944 0
9 1344420693187500 -2156768 54424 -246992 0
9 1344420693190000 -2157808 53640 -245992 0
9 1344420693192500 -2157808 54072 -246944 0
9 1344420693195000 -2156376 54424 -246704 0
9 1344420693197500 -2159184 54984 -247808 0
