9 1344420694800000 -2157264 53760 -246768 0
9 1344420694802500 -2156696 53304 -245584 0
9 1344420694805000 -2155928 53592 -247416 0
9 1344420694807500 -2156592 53920 -246944 0
9 1344420694810000 -2157408 54288 -246520 0
9 1344420694812500 -2156736 53112 -247400 0
9 1344420694815000 -2155984 52056 -247072 0
9 1344420694817500 -2158088 53280 -247136 0
9 1344420694820000 -2156592 53256 -247168 0
9 1344420694822500 -2156640 53832 -246496 0
9 1344420694825000 -2157336 53960 -246632 0
9 1344420694827500 -2156216 54376 -246192 0
9 1344420694830000 -2156512 54272 -246528 0
9 1344420694832500 -2156464 54944 -245520 0
9 1344420694835000 -2157472 54760 -246520 0
9 1344420694837500 -2155976 54952 -246400 0
9 1344420694840000 -2158216 53600 -246912 0
9 1344420694842500 -2155616 52800 -246320 0
9 1344420694845000 -2157904 54896 -247928 0
9 1344420694847500 -2154312 54016 -246592 0
9 1344420694850000 -2158248 54256 -247672 0
9 1344420694852500 -2157216 53432 -247192 0
9 1344420694855000 -2157040 54280 -246648 0
9 1344420694857500 -2155952 53992 -246776 0
9 1344420694860000 -2158432 54632 -247504 0
9 1344420694862500 -2155776 54352 -247248 0
9 1344420694865000 -2156760 54008 -246256 0
9 1344420694867500 -2156512 53736 -245240 0
9 1344420694870000 -2156912 55000 -246936 0
9 1344420694872500 -2156424 53864 -247800 0
9 1344420694875000 -2156328 54544 -246728 0
9 1344420694877500 -2157304 54008 -247544 0
9 1344420694880000 -2156176 53408 -247016 0
9 1344420694882500 -2156592 54200 -247192 0
9 1344420694885000 -2156208 54344 -246944 0
9 1344420694887500 -2158448 54048 -245648 0
9 1344420694890000 -2155976 54464 -245744 0
9 1344420694892500 -2158664 54144 -248344 0
9 1344420694895000 -2157296 54552 -246792 0
9 1344420694897500 -2156960 53864 -247552 0
