9 1344420713900000 -2156536 54320 -245456 0
9 1344420713902500 -2156568 53960 -247664 0
9 1344420713905000 -2157384 54296 -245568 0
9 1344420713907500 -2157160 54504 -246168 0
9 1344420713910000 -2156112 54008 -245808 0
9 1344420713912500 -2157064 54136 -246720 0
9 1344420713915000 -2156192 55184 -246576 0
9 1344420713917500 -2157136 54168 -246272 0
9 1344420713920000 -2157224 53896 -246144 0
9 1344420713922500 -2158048 55104 -245808 0
9 1344420713925000 -2156872 54608 -246424 0
9 1344420713927500 -2157112 54176 -246864 0
9 1344420713930000 -2155488 55152 -246624 0
9 1344420713932500 -2156552 54424 -246696 0
9 1344420713935000 -2155824 53504 -247032 0
9 1344420713937500 -2156400 53840 -246216 0
9 1344420713940000 -2156832 54504 -246432 0
9 1344420713942500 -2156416 53456 -246920 0
9 1344420713945000 -2155648 53792 -246184 0
9 1344420713947500 -2157376 53520 -246592 0
9 1344420713950000 -2157688 54344 -246192 0
9 1344420713952500 -2156880 54080 -245992 0
9 1344420713955000 -2156912 55696 -246528 0
9 1344420713957500 -2157144 53624 -245368 0
9 1344420713960000 -2156832 54904 -245816 0
9 1344420713962500 -2156600 54280 -247800 0
9 1344420713965000 -2157496 53208 -247464 0
9 1344420713967500 -2156640 54408 -246872 0
9 1344420713970000 -2156088 54528 -246872 0
9 1344420713972500 -2156280 54088 -246888 0
9 1344420713975000 -2158560 54024 -245496 0
9 1344420713977500 -2157240 54360 -246624 0
9 1344420713980000 -2156896 54984 -246304 0
9 1344420713982500 -2158016 53912 -247272 0
9 1344420713985000 -2157264 53472 -247016 0
9 1344420713987500 -2156968 53936 -247176 0
9 1344420713990000 -2156696 54584 -246536 0
9 1344420713992500 -2157488 53824 -246632 0
9 1344420713995000 -2157304 54152 -246152 0
9 1344420713997500 -2157544 53832 -246128 0
