9 1344420716600000 -2157200 53960 -246576 0
9 1344420716602500 -2157200 53896 -246240 0
9 1344420716605000 -2157256 53112 -246552 0
9 1344420716607500 -2156576 53712 -246096 0
9 1344420716610000 -2156944 54896 -247440 0
9 1344420716612500 -2156336 52736 -247408 0
9 1344420716615000 -2158376 54352 -246520 0
9 1344420716617500 -2156944 54704 -246344 0
9 1344420716620000 -2157784 53920 -246488 0
9 1344420716622500 -2157048 55040 -246520 0
9 1344420716625000 -2157328 53848 -247872 0
9 1344420716627500 -2157416 54448 -245960 0
9 1344420716630000 -2157328 54408 -247328 0
9 1344420716632500 -2156928 54504 -245944 0
9 1344420716635000 -2157208 53376 -245144 0
9 1344420716637500 -2156600 53360 -246720 0
9 1344420716640000 -2157528 54016 -246096 0
9 1344420716642500 -2157000 54576 -246696 0
9 1344420716645000 -2157688 53896 -246984 0
9 1344420716647500 -2156368 53560 -246680 0
9 1344420716650000 -2157064 54496 -247360 0
9 1344420716652500 -2157032 54056 -247424 0
9 1344420716655000 -2156592 54056 -246592 0
9 1344420716657500 -2156336 53976 -247048 0
9 1344420716660000 -2156432 53880 -246888 0
9 1344420716662500 -2156168 54272 -246184 0
9 1344420716665000 -2155936 54104 -246088 0
9 1344420716667500 -2156352 52504 -246528 0
9 1344420716670000 -2155984 53952 -247024 0
9 1344420716672500 -2157432 53664 -246952 0
9 1344420716675000 -2155856 53344 -247272 0
9 1344420716677500 -2156736 55200 -247176 0
9 1344420716680000 -2156448 54456 -246208 0
9 1344420716682500 -2157608 53232 -246296 0
9 1344420716685000 -2156808 54392 -246224 0
9 1344420716687500 -2156512 54672 -247864 0
9 1344420716690000 -2157704 55128 -246152 0
9 1344420716692500 -2156248 53504 -246640 0
9 1344420716695000 -2157456 55000 -246072 0
9 1344420716697500 -2157040 55224 -246976 0
