9 1344420676300000 -2156312 54160 -247104 0
9 1344420676302500 -2156688 53912 -246360 0
9 1344420676305000 -2158056 53576 -245592 0
9 1344420676307500 -2155888 54728 -246280 0
9 1344420676310000 -2156368 53392 -245728 0
9 1344420676312500 -2157744 53032 -246656 0
9 1344420676315000 -2157008 54080 -247192 0
9 1344420676317500 -2157408 53976 -246288 0
9 1344420676320000 -2157008 54288 -246536 0
9 1344420676322500 -2157344 54344 -246184 0
9 1344420676325000 -2156688 52960 -246560 0
9 1344420676327500 -2157512 54256 -246600 0
9 1344420676330000 -2157320 53616 -247032 0
9 1344420676332500 -2157096 53952 -245968 0
9 1344420676335000 -2156888 54320 -247328 0
9 1344420676337500 -2156248 54624 -247296 0
9 1344420676340000 -2156232 54376 -246440 0
9 1344420676342500 -2156216 54880 -246976 0
9 1344420676345000 -2157864 55184 -247096 0
9 1344420676347500 -2157408 53928 -246288 0
9 1344420676350000 -2156136 55016 -246840 0
9 1344420676352500 -2156056 53640 -247424 0
9 1344420676355000 -2157112 55112 -246976 0
9 1344420676357500 -2156568 53984 -247344 0
9 1344420676360000 -2157344 54248 -246408 0
9 1344420676362500 -2157248 53800 -246464 0
9 1344420676365000 -2157592 54664 -247584 0
9 1344420676367500 -2157416 54064 -246616 0
9 1344420676370000 -2156440 55024 -246712 0
9 1344420676372500 -2157000 53704 -246384 0
9 1344420676375000 -2156584 55424 -247016 0
9 1344420676377500 -2157240 53408 -246848 0
9 1344420676380000 -2157032 53992 -247432 0
9 1344420676382500 -2156880 53840 -246856 0
9 1344420676385000 -2156856 53416 -246440 0
9 1344420676387500 -2156712 54856 -247968 0
9 1344420676390000 -2157576 54856 -246192 0
9 1344420676392500 -2156472 52712 -246960 0
9 1344420676395000 -2156232 53512 -247344 0
9 1344420676397500 -2157088 54648 -247176 0
