9 1344420699800000 -2157768 54024 -247488 0
9 1344420699802500 -2155432 53016 -245448 0
9 1344420699805000 -2157592 54480 -246432 0
9 1344420699807500 -2156600 52992 -246048 0
9 1344420699810000 -2157056 55040 -247048 0
9 1344420699812500 -2155656 54936 -246544 0
9 1344420699815000 -2156640 53920 -248184 0
9 1344420699817500 -2155384 52648 -246784 0
9 1344420699820000 -2156544 53968 -247600 0
9 1344420699822500 -2157296 54688 -246008 0
9 1344420699825000 -2156344 54328 -246776 0
9 1344420699827500 -2157144 53848 -247696 0
9 1344420699830000 -2156896 54272 -246880 0
9 1344420699832500 -2155680 53096 -247760 0
9 1344420699835000 -2157104 53056 -245848 0
9 1344420699837500 -2157584 53272 -246616 0
9 1344420699840000 -2157152 52600 -246208 0
9 1344420699842500 -2156984 53920 -245832 0
9 1344420699845000 -2156808 54192 -246592 0
9 1344420699847500 -2156904 54584 -246776 0
9 1344420699850000 -2156776 53672 -247344 0
9 1344420699852500 -2156872 53768 -246568 0
9 1344420699855000 -2155360 54440 -245480 0
9 1344420699857500 -2158104 54616 -247240 0
9 1344420699860000 -2155296 54448 -246216 0
9 1344420699862500 -2157192 54112 -246208 0
9 1344420699865000 -2155776 53184 -246064 0
9 1344420699867500 -2156464 54800 -246328 0
9 1344420699870000 -2157616 53984 -247184 0
9 1344420699872500 -2157064 55272 -245544 0
9 1344420699875000 -2156792 53880 -246344 0
9 1344420699877500 -2156408 54696 -246480 0
9 1344420699880000 -2156192 53928 -246080 0
9 1344420699882500 -2158424 54440 -246720 0
9 1344420699885000 -2156936 54352 -246680 0
9 1344420699887500 -2157568 52640 -246984 0
9 1344420699890000 -2155520 53736 -247128 0
9 1344420699892500 -2157144 53816 -246728 0
9 1344420699895000 -2156080 53080 -246544 0
9 1344420699897500 -2157560 53456 -247424 0
