9 1344420692500000 -2158232 50048 -253848 0
9 1344420692502500 -2152928 51336 -244728 0
9 1344420692505000 -2181072 59680 -249464 0
9 1344420692507500 -2133152 51848 -239824 0
9 1344420692510000 -2174728 57456 -249224 0
9 1344420692512500 -2136976 51808 -241504 0
9 1344420692515000 -2174832 60184 -254624 0
9 1344420692517500 -2137616 49168 -239072 0
9 1344420692520000 -2177656 52488 -249872 0
9 1344420692522500 -2143136 60776 -241072 0
9 1344420692525000 -2146208 45888 -255648 0
9 1344420692527500 -2162680 58104 -242640 0
9 1344420692530000 -2169040 55592 -248680 0
9 1344420692532500 -2147392 50104 -250888 0
9 1344420692535000 -2169184 60640 -244552 0
9 1344420692537500 -2140568 42120 -246616 0
9 1344420692540000 -2186848 69056 -251632 0
9 1344420692542500 -2132720 45032 -236888 0
9 1344420692545000 -2184888 55024 -252152 0
9 1344420692547500 -2125040 52816 -247712 0
9 1344420692550000 -2164336 61032 -248568 0
9 1344420692552500 -2167848 51800 -244680 0
9 1344420692555000 -2140608 51016 -238752 0
9 1344420692557500 -2169032 61064 -260016 0
9 1344420692560000 -2142208 48432 -239472 0
9 1344420692562500 -2175472 54352 -245424 0
9 1344420692565000 -2140464 56656 -242192 0
9 1344420692567500 -2148016 54784 -251840 0
9 1344420692570000 -2148176 48496 -248208 0
9 1344420692572500 -2165400 54352 -244304 0
9 1344420692575000 -2152960 58576 -245320 0
9 1344420692577500 -2156368 51720 -253576 0
9 1344420692580000 -2151432 54624 -243920 0
9 1344420692582500 -2165120 46936 -247208 0
9 1344420692585000 -2158632 63152 -252048 0
9 1344420692587500 -2158544 50904 -250832 0
9 1344420692590000 -2163520 53376 -244264 0
9 1344420692592500 -2167408 53312 -246344 0
9 1344420692595000 -2141336 56976 -245048 0
9 1344420692597500 -2182824 57496 -250152 0
