9 1344420687600000 -2157248 54496 -246904 0
9 1344420687602500 -2157216 53080 -246872 0
9 1344420687605000 -2156992 54408 -245984 0
9 1344420687607500 -2157648 53272 -246896 0
9 1344420687610000 -2157032 53752 -246944 0
9 1344420687612500 -2157256 53328 -247128 0
9 1344420687615000 -2156632 52672 -247584 0
9 1344420687617500 -2156936 52536 -246504 0
9 1344420687620000 -2156480 53064 -248584 0
9 1344420687622500 -2156496 53688 -247384 0
9 1344420687625000 -2157384 53888 -246224 0
9 1344420687627500 -2156648 54288 -246616 0
9 1344420687630000 -2157824 53424 -246096 0
9 1344420687632500 -2157544 53976 -245488 0
9 1344420687635000 -2157568 53424 -246856 0
9 1344420687637500 -2156984 53824 -246880 0
9 1344420687640000 -2156520 52984 -245944 0
9 1344420687642500 -2157944 55128 -246840 0
9 1344420687645000 -2156968 54272 -247312 0
9 1344420687647500 -2157160 53784 -247464 0
9 1344420687650000 -2158720 54800 -248000 0
9 1344420687652500 -2158592 52848 -246872 0
9 1344420687655000 -2157584 53680 -247152 0
9 1344420687657500 -2155920 53912 -245928 0
9 1344420687660000 -2157296 54104 -246496 0
9 1344420687662500 -2156480 53456 -247336 0
9 1344420687665000 -2157024 54264 -246952 0
9 1344420687667500 -2157608 54688 -246664 0
9 1344420687670000 -2158080 54464 -246184 0
9 1344420687672500 -2157592 53840 -245088 0
9 1344420687675000 -2157080 54584 -247328 0
9 1344420687677500 -2156464 53792 -247048 0
9 1344420687680000 -2157680 53552 -248304 0
9 1344420687682500 -2156320 52776 -247352 0
9 1344420687685000 -2156768 53632 -246832 0
9 1344420687687500 -2156048 53256 -246232 0
9 1344420687690000 -2155952 54288 -246808 0
9 1344420687692500 -2157616 53712 -246208 0
9 1344420687695000 -2156976 54456 -247240 0
9 1344420687697500 -2156368 53688 -247200 0
