9 1344420709900000 -2157944 54944 -246224 0
9 1344420709902500 -2157256 54136 -246696 0
9 1344420709905000 -2158776 54432 -246608 0
9 1344420709907500 -2156440 53648 -246640 0
9 1344420709910000 -2156752 54688 -246600 0
9 1344420709912500 -2157032 53672 -247408 0
9 1344420709915000 -2157224 53800 -245848 0
9 1344420709917500 -2157560 53984 -245768 0
9 1344420709920000 -2156368 53728 -245888 0
9 1344420709922500 -2156288 55360 -246656 0
9 1344420709925000 -2155096 54176 -247120 0
9 1344420709927500 -2158168 53288 -246424 0
9 1344420709930000 -2156712 54008 -247384 0
9 1344420709932500 -2157760 54112 -246024 0
9 1344420709935000 -2156784 54224 -246240 0
9 1344420709937500 -2157064 54648 -245896 0
9 1344420709940000 -2157560 55120 -246512 0
9 1344420709942500 -2158192 55072 -246480 0
9 1344420709945000 -2157488 54656 -246672 0
9 1344420709947500 -2156992 53632 -246464 0
9 1344420709950000 -2157192 54504 -247568 0
9 1344420709952500 -2158664 53568 -245784 0
9 1344420709955000 -2156328 53216 -246576 0
9 1344420709957500 -2156976 54784 -246976 0
9 1344420709960000 -2157928 54912 -247360 0
9 1344420709962500 -2157728 54960 -246128 0
9 1344420709965000 -2158088 52928 -247136 0
9 1344420709967500 -2156792 54360 -246888 0
9 1344420709970000 -2157000 55200 -247200 0
9 1344420709972500 -2156984 53752 -246184 0
9 1344420709975000 -2156000 53632 -246488 0
9 1344420709977500 -2155528 52560 -246712 0
9 1344420709980000 -2156280 53408 -247728 0
9 1344420709982500 -2156144 53072 -245584 0
9 1344420709985000 -2156680 53904 -246424 0
9 1344420709987500 -2156856 54008 -246736 0
9 1344420709990000 -2157224 54000 -246808 0
9 1344420709992500 -2156424 53552 -246072 0
9 1344420709995000 -2156216 53760 -247608 0
9 1344420709997500 -2156752 53416 -245920 0
