9 1344420686400000 -2157520 53816 -247224 0
9 1344420686402500 -2156912 53680 -248024 0
9 1344420686405000 -2157936 54688 -247352 0
9 1344420686407500 -2156464 54336 -246320 0
9 1344420686410000 -2157296 53904 -246752 0
9 1344420686412500 -2158232 53528 -246536 0
9 1344420686415000 -2155976 53912 -247352 0
9 1344420686417500 -2157056 54152 -246352 0
9 1344420686420000 -2157560 54560 -247008 0
9 1344420686422500 -2156616 53912 -245128 0
9 1344420686425000 -2157280 54232 -246680 0
9 1344420686427500 -2156560 53744 -247168 0
9 1344420686430000 -2155328 53560 -246064 0
9 1344420686432500 -2157048 53200 -246048 0
9 1344420686435000 -2157024 53680 -247368 0
9 1344420686437500 -2156120 55200 -246560 0
9 1344420686440000 -2157424 54320 -246624 0
9 1344420686442500 -2156824 54544 -246152 0
9 1344420686445000 -2157392 54712 -245336 0
9 1344420686447500 -2156328 54240 -246912 0
9 1344420686450000 -2157560 54792 -246320 0
9 1344420686452500 -2157688 54400 -246056 0
9 1344420686455000 -2157968 53928 -247440 0
9 1344420686457500 -2156760 52688 -246824 0
9 1344420686460000 -2156968 54040 -246208 0
9 1344420686462500 -2156752 54656 -246704 0
9 1344420686465000 -2156456 54240 -246376 0
9 1344420686467500 -2157184 54568 -246264 0
9 1344420686470000 -2157912 54624 -246496 0
9 1344420686472500 -2157496 54048 -246000 0
9 1344420686475000 -2158176 54864 -247048 0
9 1344420686477500 -2156880 54424 -247824 0
9 1344420686480000 -2156856 54096 -246448 0
9 1344420686482500 -2158400 53000 -246816 0
9 1344420686485000 -2157640 52496 -246256 0
9 1344420686487500 -2157192 54216 -246640 0
9 1344420686490000 -2157936 54152 -246360 0
9 1344420686492500 -2158184 54256 -248720 0
9 1344420686495000 -2156536 54032 -247784 0
9 1344420686497500 -2157360 54352 -247840 0
