9 1344420710600000 -2156344 53856 -245912 0
9 1344420710602500 -2157344 53640 -247176 0
9 1344420710605000 -2157432 53784 -247280 0
9 1344420710607500 -2157728 53568 -246680 0
9 1344420710610000 -2158800 54056 -247200 0
9 1344420710612500 -2157264 53528 -247064 0
9 1344420710615000 -2156392 53968 -246360 0
9 1344420710617500 -2156584 53512 -246680 0
9 1344420710620000 -2157312 54616 -246232 0
9 1344420710622500 -2158632 53136 -247144 0
9 1344420710625000 -2157256 54960 -245672 0
9 1344420710627500 -2157656 54672 -246800 0
9 1344420710630000 -2157144 52160 -246040 0
9 1344420710632500 -2155480 53512 -247312 0
9 1344420710635000 -2157360 53704 -247376 0
9 1344420710637500 -2158272 54608 -247624 0
9 1344420710640000 -2158552 53296 -246680 0
9 1344420710642500 -2157904 55144 -247200 0
9 1344420710645000 -2155736 54216 -246824 0
9 1344420710647500 -2157128 53872 -247272 0
9 1344420710650000 -2158120 54288 -248144 0
9 1344420710652500 -2157584 53968 -247160 0
9 1344420710655000 -2156880 53192 -247168 0
9 1344420710657500 -2158496 52520 -246112 0
9 1344420710660000 -2157120 53336 -247336 0
9 1344420710662500 -2157408 53336 -246520 0
9 1344420710665000 -2156904 54264 -246784 0
9 1344420710667500 -2156904 54528 -245968 0
9 1344420710670000 -2157128 54480 -245856 0
9 1344420710672500 -2157248 54728 -246192 0
9 1344420710675000 -2157032 52744 -246936 0
9 1344420710677500 -2156288 54176 -246096 0
9 1344420710680000 -2157032 54168 -246960 0
9 1344420710682500 -2157368 54280 -245904 0
9 1344420710685000 -2157792 54408 -246184 0
9 1344420710687500 -2156472 54416 -246160 0
9 1344420710690000 -2156360 54168 -246624 0
9 1344420710692500 -2156720 54736 -246432 0
9 1344420710695000 -2158904 53840 -245984 0
9 1344420710697500 -2157624 54464 -246976 0
