9 1344420685900000 -2157544 53328 -247648 0
9 1344420685902500 -2158168 53232 -246192 0
9 1344420685905000 -2157968 55064 -246728 0
9 1344420685907500 -2155992 53424 -246832 0
9 1344420685910000 -2157616 53160 -248392 0
9 1344420685912500 -2155616 53504 -246928 0
9 1344420685915000 -2156864 54200 -246184 0
9 1344420685917500 -2156984 54208 -246472 0
9 1344420685920000 -2157888 53672 -247344 0
9 1344420685922500 -2157600 54696 -247232 0
9 1344420685925000 -2156200 53928 -247736 0
9 1344420685927500 -2157080 53776 -247456 0
9 1344420685930000 -2157136 54888 -247416 0
9 1344420685932500 -2157312 54848 -247024 0
9 1344420685935000 -2157152 54744 -247032 0
9 1344420685937500 -2158632 54360 -246912 0
9 1344420685940000 -2155624 53264 -246600 0
9 1344420685942500 -2157184 53312 -247256 0
9 1344420685945000 -2155624 53360 -247472 0
9 1344420685947500 -2157128 52920 -248008 0
9 1344420685950000 -2156200 53728 -246960 0
9 1344420685952500 -2158032 53664 -246168 0
9 1344420685955000 -2155672 52488 -245856 0
9 1344420685957500 -2157136 52912 -247184 0
9 1344420685960000 -2156784 54480 -245032 0
9 1344420685962500 -2156816 53776 -247320 0
9 1344420685965000 -2156608 54744 -247192 0
9 1344420685967500 -2157296 53536 -246328 0
9 1344420685970000 -2157088 53160 -247112 0
9 1344420685972500 -2157320 53816 -246952 0
9 1344420685975000 -2155992 53440 -245728 0
9 1344420685977500 -2157384 53280 -246992 0
9 1344420685980000 -2156688 53640 -246656 0
9 1344420685982500 -2157952 52960 -247048 0
9 1344420685985000 -2156800 53528 -247680 0
9 1344420685987500 -2157112 54200 -246648 0
9 1344420685990000 -2157112 53192 -247208 0
9 1344420685992500 -2156144 54096 -247232 0
9 1344420685995000 -2157032 53472 -247080 0
9 1344420685997500 -2156784 54392 -247704 0
