9 1344420677200000 -2160240 55280 -247848 0
9 1344420677202500 -2153384 52216 -246080 0
9 1344420677205000 -2161240 55672 -247248 0
9 1344420677207500 -2153784 52392 -246944 0
9 1344420677210000 -2159664 54152 -246096 0
9 1344420677212500 -2155672 53264 -246848 0
9 1344420677215000 -2158376 54736 -246696 0
9 1344420677217500 -2154344 53024 -247176 0
9 1344420677220000 -2158400 54624 -246416 0
9 1344420677222500 -2155048 54328 -246488 0
9 1344420677225000 -2158536 54432 -247040 0
9 1344420677227500 -2157560 53576 -246176 0
9 1344420677230000 -2156120 53200 -245904 0
9 1344420677232500 -2158656 54400 -247216 0
9 1344420677235000 -2155552 52704 -246936 0
9 1344420677237500 -2159920 54064 -247216 0
9 1344420677240000 -2154192 52336 -245632 0
9 1344420677242500 -2157688 54280 -247608 0
9 1344420677245000 -2154600 53128 -244760 0
9 1344420677247500 -2159232 54960 -245768 0
9 1344420677250000 -2154296 52304 -246368 0
9 1344420677252500 -2157920 55320 -246592 0
9 1344420677255000 -2155080 52152 -245968 0
9 1344420677257500 -2158584 55072 -245688 0
9 1344420677260000 -2154144 53176 -246400 0
9 1344420677262500 -2158712 54960 -247840 0
9 1344420677265000 -2154752 53080 -247264 0
9 1344420677267500 -2158872 53392 -246088 0
9 1344420677270000 -2154984 53648 -245320 0
9 1344420677272500 -2157752 53176 -246960 0
9 1344420677275000 -2156152 53152 -245120 0
9 1344420677277500 -2157664 54064 -247792 0
9 1344420677280000 -2156376 53336 -246608 0
9 1344420677282500 -2156248 54952 -247768 0
9 1344420677285000 -2156752 53352 -246872 0
9 1344420677287500 -2157376 53464 -245776 0
9 1344420677290000 -2155056 51536 -246584 0
9 1344420677292500 -2159136 55024 -246264 0
9 1344420677295000 -2153152 53360 -247072 0
9 1344420677297500 -2158840 54288 -248072 0
