9 1344420692800000 -2159816 58808 -247656 0
9 1344420692802500 -2148752 50160 -243944 0
9 1344420692805000 -2161336 55912 -247488 0
9 1344420692807500 -2157304 56464 -247936 0
9 1344420692810000 -2161568 52304 -246232 0
9 1344420692812500 -2157760 52416 -244992 0
9 1344420692815000 -2160536 53192 -249296 0
9 1344420692817500 -2152904 50744 -246632 0
9 1344420692820000 -2162136 53880 -246560 0
9 1344420692822500 -2149152 52384 -247056 0
9 1344420692825000 -2159552 55880 -248448 0
9 1344420692827500 -2151032 50416 -246304 0
9 1344420692830000 -2157720 54224 -247000 0
9 1344420692832500 -2148480 52984 -248096 0
9 1344420692835000 -2163512 57608 -250048 0
9 1344420692837500 -2153176 50952 -247488 0
9 1344420692840000 -2161424 57104 -246472 0
9 1344420692842500 -2153384 53584 -248368 0
9 1344420692845000 -2162504 54488 -244632 0
9 1344420692847500 -2155120 51840 -246592 0
9 1344420692850000 -2153960 54040 -247704 0
9 1344420692852500 -2155224 52976 -247184 0
9 1344420692855000 -2161336 52888 -243896 0
9 1344420692857500 -2155248 52368 -247904 0
9 1344420692860000 -2154592 55216 -247728 0
9 1344420692862500 -2162888 53952 -247672 0
9 1344420692865000 -2159224 51872 -244512 0
9 1344420692867500 -2153512 53672 -248848 0
9 1344420692870000 -2152976 54184 -245840 0
9 1344420692872500 -2159496 53944 -247104 0
9 1344420692875000 -2154264 54768 -246632 0
9 1344420692877500 -2157352 53840 -249120 0
9 1344420692880000 -2155440 54648 -244928 0
9 1344420692882500 -2163952 55568 -247248 0
9 1344420692885000 -2152384 54088 -245712 0
9 1344420692887500 -2160840 56048 -248208 0
9 1344420692890000 -2154392 52680 -246664 0
9 1344420692892500 -2158096 53568 -246576 0
9 1344420692895000 -2152400 52480 -246312 0
9 1344420692897500 -2156880 55080 -246048 0
