9 1344420704800000 -2157880 54472 -246664 0
9 1344420704802500 -2156512 55712 -246968 0
9 1344420704805000 -2157160 54464 -246848 0
9 1344420704807500 -2156576 53992 -246280 0
9 1344420704810000 -2157424 54752 -247048 0
9 1344420704812500 -2156968 53408 -246808 0
9 1344420704815000 -2157760 54784 -245472 0
9 1344420704817500 -2156312 54088 -247488 0
9 1344420704820000 -2156528 54952 -247104 0
9 1344420704822500 -2156912 53864 -246112 0
9 1344420704825000 -2156736 54640 -246016 0
9 1344420704827500 -2156432 53864 -246520 0
9 1344420704830000 -2157608 54496 -247792 0
9 1344420704832500 -2155768 54128 -246776 0
9 1344420704835000 -2157224 54520 -246568 0
9 1344420704837500 -2156728 53328 -247112 0
9 1344420704840000 -2156352 54680 -246768 0
9 1344420704842500 -2157984 53944 -246456 0
9 1344420704845000 -2157424 54768 -246976 0
9 1344420704847500 -2155744 55064 -247544 0
9 1344420704850000 -2157920 54504 -246608 0
9 1344420704852500 -2157112 55136 -246192 0
9 1344420704855000 -2157232 54856 -245536 0
9 1344420704857500 -2157912 54208 -247128 0
9 1344420704860000 -2158112 54928 -246568 0
9 1344420704862500 -2157096 53736 -246648 0
9 1344420704865000 -2157160 54320 -246936 0
9 1344420704867500 -2156960 54200 -246584 0
9 1344420704870000 -2156368 55024 -246424 0
9 1344420704872500 -2157000 53912 -246160 0
9 1344420704875000 -2157032 53208 -246552 0
9 1344420704877500 -2157800 54768 -246832 0
9 1344420704880000 -2156904 54328 -246976 0
9 1344420704882500 -2158160 53504 -246824 0
9 1344420704885000 -2156360 55368 -246304 0
9 1344420704887500 -2156104 53736 -246496 0
9 1344420704890000 -2155192 55752 -245368 0
9 1344420704892500 -2157472 54440 -246664 0
9 1344420704895000 -2155928 55152 -246888 0
9 1344420704897500 -2156392 54248 -246104 0
