9 1344420677000000 -2156432 55424 -246616 0
9 1344420677002500 -2158024 53104 -247584 0
9 1344420677005000 -2157424 55656 -246832 0
9 1344420677007500 -2158080 53936 -247104 0
9 1344420677010000 -2156512 53456 -247128 0
9 1344420677012500 -2159040 54472 -247416 0
9 1344420677015000 -2156784 54624 -246832 0
9 1344420677017500 -2158760 54192 -246264 0
9 1344420677020000 -2155880 54040 -246176 0
9 1344420677022500 -2157368 54536 -247120 0
9 1344420677025000 -2155432 53552 -246448 0
9 1344420677027500 -2157264 54712 -247816 0
9 1344420677030000 -2155280 53736 -246104 0
9 1344420677032500 -2158304 54832 -246696 0
9 1344420677035000 -2154752 55312 -246480 0
9 1344420677037500 -2157936 54952 -246320 0
9 1344420677040000 -2155704 54160 -246384 0
9 1344420677042500 -2157696 54304 -246976 0
9 1344420677045000 -2156208 54000 -246176 0
9 1344420677047500 -2155856 54304 -246816 0
9 1344420677050000 -2158248 53952 -245848 0
9 1344420677052500 -2157080 54920 -246832 0
9 1344420677055000 -2157328 53936 -247152 0
9 1344420677057500 -2155944 54784 -246776 0
9 1344420677060000 -2156072 52344 -248040 0
9 1344420677062500 -2158312 53864 -246720 0
9 1344420677065000 -2157320 54368 -246128 0
9 1344420677067500 -2156576 54704 -246584 0
9 1344420677070000 -2156552 55088 -246744 0
9 1344420677072500 -2157920 53328 -245880 0
9 1344420677075000 -2158440 54072 -245984 0
9 1344420677077500 -2157728 53960 -245488 0
9 1344420677080000 -2157656 54120 -245504 0
9 1344420677082500 -2156824 53568 -246384 0
9 1344420677085000 -2156280 54480 -246256 0
9 1344420677087500 -2158400 54328 -246608 0
9 1344420677090000 -2156328 54544 -245568 0
9 1344420677092500 -2156328 53424 -247008 0
9 1344420677095000 -2156304 54032 -247056 0
9 1344420677097500 -2158104 53808 -245888 0
