9 1344420672500000 -2156944 52872 -245728 0
9 1344420672502500 -2157984 53608 -246096 0
9 1344420672505000 -2156952 53928 -247832 0
9 1344420672507500 -2156920 53408 -245840 0
9 1344420672510000 -2157656 54032 -245816 0
9 1344420672512500 -2156344 53128 -246440 0
9 1344420672515000 -2157240 53800 -246896 0
9 1344420672517500 -2155992 53968 -246688 0
9 1344420672520000 -2157288 53952 -247544 0
9 1344420672522500 -2157248 53552 -245920 0
9 1344420672525000 -2156208 54536 -246744 0
9 1344420672527500 -2156576 54400 -246224 0
9 1344420672530000 -2155864 54264 -247200 0
9 1344420672532500 -2156416 53040 -246104 0
9 1344420672535000 -2154480 54096 -246536 0
9 1344420672537500 -2156520 53904 -247160 0
9 1344420672540000 -2157472 53488 -247064 0
9 1344420672542500 -2157088 53872 -246464 0
9 1344420672545000 -2157032 54208 -247448 0
9 1344420672547500 -2157152 54008 -245720 0
9 1344420672550000 -2157184 54696 -247976 0
9 1344420672552500 -2156640 54528 -247152 0
9 1344420672555000 -2156560 53624 -246840 0
9 1344420672557500 -2158080 54864 -247360 0
9 1344420672560000 -2156104 53904 -246880 0
9 1344420672562500 -2156208 55080 -246840 0
9 1344420672565000 -2157928 53200 -246232 0
9 1344420672567500 -2157400 53640 -248496 0
9 1344420672570000 -2156016 53464 -247376 0
9 1344420672572500 -2156936 54056 -245952 0
9 1344420672575000 -2157024 54600 -246360 0
9 1344420672577500 -2157704 54088 -245936 0
9 1344420672580000 -2156984 54552 -246240 0
9 1344420672582500 -2156872 54960 -247472 0
9 1344420672585000 -2156768 53664 -245696 0
9 1344420672587500 -2156808 54024 -246768 0
9 1344420672590000 -2157120 54672 -247216 0
9 1344420672592500 -2156320 54280 -246648 0
9 1344420672595000 -2157072 54160 -246616 0
9 1344420672597500 -2157200 54600 -247216 0
