9 1344420705200000 -2157944 55144 -246952 0
9 1344420705202500 -2157736 54696 -246272 0
9 1344420705205000 -2157376 54520 -246440 0
9 1344420705207500 -2157656 54896 -246664 0
9 1344420705210000 -2157576 56096 -246688 0
9 1344420705212500 -2157784 54480 -247160 0
9 1344420705215000 -2158032 54352 -245280 0
9 1344420705217500 -2156480 53880 -246224 0
9 1344420705220000 -2157616 55152 -246120 0
9 1344420705222500 -2156504 55248 -247392 0
9 1344420705225000 -2156824 54168 -247688 0
9 1344420705227500 -2156584 55424 -245560 0
9 1344420705230000 -2157520 54800 -247240 0
9 1344420705232500 -2156152 54592 -246312 0
9 1344420705235000 -2156072 54672 -246536 0
9 1344420705237500 -2156640 53880 -246112 0
9 1344420705240000 -2156864 55584 -246632 0
9 1344420705242500 -2156688 54688 -247296 0
9 1344420705245000 -2157104 54472 -246720 0
9 1344420705247500 -2156832 55624 -245984 0
9 1344420705250000 -2156952 53600 -245368 0
9 1344420705252500 -2156816 54192 -248160 0
9 1344420705255000 -2156648 55472 -245352 0
9 1344420705257500 -2157256 55040 -246072 0
9 1344420705260000 -2155680 54568 -246480 0
9 1344420705262500 -2157048 54744 -246872 0
9 1344420705265000 -2157112 54832 -246680 0
9 1344420705267500 -2156936 54992 -247088 0
9 1344420705270000 -2156496 54824 -247712 0
9 1344420705272500 -2157848 54992 -247000 0
9 1344420705275000 -2156568 53776 -246464 0
9 1344420705277500 -2156824 54808 -245848 0
9 1344420705280000 -2156656 55032 -246344 0
9 1344420705282500 -2156328 55416 -245656 0
9 1344420705285000 -2155728 54312 -246688 0
9 1344420705287500 -2158400 54456 -246896 0
9 1344420705290000 -2156016 54816 -246048 0
9 1344420705292500 -2157024 54960 -245816 0
9 1344420705295000 -2156288 54712 -246568 0
9 1344420705297500 -2156832 55616 -246112 0
