9 1344420699500000 -2157184 53656 -245888 0
9 1344420699502500 -2156416 54168 -246096 0
9 1344420699505000 -2157624 54144 -246928 0
9 1344420699507500 -2157376 54480 -246984 0
9 1344420699510000 -2156528 53288 -246128 0
9 1344420699512500 -2156664 53232 -245720 0
9 1344420699515000 -2158568 53240 -246344 0
9 1344420699517500 -2155208 54896 -246512 0
9 1344420699520000 -2156552 54128 -247824 0
9 1344420699522500 -2156504 53648 -246112 0
9 1344420699525000 -2157088 54312 -247360 0
9 1344420699527500 -2158048 54064 -246584 0
9 1344420699530000 -2156920 54072 -246672 0
9 1344420699532500 -2156536 53496 -246704 0
9 1344420699535000 -2158704 54456 -246096 0
9 1344420699537500 -2156896 53768 -246640 0
9 1344420699540000 -2158312 55112 -247256 0
9 1344420699542500 -2156688 53432 -247128 0
9 1344420699545000 -2156328 55040 -245616 0
9 1344420699547500 -2156256 53824 -246952 0
9 1344420699550000 -2157808 54720 -245936 0
9 1344420699552500 -2156440 53848 -247432 0
9 1344420699555000 -2157432 53784 -247904 0
9 1344420699557500 -2157088 54744 -247824 0
9 1344420699560000 -2156608 53584 -246480 0
9 1344420699562500 -2157736 54024 -246224 0
9 1344420699565000 -2156432 54344 -246360 0
9 1344420699567500 -2158576 54640 -248184 0
9 1344420699570000 -2155520 53208 -246784 0
9 1344420699572500 -2156768 53720 -247792 0
9 1344420699575000 -2156880 53280 -246520 0
9 1344420699577500 -2158400 54512 -246224 0
9 1344420699580000 -2155096 53256 -245256 0
9 1344420699582500 -2156776 53752 -246944 0
9 1344420699585000 -2156272 53368 -246056 0
9 1344420699587500 -2156192 54192 -247312 0
9 1344420699590000 -2156552 53616 -247600 0
9 1344420699592500 -2156120 53784 -246896 0
9 1344420699595000 -2156272 53416 -245456 0
9 1344420699597500 -2157888 55000 -245408 0
