9 1344420676900000 -2155752 54920 -247104 0
9 1344420676902500 -2159104 53752 -246752 0
9 1344420676905000 -2155736 51568 -246408 0
9 1344420676907500 -2157504 54312 -247304 0
9 1344420676910000 -2157168 52720 -246744 0
9 1344420676912500 -2159328 52792 -247056 0
9 1344420676915000 -2155776 52696 -246464 0
9 1344420676917500 -2158784 54536 -247648 0
9 1344420676920000 -2156480 53160 -245752 0
9 1344420676922500 -2159224 54688 -246864 0
9 1344420676925000 -2155840 52696 -245912 0
9 1344420676927500 -2160048 54368 -246616 0
9 1344420676930000 -2156792 53280 -246888 0
9 1344420676932500 -2157944 52288 -247224 0
9 1344420676935000 -2155616 53712 -247024 0
9 1344420676937500 -2157424 53416 -247696 0
9 1344420676940000 -2155440 52936 -245648 0
9 1344420676942500 -2157536 53848 -246784 0
9 1344420676945000 -2156952 53552 -246376 0
9 1344420676947500 -2157888 54720 -246264 0
9 1344420676950000 -2157232 53424 -247192 0
9 1344420676952500 -2157408 53160 -246392 0
9 1344420676955000 -2158416 54896 -247352 0
9 1344420676957500 -2157016 53784 -246920 0
9 1344420676960000 -2158984 53480 -246888 0
9 1344420676962500 -2157000 51760 -247744 0
9 1344420676965000 -2158552 54200 -247912 0
9 1344420676967500 -2157128 54272 -246560 0
9 1344420676970000 -2158680 54224 -246080 0
9 1344420676972500 -2155784 52128 -246056 0
9 1344420676975000 -2156960 54008 -246208 0
9 1344420676977500 -2154992 52832 -245664 0
9 1344420676980000 -2157976 53312 -246384 0
9 1344420676982500 -2156296 53568 -247904 0
9 1344420676985000 -2157864 54208 -246896 0
9 1344420676987500 -2157704 54896 -246624 0
9 1344420676990000 -2158848 53728 -245688 0
9 1344420676992500 -2156008 54744 -247320 0
9 1344420676995000 -2157128 54512 -246304 0
9 1344420676997500 -2157136 54208 -246920 0
