9 1344420680600000 -2156416 54336 -247896 0
9 1344420680602500 -2157792 53688 -246072 0
9 1344420680605000 -2156368 53024 -246896 0
9 1344420680607500 -2156184 54376 -247640 0
9 1344420680610000 -2156648 53536 -247376 0
9 1344420680612500 -2156032 53376 -246208 0
9 1344420680615000 -2156104 53400 -245112 0
9 1344420680617500 -2157288 54376 -246032 0
9 1344420680620000 -2157240 53680 -246560 0
9 1344420680622500 -2156688 53304 -246912 0
9 1344420680625000 -2158312 54376 -247128 0
9 1344420680627500 -2156632 54344 -247032 0
9 1344420680630000 -2156736 53344 -247800 0
9 1344420680632500 -2156488 53872 -246992 0
9 1344420680635000 -2156896 52864 -247184 0
9 1344420680637500 -2158120 53608 -246264 0
9 1344420680640000 -2156928 54328 -247408 0
9 1344420680642500 -2157384 53576 -247712 0
9 1344420680645000 -2158200 53752 -246024 0
9 1344420680647500 -2156728 54464 -246168 0
9 1344420680650000 -2156496 53576 -246696 0
9 1344420680652500 -2157720 54896 -246384 0
9 1344420680655000 -2156240 54040 -247144 0
9 1344420680657500 -2156224 55152 -246888 0
9 1344420680660000 -2156496 53064 -247400 0
9 1344420680662500 -2156776 53448 -245872 0
9 1344420680665000 -2157048 54024 -248184 0
9 1344420680667500 -2157216 54160 -245512 0
9 1344420680670000 -2157248 54456 -247200 0
9 1344420680672500 -2156984 54608 -248336 0
9 1344420680675000 -2156048 53248 -247816 0
9 1344420680677500 -2155984 53584 -247224 0
9 1344420680680000 -2157352 54464 -247256 0
9 1344420680682500 -2156384 53472 -247528 0
9 1344420680685000 -2157320 52792 -246232 0
9 1344420680687500 -2157496 53896 -247512 0
9 1344420680690000 -2156248 53184 -247080 0
9 1344420680692500 -2155560 52720 -246912 0
9 1344420680695000 -2157056 52936 -246856 0
9 1344420680697500 -2157352 52376 -246064 0
