9 1344420706500000 -2157736 54312 -246600 0
9 1344420706502500 -2156704 55352 -245192 0
9 1344420706505000 -2157216 55792 -246576 0
9 1344420706507500 -2156168 54168 -246952 0
9 1344420706510000 -2156224 54944 -246440 0
9 1344420706512500 -2156760 55824 -246304 0
9 1344420706515000 -2156680 55120 -246848 0
9 1344420706517500 -2156648 54824 -245720 0
9 1344420706520000 -2156544 53768 -246336 0
9 1344420706522500 -2158184 54864 -246072 0
9 1344420706525000 -2156280 54160 -245200 0
9 1344420706527500 -2156944 55120 -246280 0
9 1344420706530000 -2156928 55464 -246040 0
9 1344420706532500 -2157320 54296 -246848 0
9 1344420706535000 -2156400 54848 -245256 0
9 1344420706537500 -2156864 55064 -246584 0
9 1344420706540000 -2156432 54904 -246392 0
9 1344420706542500 -2156576 55224 -246376 0
9 1344420706545000 -2156648 52888 -247472 0
9 1344420706547500 -2157568 54288 -247048 0
9 1344420706550000 -2157240 53432 -246624 0
9 1344420706552500 -2156560 54296 -246520 0
9 1344420706555000 -2157968 54592 -246824 0
9 1344420706557500 -2156808 54152 -246840 0
9 1344420706560000 -2156656 54496 -246048 0
9 1344420706562500 -2156608 55128 -245848 0
9 1344420706565000 -2156632 55152 -245744 0
9 1344420706567500 -2155976 53624 -246384 0
9 1344420706570000 -2156360 55544 -246624 0
9 1344420706572500 -2155360 54288 -246216 0
9 1344420706575000 -2156904 54976 -245920 0
9 1344420706577500 -2156768 54728 -246424 0
9 1344420706580000 -2157024 55112 -246736 0
9 1344420706582500 -2157360 54048 -246344 0
9 1344420706585000 -2157848 53560 -246480 0
9 1344420706587500 -2155248 54400 -247608 0
9 1344420706590000 -2157560 54928 -246704 0
9 1344420706592500 -2155840 55088 -245912 0
9 1344420706595000 -2155992 53872 -246568 0
9 1344420706597500 -2156224 55728 -245512 0
