9 1344420714600000 -2157176 54120 -246584 0
9 1344420714602500 -2157544 54944 -248256 0
9 1344420714605000 -2156696 54448 -246128 0
9 1344420714607500 -2156784 54056 -246280 0
9 1344420714610000 -2157152 54048 -246400 0
9 1344420714612500 -2156344 54968 -245608 0
9 1344420714615000 -2156336 53232 -246944 0
9 1344420714617500 -2156680 54064 -246864 0
9 1344420714620000 -2155904 53840 -246504 0
9 1344420714622500 -2157480 54488 -245128 0
9 1344420714625000 -2156600 54824 -246632 0
9 1344420714627500 -2157104 54432 -246040 0
9 1344420714630000 -2156040 53872 -246752 0
9 1344420714632500 -2157160 52632 -246192 0
9 1344420714635000 -2156912 54000 -246096 0
9 1344420714637500 -2154976 53656 -245632 0
9 1344420714640000 -2156800 53840 -246600 0
9 1344420714642500 -2156968 55136 -247624 0
9 1344420714645000 -2155544 55096 -245928 0
9 1344420714647500 -2156576 54360 -247208 0
9 1344420714650000 -2157720 53320 -247072 0
9 1344420714652500 -2157536 54000 -246144 0
9 1344420714655000 -2157800 54336 -246968 0
9 1344420714657500 -2156360 53344 -247048 0
9 1344420714660000 -2158064 55496 -247056 0
9 1344420714662500 -2156768 54328 -246008 0
9 1344420714665000 -2157272 54360 -245800 0
9 1344420714667500 -2158200 54048 -247640 0
9 1344420714670000 -2157600 55848 -246024 0
9 1344420714672500 -2157208 54368 -246344 0
9 1344420714675000 -2156360 54400 -246040 0
9 1344420714677500 -2156952 54144 -246840 0
9 1344420714680000 -2155904 54136 -247440 0
9 1344420714682500 -2156072 55008 -246200 0
9 1344420714685000 -2156680 54080 -247168 0
9 1344420714687500 -2157152 55560 -247200 0
9 1344420714690000 -2156848 54624 -246568 0
9 1344420714692500 -2156640 54008 -245720 0
9 1344420714695000 -2156960 55552 -247248 0
9 1344420714697500 -2157296 54560 -246440 0
