9 1344420717900000 -2155864 54304 -247120 0
9 1344420717902500 -2156760 54384 -246112 0
9 1344420717905000 -2157056 54680 -246024 0
9 1344420717907500 -2156680 53496 -247008 0
9 1344420717910000 -2157920 53800 -246824 0
9 1344420717912500 -2157040 53640 -247008 0
9 1344420717915000 -2156520 53976 -246968 0
9 1344420717917500 -2156304 53440 -245176 0
9 1344420717920000 -2156424 54136 -246728 0
9 1344420717922500 -2157320 53608 -246432 0
9 1344420717925000 -2156584 53408 -245216 0
9 1344420717927500 -2156112 54016 -247624 0
9 1344420717930000 -2157704 53496 -247576 0
9 1344420717932500 -2157320 52480 -247336 0
9 1344420717935000 -2155576 53936 -247160 0
9 1344420717937500 -2156328 53720 -247032 0
9 1344420717940000 -2157568 53688 -247448 0
9 1344420717942500 -2156488 53096 -246200 0
9 1344420717945000 -2156960 53432 -246944 0
9 1344420717947500 -2156984 54176 -247080 0
9 1344420717950000 -2157256 53384 -247400 0
9 1344420717952500 -2158304 53512 -246176 0
9 1344420717955000 -2156800 53464 -246872 0
9 1344420717957500 -2157432 53424 -247408 0
9 1344420717960000 -2157336 54728 -246112 0
9 1344420717962500 -2156744 53472 -247224 0
9 1344420717965000 -2157032 53704 -246800 0
9 1344420717967500 -2157472 54144 -246424 0
9 1344420717970000 -2156640 53944 -247472 0
9 1344420717972500 -2156584 53016 -246816 0
9 1344420717975000 -2156272 54024 -246088 0
9 1344420717977500 -2156280 52488 -246840 0
9 1344420717980000 -2155672 53256 -247176 0
9 1344420717982500 -2156136 54448 -246376 0
9 1344420717985000 -2156688 55864 -245128 0
9 1344420717987500 -2156024 53776 -246560 0
9 1344420717990000 -2156312 55072 -246656 0
9 1344420717992500 -2156984 54360 -246992 0
9 1344420717995000 -2156376 55352 -246352 0
9 1344420717997500 -2156112 54248 -245696 0
