9 1344420688900000 -2156872 54488 -247584 0
9 1344420688902500 -2157112 54536 -246112 0
9 1344420688905000 -2157408 54208 -247024 0
9 1344420688907500 -2157216 55072 -247056 0
9 1344420688910000 -2157832 54248 -247424 0
9 1344420688912500 -2157584 55032 -247984 0
9 1344420688915000 -2156808 54480 -246472 0
9 1344420688917500 -2157536 54472 -247376 0
9 1344420688920000 -2158696 54192 -246888 0
9 1344420688922500 -2156312 54936 -246696 0
9 1344420688925000 -2156696 53720 -245864 0
9 1344420688927500 -2155520 54424 -245216 0
9 1344420688930000 -2157496 54488 -246024 0
9 1344420688932500 -2155840 55280 -246816 0
9 1344420688935000 -2156480 53792 -246208 0
9 1344420688937500 -2155752 53976 -245576 0
9 1344420688940000 -2156120 53840 -246600 0
9 1344420688942500 -2157176 54080 -245512 0
9 1344420688945000 -2157056 54912 -247656 0
9 1344420688947500 -2157248 53840 -247056 0
9 1344420688950000 -2156496 54376 -246832 0
9 1344420688952500 -2157288 54584 -246312 0
9 1344420688955000 -2156552 53648 -246400 0
9 1344420688957500 -2156856 52880 -246776 0
9 1344420688960000 -2157176 53016 -247320 0
9 1344420688962500 -2156400 54592 -246376 0
9 1344420688965000 -2156400 54768 -247080 0
9 1344420688967500 -2157928 54456 -246416 0
9 1344420688970000 -2158096 52920 -246456 0
9 1344420688972500 -2157096 52704 -246288 0
9 1344420688975000 -2157680 53224 -247016 0
9 1344420688977500 -2156960 54072 -245840 0
9 1344420688980000 -2158352 54840 -244968 0
9 1344420688982500 -2157288 54968 -245592 0
9 1344420688985000 -2158864 54080 -245760 0
9 1344420688987500 -2158248 53800 -246888 0
9 1344420688990000 -2157656 54920 -247560 0
9 1344420688992500 -2157768 54032 -247592 0
9 1344420688995000 -2158600 53384 -246152 0
9 1344420688997500 -2156752 54440 -246760 0
