9 1344420692900000 -2154248 54584 -246272 0
9 1344420692902500 -2157392 53400 -246784 0
9 1344420692905000 -2153688 54520 -246280 0
9 1344420692907500 -2154920 56168 -246768 0
9 1344420692910000 -2158872 56160 -247384 0
9 1344420692912500 -2160264 54056 -246912 0
9 1344420692915000 -2157392 51288 -244456 0
9 1344420692917500 -2156024 55280 -247144 0
9 1344420692920000 -2155744 54424 -248136 0
9 1344420692922500 -2159392 54352 -246216 0
9 1344420692925000 -2159248 54256 -247216 0
9 1344420692927500 -2152088 53544 -247016 0
9 1344420692930000 -2159024 56960 -247320 0
9 1344420692932500 -2157640 52480 -245096 0
9 1344420692935000 -2160000 56848 -246240 0
9 1344420692937500 -2157688 54176 -246680 0
9 1344420692940000 -2159456 53488 -246592 0
9 1344420692942500 -2156312 52096 -247712 0
9 1344420692945000 -2155640 55384 -246712 0
9 1344420692947500 -2158768 53504 -247840 0
9 1344420692950000 -2158064 53880 -244224 0
9 1344420692952500 -2158448 53896 -246912 0
9 1344420692955000 -2152936 53488 -247576 0
9 1344420692957500 -2161176 56272 -247024 0
9 1344420692960000 -2159832 52008 -243360 0
9 1344420692962500 -2158656 53928 -248032 0
9 1344420692965000 -2155264 55904 -246208 0
9 1344420692967500 -2158576 54552 -246032 0
9 1344420692970000 -2155152 52560 -244760 0
9 1344420692972500 -2157848 55944 -248576 0
9 1344420692975000 -2150536 54536 -247112 0
9 1344420692977500 -2160000 55744 -247752 0
9 1344420692980000 -2156456 54600 -244328 0
9 1344420692982500 -2160208 55552 -248456 0
9 1344420692985000 -2153336 53352 -248088 0
9 1344420692987500 -2160456 54504 -245176 0
9 1344420692990000 -2153136 54632 -245328 0
9 1344420692992500 -2157928 55928 -247912 0
9 1344420692995000 -2152408 54592 -247896 0
9 1344420692997500 -2162712 56352 -246816 0
