9 1344420710800000 -2156872 54440 -246464 0
9 1344420710802500 -2155656 54848 -247128 0
9 1344420710805000 -2157848 54240 -246856 0
9 1344420710807500 -2156488 53944 -246352 0
9 1344420710810000 -2157320 53504 -246240 0
9 1344420710812500 -2156376 53936 -246416 0
9 1344420710815000 -2157232 53816 -245760 0
9 1344420710817500 -2157360 53864 -245904 0
9 1344420710820000 -2156688 53712 -246768 0
9 1344420710822500 -2155112 53976 -246024 0
9 1344420710825000 -2156832 53416 -246488 0
9 1344420710827500 -2156776 53584 -245416 0
9 1344420710830000 -2155864 53376 -246544 0
9 1344420710832500 -2157952 53360 -247200 0
9 1344420710835000 -2157808 53712 -247104 0
9 1344420710837500 -2157456 54288 -245792 0
9 1344420710840000 -2156944 54368 -246968 0
9 1344420710842500 -2156952 53216 -246160 0
9 1344420710845000 -2157208 54104 -246600 0
9 1344420710847500 -2158472 54088 -246912 0
9 1344420710850000 -2155768 53992 -246640 0
9 1344420710852500 -2157336 54328 -246904 0
9 1344420710855000 -2157040 53912 -246168 0
9 1344420710857500 -2157240 53624 -245576 0
9 1344420710860000 -2156736 53288 -247216 0
9 1344420710862500 -2157232 53040 -246952 0
9 1344420710865000 -2157352 53352 -246512 0
9 1344420710867500 -2157624 52656 -246592 0
9 1344420710870000 -2157512 53896 -246576 0
9 1344420710872500 -2156488 53000 -246960 0
9 1344420710875000 -2155712 53216 -245704 0
9 1344420710877500 -2157280 54344 -246824 0
9 1344420710880000 -2156952 55048 -246440 0
9 1344420710882500 -2156296 53928 -246704 0
9 1344420710885000 -2157056 53712 -246608 0
9 1344420710887500 -2157160 53672 -247064 0
9 1344420710890000 -2157704 55024 -246696 0
9 1344420710892500 -2157224 54760 -247088 0
9 1344420710895000 -2157328 53680 -246128 0
9 1344420710897500 -2156600 52888 -246968 0
