9 1344420716800000 -2157080 53568 -245872 0
9 1344420716802500 -2155848 53616 -246152 0
9 1344420716805000 -2158456 54520 -246760 0
9 1344420716807500 -2156872 54464 -246112 0
9 1344420716810000 -2158256 53928 -246544 0
9 1344420716812500 -2154992 53408 -246648 0
9 1344420716815000 -2157408 54400 -246808 0
9 1344420716817500 -2156312 54424 -246664 0
9 1344420716820000 -2156144 54592 -246352 0
9 1344420716822500 -2156152 53840 -246560 0
9 1344420716825000 -2157392 55168 -246016 0
9 1344420716827500 -2155384 53056 -246880 0
9 1344420716830000 -2156960 53872 -246328 0
9 1344420716832500 -2157096 53392 -246312 0
9 1344420716835000 -2156040 54032 -246392 0
9 1344420716837500 -2156504 54320 -246200 0
9 1344420716840000 -2156728 53888 -246696 0
9 1344420716842500 -2156168 53760 -245688 0
9 1344420716845000 -2156992 54120 -245736 0
9 1344420716847500 -2157456 54176 -246632 0
9 1344420716850000 -2157680 54280 -245288 0
9 1344420716852500 -2156296 55096 -246736 0
9 1344420716855000 -2156064 54088 -247080 0
9 1344420716857500 -2156192 54144 -246408 0
9 1344420716860000 -2156176 53816 -246336 0
9 1344420716862500 -2157264 54152 -246648 0
9 1344420716865000 -2156712 53984 -246952 0
9 1344420716867500 -2157192 53872 -245800 0
9 1344420716870000 -2155648 53576 -246088 0
9 1344420716872500 -2158184 54592 -245120 0
9 1344420716875000 -2156136 54176 -246872 0
9 1344420716877500 -2157336 54392 -246168 0
9 1344420716880000 -2155728 54920 -246736 0
9 1344420716882500 -2156648 54752 -246248 0
9 1344420716885000 -2156400 54664 -246288 0
9 1344420716887500 -2156640 53608 -245184 0
9 1344420716890000 -2156072 53520 -246704 0
9 1344420716892500 -2157576 54624 -246464 0
9 1344420716895000 -2157632 54816 -246264 0
9 1344420716897500 -2157160 54008 -247104 0
