9 1344420680200000 -2156008 54112 -246232 0
9 1344420680202500 -2155952 53240 -246672 0
9 1344420680205000 -2157400 53872 -247936 0
9 1344420680207500 -2156896 53040 -246656 0
9 1344420680210000 -2156952 53400 -246976 0
9 1344420680212500 -2157184 53832 -248080 0
9 1344420680215000 -2156360 54208 -246664 0
9 1344420680217500 -2157256 52160 -246272 0
9 1344420680220000 -2156976 53864 -245992 0
9 1344420680222500 -2157128 52760 -246728 0
9 1344420680225000 -2157280 52208 -246536 0
9 1344420680227500 -2155488 54312 -247208 0
9 1344420680230000 -2157752 53408 -247304 0
9 1344420680232500 -2156928 54320 -248032 0
9 1344420680235000 -2156424 52312 -247544 0
9 1344420680237500 -2156104 52936 -246640 0
9 1344420680240000 -2156568 53848 -247616 0
9 1344420680242500 -2156136 53344 -246304 0
9 1344420680245000 -2155880 53608 -247064 0
9 1344420680247500 -2156264 53112 -247672 0
9 1344420680250000 -2157264 52888 -247896 0
9 1344420680252500 -2156600 53008 -247080 0
9 1344420680255000 -2156272 52864 -247960 0
9 1344420680257500 -2156880 52680 -245512 0
9 1344420680260000 -2157232 53472 -247192 0
9 1344420680262500 -2156824 53072 -246840 0
9 1344420680265000 -2156040 53864 -247272 0
9 1344420680267500 -2157128 53016 -246720 0
9 1344420680270000 -2157464 54296 -247128 0
9 1344420680272500 -2157000 53248 -246744 0
9 1344420680275000 -2156360 54224 -247312 0
9 1344420680277500 -2157464 53944 -246512 0
9 1344420680280000 -2155976 53456 -246752 0
9 1344420680282500 -2156808 52616 -246928 0
9 1344420680285000 -2157904 52848 -247568 0
9 1344420680287500 -2157624 52768 -246912 0
9 1344420680290000 -2157656 54296 -246672 0
9 1344420680292500 -2157784 54240 -247488 0
9 1344420680295000 -2158064 52608 -247328 0
9 1344420680297500 -2158408 53448 -246552 0
