9 1344420672600000 -2157112 53504 -247672 0
9 1344420672602500 -2156680 52920 -245696 0
9 1344420672605000 -2157288 54304 -246400 0
9 1344420672607500 -2157296 54032 -245952 0
9 1344420672610000 -2157672 54112 -247608 0
9 1344420672612500 -2156704 54376 -246528 0
9 1344420672615000 -2157656 53144 -246112 0
9 1344420672617500 -2156440 52144 -246632 0
9 1344420672620000 -2156824 54008 -248008 0
9 1344420672622500 -2157616 53672 -246568 0
9 1344420672625000 -2156776 54144 -247432 0
9 1344420672627500 -2156944 54224 -247072 0
9 1344420672630000 -2157688 53160 -246880 0
9 1344420672632500 -2158056 54264 -246688 0
9 1344420672635000 -2158168 53760 -246264 0
9 1344420672637500 -2157376 54088 -247520 0
9 1344420672640000 -2155496 53904 -247344 0
9 1344420672642500 -2157568 53888 -247024 0
9 1344420672645000 -2156960 53456 -247288 0
9 1344420672647500 -2155200 54936 -246904 0
9 1344420672650000 -2157320 54112 -245904 0
9 1344420672652500 -2156152 55464 -246128 0
9 1344420672655000 -2157112 54856 -246152 0
9 1344420672657500 -2156616 52728 -246480 0
9 1344420672660000 -2156208 53200 -246688 0
9 1344420672662500 -2156848 53928 -246288 0
9 1344420672665000 -2156808 53752 -246200 0
9 1344420672667500 -2157048 53816 -246944 0
9 1344420672670000 -2156952 54520 -246616 0
9 1344420672672500 -2155616 53880 -246872 0
9 1344420672675000 -2156360 53312 -246744 0
9 1344420672677500 -2156496 54416 -245744 0
9 1344420672680000 -2157440 53920 -246728 0
9 1344420672682500 -2156936 54080 -247152 0
9 1344420672685000 -2157872 55144 -246608 0
9 1344420672687500 -2158168 54864 -245944 0
9 1344420672690000 -2155984 54464 -246320 0
9 1344420672692500 -2156664 55072 -246104 0
9 1344420672695000 -2157536 54688 -246208 0
9 1344420672697500 -2157632 54056 -246616 0
