9 1344420670900000 -2158488 54168 -246560 0
9 1344420670902500 -2156736 54304 -246984 0
9 1344420670905000 -2156912 52776 -246704 0
9 1344420670907500 -2157536 54304 -246616 0
9 1344420670910000 -2157280 54040 -246520 0
9 1344420670912500 -2157256 53248 -246856 0
9 1344420670915000 -2157064 53688 -246136 0
9 1344420670917500 -2158144 53656 -247640 0
9 1344420670920000 -2156728 54960 -246696 0
9 1344420670922500 -2156264 53952 -246480 0
9 1344420670925000 -2156200 54128 -246696 0
9 1344420670927500 -2157280 54640 -246840 0
9 1344420670930000 -2157968 54528 -247336 0
9 1344420670932500 -2156960 54416 -246792 0
9 1344420670935000 -2156552 54080 -247056 0
9 1344420670937500 -2156344 53968 -247288 0
9 1344420670940000 -2156904 54904 -246936 0
9 1344420670942500 -2158128 55664 -246792 0
9 1344420670945000 -2156680 55000 -246440 0
9 1344420670947500 -2156816 55216 -245584 0
9 1344420670950000 -2157104 53880 -247264 0
9 1344420670952500 -2157392 54448 -246008 0
9 1344420670955000 -2157208 54880 -246584 0
9 1344420670957500 -2157000 53984 -246864 0
9 1344420670960000 -2157136 54584 -247464 0
9 1344420670962500 -2157016 53816 -247072 0
9 1344420670965000 -2157448 53800 -247552 0
9 1344420670967500 -2156520 53792 -246440 0
9 1344420670970000 -2158064 54224 -246328 0
9 1344420670972500 -2157088 55456 -246496 0
9 1344420670975000 -2157784 54376 -244920 0
9 1344420670977500 -2156800 55736 -246200 0
9 1344420670980000 -2156936 55504 -245504 0
9 1344420670982500 -2157448 54856 -246368 0
9 1344420670985000 -2156984 55616 -246664 0
9 1344420670987500 -2155584 54488 -247232 0
9 1344420670990000 -2156496 54472 -247136 0
9 1344420670992500 -2158184 54272 -246536 0
9 1344420670995000 -2156968 54424 -247160 0
9 1344420670997500 -2157872 54824 -246848 0
