9 1344420680100000 -2157080 53648 -246768 0
9 1344420680102500 -2157448 54808 -245576 0
9 1344420680105000 -2158928 54088 -246160 0
9 1344420680107500 -2157856 53856 -246064 0
9 1344420680110000 -2156928 53856 -245704 0
9 1344420680112500 -2156968 52808 -247280 0
9 1344420680115000 -2158120 53000 -246128 0
9 1344420680117500 -2156936 53480 -247136 0
9 1344420680120000 -2156208 52984 -246328 0
9 1344420680122500 -2157184 52672 -247528 0
9 1344420680125000 -2156856 54440 -246880 0
9 1344420680127500 -2156704 54224 -246616 0
9 1344420680130000 -2155856 53312 -246912 0
9 1344420680132500 -2156104 54048 -246408 0
9 1344420680135000 -2156152 53464 -246536 0
9 1344420680137500 -2155928 52592 -245768 0
9 1344420680140000 -2155680 53672 -246384 0
9 1344420680142500 -2156800 53784 -246824 0
9 1344420680145000 -2157944 53312 -246672 0
9 1344420680147500 -2156288 54224 -246936 0
9 1344420680150000 -2156984 53504 -247648 0
9 1344420680152500 -2156232 53392 -246520 0
9 1344420680155000 -2156096 53632 -245568 0
9 1344420680157500 -2156792 53832 -246944 0
9 1344420680160000 -2156216 53208 -247176 0
9 1344420680162500 -2156728 53040 -245336 0
9 1344420680165000 -2156128 53136 -247504 0
9 1344420680167500 -2157048 52384 -246984 0
9 1344420680170000 -2156496 52696 -247320 0
9 1344420680172500 -2157272 52440 -246968 0
9 1344420680175000 -2156592 52520 -246568 0
9 1344420680177500 -2157104 54360 -246696 0
9 1344420680180000 -2156896 53520 -247240 0
9 1344420680182500 -2157088 52792 -246352 0
9 1344420680185000 -2156232 52488 -246360 0
9 1344420680187500 -2156896 54424 -247440 0
9 1344420680190000 -2155832 53776 -246864 0
9 1344420680192500 -2156792 53256 -246000 0
9 1344420680195000 -2155480 53984 -246320 0
9 1344420680197500 -2156872 53024 -248080 0
