9 1344420684800000 -2157728 54352 -247424 0
9 1344420684802500 -2157344 52440 -245344 0
9 1344420684805000 -2156744 52792 -246528 0
9 1344420684807500 -2156984 53344 -248400 0
9 1344420684810000 -2158296 54168 -247024 0
9 1344420684812500 -2156472 54032 -246904 0
9 1344420684815000 -2157480 54096 -246904 0
9 1344420684817500 -2155712 55192 -245872 0
9 1344420684820000 -2157728 54296 -246472 0
9 1344420684822500 -2156752 54168 -246888 0
9 1344420684825000 -2155896 53592 -247200 0
9 1344420684827500 -2156672 54840 -246776 0
9 1344420684830000 -2156544 54312 -247200 0
9 1344420684832500 -2157808 53936 -246312 0
9 1344420684835000 -2156952 54656 -246352 0
9 1344420684837500 -2157232 54488 -246768 0
9 1344420684840000 -2156840 55432 -247240 0
9 1344420684842500 -2157312 53696 -246000 0
9 1344420684845000 -2156280 54568 -246240 0
9 1344420684847500 -2157152 54232 -246464 0
9 1344420684850000 -2157808 53824 -247032 0
9 1344420684852500 -2156544 54872 -246328 0
9 1344420684855000 -2156496 54448 -246840 0
9 1344420684857500 -2157360 53464 -247544 0
9 1344420684860000 -2158344 53160 -246632 0
9 1344420684862500 -2156944 53576 -247072 0
9 1344420684865000 -2157184 53408 -247280 0
9 1344420684867500 -2157736 53320 -246664 0
9 1344420684870000 -2158088 54016 -246136 0
9 1344420684872500 -2158288 53216 -245376 0
9 1344420684875000 -2157168 54560 -247104 0
9 1344420684877500 -2157600 53200 -246680 0
9 1344420684880000 -2157784 54016 -246728 0
9 1344420684882500 -2156808 54256 -245432 0
9 1344420684885000 -2156824 52520 -246392 0
9 1344420684887500 -2156928 53944 -246120 0
9 1344420684890000 -2156664 54008 -246464 0
9 1344420684892500 -2156488 54696 -247608 0
9 1344420684895000 -2156816 54392 -246536 0
9 1344420684897500 -2157776 54064 -245800 0
