9 1344420708500000 -2157208 54768 -246408 0
9 1344420708502500 -2157064 54848 -246752 0
9 1344420708505000 -2157312 54544 -246680 0
9 1344420708507500 -2156912 54432 -245976 0
9 1344420708510000 -2158016 54776 -246496 0
9 1344420708512500 -2158520 53056 -247272 0
9 1344420708515000 -2156608 54184 -246304 0
9 1344420708517500 -2157376 53184 -246888 0
9 1344420708520000 -2156904 54352 -246496 0
9 1344420708522500 -2157616 53704 -247448 0
9 1344420708525000 -2157424 55048 -247328 0
9 1344420708527500 -2157904 55176 -247560 0
9 1344420708530000 -2156928 54248 -248136 0
9 1344420708532500 -2157416 53752 -247040 0
9 1344420708535000 -2156312 54512 -247232 0
9 1344420708537500 -2157184 54368 -246632 0
9 1344420708540000 -2156008 53176 -247656 0
9 1344420708542500 -2158232 53688 -245992 0
9 1344420708545000 -2155840 55152 -246136 0
9 1344420708547500 -2157528 55064 -246824 0
9 1344420708550000 -2157496 53720 -246720 0
9 1344420708552500 -2157248 54168 -246440 0
9 1344420708555000 -2156920 53992 -246936 0
9 1344420708557500 -2157728 55176 -245720 0
9 1344420708560000 -2156792 53728 -247240 0
9 1344420708562500 -2157336 54736 -246528 0
9 1344420708565000 -2156816 54304 -246240 0
9 1344420708567500 -2158168 55464 -246216 0
9 1344420708570000 -2157128 53320 -246800 0
9 1344420708572500 -2157032 53520 -246544 0
9 1344420708575000 -2156320 52680 -246104 0
9 1344420708577500 -2157184 54312 -246024 0
9 1344420708580000 -2155304 55328 -246616 0
9 1344420708582500 -2156624 53816 -246136 0
9 1344420708585000 -2156536 52616 -247864 0
9 1344420708587500 -2156600 54808 -246568 0
9 1344420708590000 -2156920 54248 -246808 0
9 1344420708592500 -2155152 54984 -247272 0
9 1344420708595000 -2156360 53088 -248192 0
9 1344420708597500 -2156672 53744 -246936 0
