9 1344420714300000 -2157784 53216 -246680 0
9 1344420714302500 -2156752 55056 -246680 0
9 1344420714305000 -2156384 54088 -246832 0
9 1344420714307500 -2157784 54728 -246296 0
9 1344420714310000 -2156120 54016 -246768 0
9 1344420714312500 -2157432 53952 -246680 0
9 1344420714315000 -2157992 54064 -247288 0
9 1344420714317500 -2156368 54256 -247496 0
9 1344420714320000 -2155960 54200 -246360 0
9 1344420714322500 -2158120 53008 -246136 0
9 1344420714325000 -2155768 54680 -247688 0
9 1344420714327500 -2156448 53920 -246648 0
9 1344420714330000 -2157496 54296 -246800 0
9 1344420714332500 -2156168 54576 -246736 0
9 1344420714335000 -2156192 54144 -246560 0
9 1344420714337500 -2157344 53360 -247256 0
9 1344420714340000 -2157592 54496 -247280 0
9 1344420714342500 -2156256 55912 -247024 0
9 1344420714345000 -2157744 54536 -246672 0
9 1344420714347500 -2156024 53792 -246952 0
9 1344420714350000 -2157600 54600 -246976 0
9 1344420714352500 -2157048 53480 -247592 0
9 1344420714355000 -2157480 53752 -246880 0
9 1344420714357500 -2156984 54368 -246184 0
9 1344420714360000 -2157104 55160 -246472 0
9 1344420714362500 -2156584 55376 -246344 0
9 1344420714365000 -2157424 54592 -246080 0
9 1344420714367500 -2156464 54576 -246672 0
9 1344420714370000 -2157216 54288 -246384 0
9 1344420714372500 -2157232 53648 -245960 0
9 1344420714375000 -2156896 54400 -247424 0
9 1344420714377500 -2157608 53784 -246432 0
9 1344420714380000 -2157776 54048 -246496 0
9 1344420714382500 -2157288 53960 -248328 0
9 1344420714385000 -2157032 54256 -245848 0
9 1344420714387500 -2157640 54872 -246664 0
9 1344420714390000 -2157096 53872 -247664 0
9 1344420714392500 -2157792 54952 -246384 0
9 1344420714395000 -2157744 53872 -246888 0
9 1344420714397500 -2157176 54904 -246976 0
