9 1344420697700000 -2157448 54088 -247024 0
9 1344420697702500 -2158632 53728 -245664 0
9 1344420697705000 -2157680 55008 -247640 0
9 1344420697707500 -2158664 53704 -247392 0
9 1344420697710000 -2155464 53104 -246704 0
9 1344420697712500 -2158056 54352 -247688 0
9 1344420697715000 -2156656 54304 -247248 0
9 1344420697717500 -2158208 53912 -247512 0
9 1344420697720000 -2155464 54784 -246856 0
9 1344420697722500 -2158976 54624 -247064 0
9 1344420697725000 -2154000 53072 -246712 0
9 1344420697727500 -2157928 54696 -246944 0
9 1344420697730000 -2155944 54848 -245776 0
9 1344420697732500 -2156848 55232 -246464 0
9 1344420697735000 -2156816 56192 -247224 0
9 1344420697737500 -2158952 53512 -247680 0
9 1344420697740000 -2154016 54488 -245312 0
9 1344420697742500 -2162144 55384 -248168 0
9 1344420697745000 -2153640 51872 -245944 0
9 1344420697747500 -2162144 55328 -248272 0
9 1344420697750000 -2152056 52088 -246784 0
9 1344420697752500 -2161832 56160 -245888 0
9 1344420697755000 -2155848 51672 -247344 0
9 1344420697757500 -2157048 55760 -245600 0
9 1344420697760000 -2156648 52976 -247064 0
9 1344420697762500 -2157024 54240 -245088 0
9 1344420697765000 -2156304 53936 -247208 0
9 1344420697767500 -2158120 54880 -246896 0
9 1344420697770000 -2153544 52224 -246504 0
9 1344420697772500 -2158720 54872 -245856 0
9 1344420697775000 -2155192 51496 -247272 0
9 1344420697777500 -2157096 54736 -245200 0
9 1344420697780000 -2158640 53184 -248216 0
9 1344420697782500 -2156512 53400 -244248 0
9 1344420697785000 -2161024 54168 -247840 0
9 1344420697787500 -2152408 53728 -245080 0
9 1344420697790000 -2160576 54224 -247840 0
9 1344420697792500 -2153944 52368 -245040 0
9 1344420697795000 -2160272 55160 -246264 0
9 1344420697797500 -2154024 53352 -247240 0
