9 1344420681000000 -2157368 53176 -247208 0
9 1344420681002500 -2159200 53944 -246712 0
9 1344420681005000 -2157272 54016 -246784 0
9 1344420681007500 -2156280 54600 -245640 0
9 1344420681010000 -2156920 53312 -246224 0
9 1344420681012500 -2157512 54416 -247664 0
9 1344420681015000 -2158904 52808 -247728 0
9 1344420681017500 -2157120 54152 -246416 0
9 1344420681020000 -2157800 54264 -246192 0
9 1344420681022500 -2155336 53272 -246408 0
9 1344420681025000 -2156840 53344 -247272 0
9 1344420681027500 -2157088 54120 -248200 0
9 1344420681030000 -2156800 54440 -248176 0
9 1344420681032500 -2157064 53392 -247024 0
9 1344420681035000 -2156256 54376 -248160 0
9 1344420681037500 -2157408 54096 -246088 0
9 1344420681040000 -2157920 54408 -246496 0
9 1344420681042500 -2156936 53048 -247584 0
9 1344420681045000 -2157040 54352 -247848 0
9 1344420681047500 -2157368 54808 -246784 0
9 1344420681050000 -2156832 53592 -246360 0
9 1344420681052500 -2157832 54224 -246776 0
9 1344420681055000 -2158552 52992 -246488 0
9 1344420681057500 -2157240 53656 -247048 0
9 1344420681060000 -2157760 53568 -247232 0
9 1344420681062500 -2155368 54144 -246944 0
9 1344420681065000 -2156048 54288 -246672 0
9 1344420681067500 -2155776 54720 -246488 0
9 1344420681070000 -2156816 54064 -247760 0
9 1344420681072500 -2157424 53368 -246888 0
9 1344420681075000 -2157352 52736 -248336 0
9 1344420681077500 -2157184 53304 -246448 0
9 1344420681080000 -2157472 53192 -247848 0
9 1344420681082500 -2156864 52624 -246648 0
9 1344420681085000 -2156864 53544 -246976 0
9 1344420681087500 -2156680 52992 -246840 0
9 1344420681090000 -2158776 53184 -246584 0
9 1344420681092500 -2155584 52912 -246856 0
9 1344420681095000 -2156384 53736 -247432 0
9 1344420681097500 -2158648 53208 -247240 0
