9 1344420694000000 -2156576 53336 -247632 0
9 1344420694002500 -2157872 54960 -247448 0
9 1344420694005000 -2156368 54384 -247760 0
9 1344420694007500 -2156992 54144 -246992 0
9 1344420694010000 -2156984 54248 -244904 0
9 1344420694012500 -2157304 53280 -245752 0
9 1344420694015000 -2156720 53992 -248168 0
9 1344420694017500 -2156256 54696 -246392 0
9 1344420694020000 -2156216 52848 -245256 0
9 1344420694022500 -2154512 53608 -247088 0
9 1344420694025000 -2155456 54464 -246848 0
9 1344420694027500 -2155176 54312 -247216 0
9 1344420694030000 -2157840 54320 -247680 0
9 1344420694032500 -2156856 53008 -247792 0
9 1344420694035000 -2156304 53784 -247024 0
9 1344420694037500 -2156160 52728 -245912 0
9 1344420694040000 -2158280 53576 -247160 0
9 1344420694042500 -2155280 52880 -246688 0
9 1344420694045000 -2158184 55248 -247352 0
9 1344420694047500 -2156856 54888 -247208 0
9 1344420694050000 -2158320 54936 -246440 0
9 1344420694052500 -2156440 54800 -246160 0
9 1344420694055000 -2159272 54616 -246528 0
9 1344420694057500 -2155912 54336 -246968 0
9 1344420694060000 -2158088 54560 -246472 0
9 1344420694062500 -2155016 54544 -245848 0
9 1344420694065000 -2158864 56288 -247008 0
9 1344420694067500 -2156864 54488 -246592 0
9 1344420694070000 -2158312 54704 -246144 0
9 1344420694072500 -2155568 54208 -246176 0
9 1344420694075000 -2155976 53272 -246584 0
9 1344420694077500 -2156752 53928 -248648 0
9 1344420694080000 -2155976 54136 -246376 0
9 1344420694082500 -2157320 53168 -246640 0
9 1344420694085000 -2156968 53696 -245632 0
9 1344420694087500 -2157520 54880 -246552 0
9 1344420694090000 -2156272 54752 -246928 0
9 1344420694092500 -2157792 54816 -247136 0
9 1344420694095000 -2157624 54240 -245768 0
9 1344420694097500 -2158464 54224 -246000 0
