9 1344420700800000 -2156936 52896 -246736 0
9 1344420700802500 -2157152 54144 -247176 0
9 1344420700805000 -2156408 53912 -247000 0
9 1344420700807500 -2156328 52984 -247536 0
9 1344420700810000 -2157448 53128 -247440 0
9 1344420700812500 -2156192 53288 -246352 0
9 1344420700815000 -2157144 54480 -246000 0
9 1344420700817500 -2156600 53816 -247632 0
9 1344420700820000 -2156600 53128 -247432 0
9 1344420700822500 -2156880 53664 -247360 0
9 1344420700825000 -2156112 53184 -246072 0
9 1344420700827500 -2156816 53872 -246608 0
9 1344420700830000 -2156144 52872 -245680 0
9 1344420700832500 -2156896 53960 -246552 0
9 1344420700835000 -2156216 53200 -246184 0
9 1344420700837500 -2157376 54552 -247088 0
9 1344420700840000 -2156912 53128 -247520 0
9 1344420700842500 -2156792 54312 -246472 0
9 1344420700845000 -2156632 53424 -247176 0
9 1344420700847500 -2157576 53720 -246832 0
9 1344420700850000 -2156688 54192 -246792 0
9 1344420700852500 -2158008 54064 -247672 0
9 1344420700855000 -2155464 53984 -247512 0
9 1344420700857500 -2158104 53040 -246680 0
9 1344420700860000 -2156984 53000 -246848 0
9 1344420700862500 -2157664 53296 -247168 0
9 1344420700865000 -2157216 54488 -246312 0
9 1344420700867500 -2158176 52504 -246440 0
9 1344420700870000 -2156008 53872 -246152 0
9 1344420700872500 -2156072 54272 -247744 0
9 1344420700875000 -2157184 53248 -246448 0
9 1344420700877500 -2156040 53736 -246360 0
9 1344420700880000 -2157136 53416 -246576 0
9 1344420700882500 -2157016 53496 -246208 0
9 1344420700885000 -2158208 53736 -247144 0
9 1344420700887500 -2157024 54744 -247248 0
9 1344420700890000 -2156584 54488 -247176 0
9 1344420700892500 -2156728 53936 -246304 0
9 1344420700895000 -2156672 52832 -247024 0
9 1344420700897500 -2156560 53688 -246736 0
