9 1344420678500000 -2158040 53432 -247048 0
9 1344420678502500 -2156856 52832 -248176 0
9 1344420678505000 -2157784 53312 -246248 0
9 1344420678507500 -2157040 53704 -247456 0
9 1344420678510000 -2156472 54024 -247544 0
9 1344420678512500 -2155592 54080 -246968 0
9 1344420678515000 -2156320 53888 -247976 0
9 1344420678517500 -2157360 52624 -246352 0
9 1344420678520000 -2156432 54424 -245536 0
9 1344420678522500 -2157624 54832 -246688 0
9 1344420678525000 -2155320 53080 -246720 0
9 1344420678527500 -2157704 53848 -246648 0
9 1344420678530000 -2157048 54096 -246192 0
9 1344420678532500 -2156800 55072 -247160 0
9 1344420678535000 -2155592 54680 -246920 0
9 1344420678537500 -2156792 54384 -246856 0
9 1344420678540000 -2158792 54064 -246536 0
9 1344420678542500 -2156992 53888 -246688 0
9 1344420678545000 -2156304 53592 -246776 0
9 1344420678547500 -2156776 54648 -245520 0
9 1344420678550000 -2157160 55088 -246168 0
9 1344420678552500 -2155848 54392 -246416 0
9 1344420678555000 -2155984 54408 -246448 0
9 1344420678557500 -2156848 54424 -246544 0
9 1344420678560000 -2157696 54888 -246016 0
9 1344420678562500 -2156936 53752 -246712 0
9 1344420678565000 -2156664 55456 -246944 0
9 1344420678567500 -2156944 52920 -245480 0
9 1344420678570000 -2156984 53416 -246872 0
9 1344420678572500 -2156952 53832 -246664 0
9 1344420678575000 -2156864 53824 -245968 0
9 1344420678577500 -2157696 53504 -246400 0
9 1344420678580000 -2156744 53424 -247488 0
9 1344420678582500 -2157096 54128 -246816 0
9 1344420678585000 -2158112 55256 -246096 0
9 1344420678587500 -2155016 54472 -245936 0
9 1344420678590000 -2156624 53592 -246688 0
9 1344420678592500 -2156376 55024 -246296 0
9 1344420678595000 -2156488 54040 -245712 0
9 1344420678597500 -2156272 55480 -246360 0
