9 1344420702800000 -2157136 53968 -245832 0
9 1344420702802500 -2156496 55136 -245456 0
9 1344420702805000 -2157672 54584 -244912 0
9 1344420702807500 -2156752 54624 -246128 0
9 1344420702810000 -2157752 53040 -247128 0
9 1344420702812500 -2154792 53496 -246696 0
9 1344420702815000 -2156712 55464 -246256 0
9 1344420702817500 -2156064 53264 -246576 0
9 1344420702820000 -2157304 52352 -245704 0
9 1344420702822500 -2156752 54024 -246384 0
9 1344420702825000 -2156424 53016 -246952 0
9 1344420702827500 -2156256 52768 -246920 0
9 1344420702830000 -2155992 54776 -247192 0
9 1344420702832500 -2156600 53280 -247680 0
9 1344420702835000 -2157312 52784 -247120 0
9 1344420702837500 -2156888 54024 -246176 0
9 1344420702840000 -2156480 53976 -246064 0
9 1344420702842500 -2156288 53656 -247584 0
9 1344420702845000 -2156912 54128 -246496 0
9 1344420702847500 -2157464 53744 -247392 0
9 1344420702850000 -2154968 54904 -247024 0
9 1344420702852500 -2158920 53664 -245984 0
9 1344420702855000 -2157296 53368 -247520 0
9 1344420702857500 -2156344 53760 -246808 0
9 1344420702860000 -2154736 53720 -246088 0
9 1344420702862500 -2155712 54168 -246512 0
9 1344420702865000 -2156688 55296 -246840 0
9 1344420702867500 -2156160 54296 -246968 0
9 1344420702870000 -2156264 52944 -245904 0
9 1344420702872500 -2155792 53192 -246648 0
9 1344420702875000 -2156848 54064 -246728 0
9 1344420702877500 -2156096 53464 -246360 0
9 1344420702880000 -2156328 53368 -246952 0
9 1344420702882500 -2156976 53840 -245376 0
9 1344420702885000 -2157112 53632 -247144 0
9 1344420702887500 -2156088 54648 -246488 0
9 1344420702890000 -2157216 52864 -247376 0
9 1344420702892500 -2156648 53944 -246048 0
9 1344420702895000 -2155816 54024 -246480 0
9 1344420702897500 -2157200 53872 -247448 0
