9 1344420674400000 -2158264 54176 -247280 0
9 1344420674402500 -2157904 53672 -246952 0
9 1344420674405000 -2156560 55088 -246264 0
9 1344420674407500 -2157464 55776 -246688 0
9 1344420674410000 -2156968 54488 -246376 0
9 1344420674412500 -2157984 54392 -245856 0
9 1344420674415000 -2158096 54424 -246944 0
9 1344420674417500 -2155992 54936 -246712 0
9 1344420674420000 -2156856 54560 -247496 0
9 1344420674422500 -2156992 53904 -246768 0
9 1344420674425000 -2157016 53704 -246568 0
9 1344420674427500 -2156608 54464 -246896 0
9 1344420674430000 -2157720 55328 -245928 0
9 1344420674432500 -2156840 54032 -246400 0
9 1344420674435000 -2156880 53800 -246696 0
9 1344420674437500 -2155792 53240 -247152 0
9 1344420674440000 -2157568 55896 -246864 0
9 1344420674442500 -2156936 55280 -246448 0
9 1344420674445000 -2158408 54936 -246912 0
9 1344420674447500 -2157368 54928 -248048 0
9 1344420674450000 -2155920 53760 -246280 0
9 1344420674452500 -2156040 55040 -246680 0
9 1344420674455000 -2158224 54248 -245888 0
9 1344420674457500 -2157728 53056 -246192 0
9 1344420674460000 -2157000 54272 -247152 0
9 1344420674462500 -2157640 54672 -246744 0
9 1344420674465000 -2157192 55760 -246856 0
9 1344420674467500 -2159024 54696 -246744 0
9 1344420674470000 -2158664 53432 -247144 0
9 1344420674472500 -2157184 55048 -246056 0
9 1344420674475000 -2157704 53320 -247208 0
9 1344420674477500 -2157480 54608 -246744 0
9 1344420674480000 -2157120 54728 -246376 0
9 1344420674482500 -2156800 54976 -246392 0
9 1344420674485000 -2156944 55000 -247192 0
9 1344420674487500 -2157184 53696 -245840 0
9 1344420674490000 -2157184 53976 -246816 0
9 1344420674492500 -2157896 52960 -246328 0
9 1344420674495000 -2156200 53392 -246072 0
9 1344420674497500 -2157096 54664 -246960 0
