9 1344420710000000 -2155664 52968 -246560 0
9 1344420710002500 -2156560 54696 -246240 0
9 1344420710005000 -2156216 54144 -246184 0
9 1344420710007500 -2157672 54208 -246240 0
9 1344420710010000 -2157216 53840 -246200 0
9 1344420710012500 -2156712 53824 -246920 0
9 1344420710015000 -2156488 54296 -246184 0
9 1344420710017500 -2157464 53496 -246976 0
9 1344420710020000 -2155896 54768 -247328 0
9 1344420710022500 -2157400 53744 -246752 0
9 1344420710025000 -2157040 53968 -245976 0
9 1344420710027500 -2156944 53608 -246384 0
9 1344420710030000 -2156728 54528 -247128 0
9 1344420710032500 -2157056 53920 -247920 0
9 1344420710035000 -2157248 53520 -246424 0
9 1344420710037500 -2157824 55152 -246792 0
9 1344420710040000 -2157968 55096 -246088 0
9 1344420710042500 -2157128 54280 -245592 0
9 1344420710045000 -2157896 54464 -246192 0
9 1344420710047500 -2157280 54200 -246136 0
9 1344420710050000 -2156328 54080 -245816 0
9 1344420710052500 -2157040 54232 -246960 0
9 1344420710055000 -2157160 53856 -246960 0
9 1344420710057500 -2156712 54976 -245960 0
9 1344420710060000 -2156072 54616 -247160 0
9 1344420710062500 -2157840 54136 -247464 0
9 1344420710065000 -2157816 53832 -246400 0
9 1344420710067500 -2158040 55784 -246904 0
9 1344420710070000 -2156616 54080 -245448 0
9 1344420710072500 -2156896 54944 -246808 0
9 1344420710075000 -2156512 54720 -247120 0
9 1344420710077500 -2156624 54152 -246224 0
9 1344420710080000 -2157528 54672 -247464 0
9 1344420710082500 -2157568 55048 -246120 0
9 1344420710085000 -2158008 55584 -246200 0
9 1344420710087500 -2156584 53848 -247208 0
9 1344420710090000 -2157296 54856 -246512 0
9 1344420710092500 -2157104 55280 -245464 0
9 1344420710095000 -2159016 54824 -246744 0
9 1344420710097500 -2156616 53240 -245152 0
