9 1344420672400000 -2157216 53920 -246304 0
9 1344420672402500 -2156232 52640 -246312 0
9 1344420672405000 -2157456 54336 -246448 0
9 1344420672407500 -2156952 54800 -246592 0
9 1344420672410000 -2155704 53616 -247496 0
9 1344420672412500 -2157192 54240 -246504 0
9 1344420672415000 -2157112 53160 -246928 0
9 1344420672417500 -2156544 53720 -247848 0
9 1344420672420000 -2156632 55000 -246360 0
9 1344420672422500 -2155456 53784 -246672 0
9 1344420672425000 -2157008 53992 -245376 0
9 1344420672427500 -2158160 54352 -247056 0
9 1344420672430000 -2157032 53600 -246712 0
9 1344420672432500 -2155984 53480 -246760 0
9 1344420672435000 -2158176 53776 -247336 0
9 1344420672437500 -2156456 54440 -246944 0
9 1344420672440000 -2156608 53824 -246224 0
9 1344420672442500 -2157432 54592 -247000 0
9 1344420672445000 -2157064 54240 -247848 0
9 1344420672447500 -2155168 53376 -246872 0
9 1344420672450000 -2157904 53288 -245600 0
9 1344420672452500 -2158064 54264 -246664 0
9 1344420672455000 -2156832 53944 -247448 0
9 1344420672457500 -2156728 54192 -246576 0
9 1344420672460000 -2157400 54272 -247448 0
9 1344420672462500 -2157240 54696 -247400 0
9 1344420672465000 -2157424 52728 -248024 0
9 1344420672467500 -2156936 53856 -247288 0
9 1344420672470000 -2156656 54240 -246680 0
9 1344420672472500 -2157152 54640 -246560 0
9 1344420672475000 -2157248 54832 -247760 0
9 1344420672477500 -2157264 52864 -247184 0
9 1344420672480000 -2157224 53376 -246240 0
9 1344420672482500 -2157392 53904 -247128 0
9 1344420672485000 -2157064 53880 -246400 0
9 1344420672487500 -2156080 54320 -246144 0
9 1344420672490000 -2158384 53736 -245608 0
9 1344420672492500 -2156088 54384 -246296 0
9 1344420672495000 -2156704 53280 -247296 0
9 1344420672497500 -2157592 53104 -247192 0
