9 1344420706700000 -2157168 54216 -247256 0
9 1344420706702500 -2155904 54040 -247304 0
9 1344420706705000 -2156808 53288 -245248 0
9 1344420706707500 -2156280 53616 -247512 0
9 1344420706710000 -2157144 53000 -247024 0
9 1344420706712500 -2156960 53376 -246912 0
9 1344420706715000 -2156848 53928 -246512 0
9 1344420706717500 -2157368 53536 -246176 0
9 1344420706720000 -2157712 52312 -245872 0
9 1344420706722500 -2157776 52816 -246488 0
9 1344420706725000 -2157024 53832 -247472 0
9 1344420706727500 -2156224 52680 -245672 0
9 1344420706730000 -2157000 53728 -247096 0
9 1344420706732500 -2155912 54208 -247248 0
9 1344420706735000 -2157536 54464 -247048 0
9 1344420706737500 -2157744 53432 -247480 0
9 1344420706740000 -2156960 54144 -245920 0
9 1344420706742500 -2156848 54456 -245832 0
9 1344420706745000 -2156952 54632 -247200 0
9 1344420706747500 -2157256 54256 -245800 0
9 1344420706750000 -2156656 53232 -247328 0
9 1344420706752500 -2157264 53648 -247496 0
9 1344420706755000 -2157128 53800 -247120 0
9 1344420706757500 -2157920 54240 -246592 0
9 1344420706760000 -2156064 53632 -246232 0
9 1344420706762500 -2156880 55000 -246032 0
9 1344420706765000 -2157352 55192 -247176 0
9 1344420706767500 -2156648 54088 -246288 0
9 1344420706770000 -2156808 54960 -247768 0
9 1344420706772500 -2157424 54048 -246744 0
9 1344420706775000 -2156272 54832 -246696 0
9 1344420706777500 -2156512 54184 -246896 0
9 1344420706780000 -2156592 53560 -246176 0
9 1344420706782500 -2156712 53592 -246256 0
9 1344420706785000 -2157120 53912 -246392 0
9 1344420706787500 -2157888 54104 -247200 0
9 1344420706790000 -2156448 53256 -246744 0
9 1344420706792500 -2156392 52816 -246968 0
9 1344420706795000 -2156176 55128 -246360 0
9 1344420706797500 -2156080 52960 -247200 0
