9 1344420683500000 -2156648 54504 -246056 0
9 1344420683502500 -2157296 53432 -246944 0
9 1344420683505000 -2157776 53000 -247584 0
9 1344420683507500 -2157904 54152 -247088 0
9 1344420683510000 -2155904 54376 -246808 0
9 1344420683512500 -2156072 54928 -245824 0
9 1344420683515000 -2157216 54280 -246680 0
9 1344420683517500 -2155928 54360 -246400 0
9 1344420683520000 -2156544 54504 -246376 0
9 1344420683522500 -2156688 54760 -247328 0
9 1344420683525000 -2156984 54376 -247560 0
9 1344420683527500 -2157672 53968 -247040 0
9 1344420683530000 -2157792 54400 -247784 0
9 1344420683532500 -2155960 53416 -246808 0
9 1344420683535000 -2155824 53096 -247632 0
9 1344420683537500 -2157208 54264 -246712 0
9 1344420683540000 -2156720 54536 -246848 0
9 1344420683542500 -2156968 53784 -247080 0
9 1344420683545000 -2155672 54128 -246552 0
9 1344420683547500 -2156184 53680 -246904 0
9 1344420683550000 -2157176 52488 -246480 0
9 1344420683552500 -2155992 53616 -246184 0
9 1344420683555000 -2156928 51864 -246968 0
9 1344420683557500 -2155608 52848 -246736 0
9 1344420683560000 -2156264 53640 -246976 0
9 1344420683562500 -2156504 53800 -246568 0
9 1344420683565000 -2156400 52592 -247248 0
9 1344420683567500 -2157048 52208 -247152 0
9 1344420683570000 -2156856 53824 -246720 0
9 1344420683572500 -2156088 53992 -247496 0
9 1344420683575000 -2157376 53096 -246792 0
9 1344420683577500 -2157920 53896 -247256 0
9 1344420683580000 -2156848 54384 -247192 0
9 1344420683582500 -2157384 55368 -246192 0
9 1344420683585000 -2156312 55416 -247136 0
9 1344420683587500 -2156968 53208 -246928 0
9 1344420683590000 -2156024 54504 -246080 0
9 1344420683592500 -2157768 54752 -246400 0
9 1344420683595000 -2156728 53736 -246352 0
9 1344420683597500 -2157600 54776 -247072 0
