9 1344420681300000 -2157016 54312 -246176 0
9 1344420681302500 -2158168 55704 -247552 0
9 1344420681305000 -2157208 54264 -245616 0
9 1344420681307500 -2158400 54400 -246696 0
9 1344420681310000 -2156056 54072 -246840 0
9 1344420681312500 -2157800 54608 -245824 0
9 1344420681315000 -2157096 54032 -245920 0
9 1344420681317500 -2157800 54576 -247280 0
9 1344420681320000 -2156168 55360 -247192 0
9 1344420681322500 -2156440 54120 -246688 0
9 1344420681325000 -2157312 54000 -246520 0
9 1344420681327500 -2156928 53576 -245592 0
9 1344420681330000 -2156568 54592 -246856 0
9 1344420681332500 -2156232 53216 -246480 0
9 1344420681335000 -2157656 54096 -246776 0
9 1344420681337500 -2155024 53112 -246312 0
9 1344420681340000 -2156608 55664 -246640 0
9 1344420681342500 -2155912 54096 -246456 0
9 1344420681345000 -2157888 54152 -245800 0
9 1344420681347500 -2156616 54488 -246824 0
9 1344420681350000 -2156264 54464 -247056 0
9 1344420681352500 -2156696 54304 -246560 0
9 1344420681355000 -2157672 53744 -247544 0
9 1344420681357500 -2156912 53480 -246912 0
9 1344420681360000 -2157280 54840 -246192 0
9 1344420681362500 -2155856 54392 -246912 0
9 1344420681365000 -2157336 55368 -246216 0
9 1344420681367500 -2157392 53376 -246648 0
9 1344420681370000 -2159176 54288 -247248 0
9 1344420681372500 -2155304 55032 -247088 0
9 1344420681375000 -2156696 53672 -245688 0
9 1344420681377500 -2157880 53912 -246256 0
9 1344420681380000 -2156904 53464 -245880 0
9 1344420681382500 -2156816 52968 -246864 0
9 1344420681385000 -2156232 53560 -246808 0
9 1344420681387500 -2156984 55184 -246104 0
9 1344420681390000 -2157432 53720 -246968 0
9 1344420681392500 -2155912 54224 -247304 0
9 1344420681395000 -2158368 54496 -246320 0
9 1344420681397500 -2155024 54896 -246136 0
