9 1344420691300000 -2158768 55272 -246312 0
9 1344420691302500 -2157416 55888 -247072 0
9 1344420691305000 -2155472 54504 -246848 0
9 1344420691307500 -2155096 52648 -245848 0
9 1344420691310000 -2158384 54024 -247280 0
9 1344420691312500 -2158328 55160 -247168 0
9 1344420691315000 -2154288 53784 -247560 0
9 1344420691317500 -2154240 54504 -247048 0
9 1344420691320000 -2157608 53728 -247144 0
9 1344420691322500 -2158920 53472 -246408 0
9 1344420691325000 -2156616 54368 -245888 0
9 1344420691327500 -2154624 53168 -245720 0
9 1344420691330000 -2156768 53024 -246992 0
9 1344420691332500 -2159632 53968 -246144 0
9 1344420691335000 -2156640 54512 -246312 0
9 1344420691337500 -2157984 53432 -246896 0
9 1344420691340000 -2160408 53024 -247592 0
9 1344420691342500 -2159936 54744 -247920 0
9 1344420691345000 -2155008 54032 -247104 0
9 1344420691347500 -2156352 52368 -247744 0
9 1344420691350000 -2157696 56264 -246944 0
9 1344420691352500 -2157824 55208 -246664 0
9 1344420691355000 -2153768 54752 -245640 0
9 1344420691357500 -2156312 53416 -245672 0
9 1344420691360000 -2158032 53376 -246672 0
9 1344420691362500 -2158320 55528 -246656 0
9 1344420691365000 -2156744 53744 -247104 0
9 1344420691367500 -2155744 54232 -246096 0
9 1344420691370000 -2159576 54808 -246448 0
9 1344420691372500 -2157776 54552 -247664 0
9 1344420691375000 -2155888 54320 -247168 0
9 1344420691377500 -2156552 53976 -247416 0
9 1344420691380000 -2159400 54312 -246032 0
9 1344420691382500 -2157952 53840 -246888 0
9 1344420691385000 -2155192 53736 -246352 0
9 1344420691387500 -2155744 52536 -246632 0
9 1344420691390000 -2160360 53480 -247112 0
9 1344420691392500 -2157368 54800 -246464 0
9 1344420691395000 -2154544 54536 -248144 0
9 1344420691397500 -2154112 52560 -246440 0
