9 1344420681600000 -2158160 54392 -245432 0
9 1344420681602500 -2155072 52816 -247056 0
9 1344420681605000 -2157344 53976 -247216 0
9 1344420681607500 -2157264 54056 -246360 0
9 1344420681610000 -2156864 55008 -247024 0
9 1344420681612500 -2155856 53728 -246920 0
9 1344420681615000 -2156032 53472 -246152 0
9 1344420681617500 -2159472 53736 -248216 0
9 1344420681620000 -2154744 53856 -246096 0
9 1344420681622500 -2159280 53448 -248368 0
9 1344420681625000 -2153520 51912 -246888 0
9 1344420681627500 -2160952 55032 -247040 0
9 1344420681630000 -2154832 52768 -245888 0
9 1344420681632500 -2161024 55000 -246280 0
9 1344420681635000 -2153016 53040 -245776 0
9 1344420681637500 -2161608 55856 -247344 0
9 1344420681640000 -2154504 53800 -244576 0
9 1344420681642500 -2161576 54960 -247928 0
9 1344420681645000 -2153544 53136 -246632 0
9 1344420681647500 -2158816 54744 -246920 0
9 1344420681650000 -2156648 53608 -247056 0
9 1344420681652500 -2156880 55064 -247096 0
9 1344420681655000 -2156928 53864 -246824 0
9 1344420681657500 -2159080 53208 -245256 0
9 1344420681660000 -2156536 53400 -246744 0
9 1344420681662500 -2156560 53968 -245400 0
9 1344420681665000 -2158008 53264 -246232 0
9 1344420681667500 -2157088 54488 -245752 0
9 1344420681670000 -2156272 54352 -248832 0
9 1344420681672500 -2156688 54720 -246136 0
9 1344420681675000 -2157840 54168 -245968 0
9 1344420681677500 -2156032 53544 -247168 0
9 1344420681680000 -2155232 54520 -246400 0
9 1344420681682500 -2156200 52496 -246352 0
9 1344420681685000 -2158584 53984 -246344 0
9 1344420681687500 -2155392 54920 -246752 0
9 1344420681690000 -2157264 53520 -247256 0
9 1344420681692500 -2156008 54528 -246096 0
9 1344420681695000 -2157120 54136 -247536 0
9 1344420681697500 -2157600 54920 -246648 0
