9 1344420689100000 -2157240 53968 -246560 0
9 1344420689102500 -2157120 53736 -247152 0
9 1344420689105000 -2156152 52808 -246504 0
9 1344420689107500 -2156984 54328 -246824 0
9 1344420689110000 -2157168 54560 -246128 0
9 1344420689112500 -2156528 53952 -247112 0
9 1344420689115000 -2157104 52872 -246704 0
9 1344420689117500 -2155648 53392 -246696 0
9 1344420689120000 -2157000 55824 -246224 0
9 1344420689122500 -2156784 55608 -245048 0
9 1344420689125000 -2156784 53840 -246200 0
9 1344420689127500 -2157472 54128 -246856 0
9 1344420689130000 -2157688 53280 -246208 0
9 1344420689132500 -2156752 55080 -246632 0
9 1344420689135000 -2157256 55400 -246496 0
9 1344420689137500 -2157432 54872 -247088 0
9 1344420689140000 -2156688 53776 -247256 0
9 1344420689142500 -2157024 54792 -247408 0
9 1344420689145000 -2156992 54256 -247792 0
9 1344420689147500 -2158200 54592 -247984 0
9 1344420689150000 -2156128 53720 -246528 0
9 1344420689152500 -2157448 54256 -246624 0
9 1344420689155000 -2157704 54688 -246360 0
9 1344420689157500 -2157168 53832 -246016 0
9 1344420689160000 -2155576 53832 -247624 0
9 1344420689162500 -2155776 53712 -246328 0
9 1344420689165000 -2157440 54456 -245856 0
9 1344420689167500 -2156696 53184 -245928 0
9 1344420689170000 -2157640 54808 -246896 0
9 1344420689172500 -2156576 53912 -247328 0
9 1344420689175000 -2156608 54752 -247600 0
9 1344420689177500 -2156600 53688 -246888 0
9 1344420689180000 -2156600 54920 -247032 0
9 1344420689182500 -2157952 54616 -245848 0
9 1344420689185000 -2156968 53704 -247272 0
9 1344420689187500 -2158640 54360 -246976 0
9 1344420689190000 -2157152 55336 -246520 0
9 1344420689192500 -2156896 55336 -246480 0
9 1344420689195000 -2157424 54256 -246840 0
9 1344420689197500 -2157816 53560 -246576 0
