9 1344420708100000 -2157624 53272 -245904 0
9 1344420708102500 -2156784 53240 -246312 0
9 1344420708105000 -2155784 53976 -246696 0
9 1344420708107500 -2156696 53680 -245984 0
9 1344420708110000 -2157400 53016 -247192 0
9 1344420708112500 -2157448 53696 -246672 0
9 1344420708115000 -2156344 54448 -245592 0
9 1344420708117500 -2155832 53712 -246848 0
9 1344420708120000 -2157240 54288 -247368 0
9 1344420708122500 -2156392 53792 -247384 0
9 1344420708125000 -2157472 53848 -246072 0
9 1344420708127500 -2156784 53976 -247904 0
9 1344420708130000 -2156792 54296 -246312 0
9 1344420708132500 -2155944 53688 -247592 0
9 1344420708135000 -2156288 53480 -246968 0
9 1344420708137500 -2157424 53408 -246224 0
9 1344420708140000 -2157216 54648 -246632 0
9 1344420708142500 -2156496 54064 -246136 0
9 1344420708145000 -2157880 54984 -246512 0
9 1344420708147500 -2156576 54144 -247472 0
9 1344420708150000 -2156792 54416 -247720 0
9 1344420708152500 -2158792 53496 -247432 0
9 1344420708155000 -2156080 53272 -246896 0
9 1344420708157500 -2157376 54464 -246184 0
9 1344420708160000 -2157176 53592 -245864 0
9 1344420708162500 -2156912 55216 -248336 0
9 1344420708165000 -2155872 51992 -247024 0
9 1344420708167500 -2157912 54704 -246776 0
9 1344420708170000 -2155808 54040 -245648 0
9 1344420708172500 -2156776 53912 -246008 0
9 1344420708175000 -2156008 53224 -246776 0
9 1344420708177500 -2157352 54632 -246888 0
9 1344420708180000 -2157128 53784 -246672 0
9 1344420708182500 -2157784 53528 -246288 0
9 1344420708185000 -2155904 53112 -246168 0
9 1344420708187500 -2157936 53176 -246600 0
9 1344420708190000 -2157288 53272 -246048 0
9 1344420708192500 -2158120 53792 -247368 0
9 1344420708195000 -2156672 52784 -246344 0
9 1344420708197500 -2157104 53296 -246944 0
