9 1344420698900000 -2156864 54824 -246280 0
9 1344420698902500 -2158136 54472 -246808 0
9 1344420698905000 -2156616 54000 -245232 0
9 1344420698907500 -2155552 53712 -246584 0
9 1344420698910000 -2157984 53848 -246104 0
9 1344420698912500 -2155416 53888 -246048 0
9 1344420698915000 -2155640 53016 -247424 0
9 1344420698917500 -2156936 54080 -247024 0
9 1344420698920000 -2155840 53176 -246160 0
9 1344420698922500 -2157352 54008 -246336 0
9 1344420698925000 -2156200 54400 -246104 0
9 1344420698927500 -2157488 53952 -247376 0
9 1344420698930000 -2156808 54144 -246184 0
9 1344420698932500 -2155720 53408 -246856 0
9 1344420698935000 -2157064 53280 -246824 0
9 1344420698937500 -2157664 52688 -246856 0
9 1344420698940000 -2157152 54720 -246720 0
9 1344420698942500 -2156584 53200 -246320 0
9 1344420698945000 -2157152 52648 -247576 0
9 1344420698947500 -2157528 52968 -245504 0
9 1344420698950000 -2157000 53736 -246896 0
9 1344420698952500 -2156624 54536 -245472 0
9 1344420698955000 -2157088 54552 -247240 0
9 1344420698957500 -2157032 53216 -247928 0
9 1344420698960000 -2157184 53192 -247400 0
9 1344420698962500 -2157184 53656 -246616 0
9 1344420698965000 -2158088 53976 -246632 0
9 1344420698967500 -2156160 53760 -246592 0
9 1344420698970000 -2157192 54968 -247136 0
9 1344420698972500 -2156432 53704 -246336 0
9 1344420698975000 -2157456 54472 -246280 0
9 1344420698977500 -2156872 53304 -247632 0
9 1344420698980000 -2157840 53024 -246824 0
9 1344420698982500 -2154736 53968 -246880 0
9 1344420698985000 -2158128 53944 -247072 0
9 1344420698987500 -2155936 53232 -246960 0
9 1344420698990000 -2156664 54160 -246160 0
9 1344420698992500 -2156104 54064 -246984 0
9 1344420698995000 -2155984 54472 -246032 0
9 1344420698997500 -2157088 53824 -246896 0
