9 1344420697800000 -2159416 54176 -247200 0
9 1344420697802500 -2154952 54072 -247032 0
9 1344420697805000 -2157472 54152 -246968 0
9 1344420697807500 -2153560 54160 -245288 0
9 1344420697810000 -2160608 55400 -247568 0
9 1344420697812500 -2154096 54056 -246200 0
9 1344420697815000 -2158480 55096 -247376 0
9 1344420697817500 -2156152 53584 -246992 0
9 1344420697820000 -2159264 53448 -247080 0
9 1344420697822500 -2154552 53088 -246512 0
9 1344420697825000 -2159712 53672 -246960 0
9 1344420697827500 -2156512 54584 -247312 0
9 1344420697830000 -2158832 55680 -247680 0
9 1344420697832500 -2156176 54672 -246368 0
9 1344420697835000 -2157016 54584 -247112 0
9 1344420697837500 -2155256 54104 -246512 0
9 1344420697840000 -2158200 54808 -246864 0
9 1344420697842500 -2155464 53880 -245528 0
9 1344420697845000 -2157816 53240 -246248 0
9 1344420697847500 -2156760 54456 -245856 0
9 1344420697850000 -2158024 54264 -246384 0
9 1344420697852500 -2156920 54136 -246344 0
9 1344420697855000 -2156192 54600 -246488 0
9 1344420697857500 -2158776 54088 -246520 0
9 1344420697860000 -2155504 53656 -245704 0
9 1344420697862500 -2158664 54296 -246808 0
9 1344420697865000 -2155352 54536 -247264 0
9 1344420697867500 -2157408 53624 -246144 0
9 1344420697870000 -2156520 53424 -246768 0
9 1344420697872500 -2157040 53792 -246120 0
9 1344420697875000 -2156728 53792 -247504 0
9 1344420697877500 -2157160 54192 -246296 0
9 1344420697880000 -2158800 53480 -246320 0
9 1344420697882500 -2155088 53440 -247144 0
9 1344420697885000 -2156904 54976 -246688 0
9 1344420697887500 -2157232 53640 -248304 0
9 1344420697890000 -2157808 54168 -244632 0
9 1344420697892500 -2157328 53384 -247312 0
9 1344420697895000 -2156264 52792 -245936 0
9 1344420697897500 -2157440 55344 -247656 0
