9 1344420712000000 -2156992 54224 -246832 0
9 1344420712002500 -2157072 54352 -246136 0
9 1344420712005000 -2156376 54144 -247200 0
9 1344420712007500 -2157824 53512 -247272 0
9 1344420712010000 -2156344 54088 -247224 0
9 1344420712012500 -2156288 53456 -246240 0
9 1344420712015000 -2157816 53944 -245696 0
9 1344420712017500 -2157128 54968 -247120 0
9 1344420712020000 -2156544 54064 -245600 0
9 1344420712022500 -2156800 54992 -247136 0
9 1344420712025000 -2156720 54136 -246096 0
9 1344420712027500 -2156648 53784 -246400 0
9 1344420712030000 -2156536 54368 -246568 0
9 1344420712032500 -2157496 55160 -246200 0
9 1344420712035000 -2157008 54728 -246000 0
9 1344420712037500 -2157696 53152 -246256 0
9 1344420712040000 -2156128 53856 -246464 0
9 1344420712042500 -2158104 55720 -246344 0
9 1344420712045000 -2156824 54624 -246616 0
9 1344420712047500 -2156552 54496 -245440 0
9 1344420712050000 -2156336 53816 -247368 0
9 1344420712052500 -2156720 55304 -245568 0
9 1344420712055000 -2156960 54680 -246288 0
9 1344420712057500 -2156128 54072 -246368 0
9 1344420712060000 -2156200 53248 -246552 0
9 1344420712062500 -2157752 53864 -246984 0
9 1344420712065000 -2157824 54536 -246136 0
9 1344420712067500 -2156544 54288 -245608 0
9 1344420712070000 -2157608 54000 -246808 0
9 1344420712072500 -2156568 54112 -246328 0
9 1344420712075000 -2157000 54320 -246048 0
9 1344420712077500 -2157064 54248 -246896 0
9 1344420712080000 -2157720 55056 -246848 0
9 1344420712082500 -2157576 54560 -246768 0
9 1344420712085000 -2157744 54424 -247824 0
9 1344420712087500 -2156088 54096 -247160 0
9 1344420712090000 -2156480 55048 -246208 0
9 1344420712092500 -2157464 53448 -247048 0
9 1344420712095000 -2158056 53704 -246984 0
9 1344420712097500 -2156312 52992 -246576 0
