9 1344420689700000 -2158224 53496 -246936 0
9 1344420689702500 -2158872 53520 -246864 0
9 1344420689705000 -2157600 54240 -247224 0
9 1344420689707500 -2156472 53496 -245848 0
9 1344420689710000 -2157992 52576 -247000 0
9 1344420689712500 -2156600 54920 -247920 0
9 1344420689715000 -2157328 54424 -247592 0
9 1344420689717500 -2158464 54512 -246112 0
9 1344420689720000 -2157568 55920 -246608 0
9 1344420689722500 -2157328 53696 -246728 0
9 1344420689725000 -2156680 53592 -246488 0
9 1344420689727500 -2157960 53832 -245792 0
9 1344420689730000 -2157984 54632 -247088 0
9 1344420689732500 -2157304 54704 -246064 0
9 1344420689735000 -2159288 53456 -246600 0
9 1344420689737500 -2158008 54624 -247144 0
9 1344420689740000 -2157272 53632 -245840 0
9 1344420689742500 -2157024 54816 -246800 0
9 1344420689745000 -2156800 53528 -245760 0
9 1344420689747500 -2156560 54464 -245816 0
9 1344420689750000 -2157064 54872 -247104 0
9 1344420689752500 -2156736 54152 -247368 0
9 1344420689755000 -2157024 52544 -247008 0
9 1344420689757500 -2156744 53800 -247128 0
9 1344420689760000 -2157896 53400 -246624 0
9 1344420689762500 -2158120 53872 -245872 0
9 1344420689765000 -2158752 54128 -246872 0
9 1344420689767500 -2157056 52744 -246664 0
9 1344420689770000 -2156320 54904 -246264 0
9 1344420689772500 -2157248 53352 -247024 0
9 1344420689775000 -2157296 54192 -246872 0
9 1344420689777500 -2156760 54296 -246584 0
9 1344420689780000 -2157240 54840 -246624 0
9 1344420689782500 -2157320 54312 -247616 0
9 1344420689785000 -2157632 54360 -245520 0
9 1344420689787500 -2157432 53552 -246296 0
9 1344420689790000 -2157648 54408 -245696 0
9 1344420689792500 -2158832 54704 -246856 0
9 1344420689795000 -2157832 55032 -247632 0
9 1344420689797500 -2156832 54408 -245792 0
