9 1344420712200000 -2157400 55048 -245816 0
9 1344420712202500 -2157208 53784 -246960 0
9 1344420712205000 -2156928 55176 -247160 0
9 1344420712207500 -2157144 55920 -247280 0
9 1344420712210000 -2156888 53408 -247632 0
9 1344420712212500 -2156944 55112 -246960 0
9 1344420712215000 -2156136 54368 -246648 0
9 1344420712217500 -2156528 53360 -246104 0
9 1344420712220000 -2157128 55848 -246704 0
9 1344420712222500 -2156968 54640 -247400 0
9 1344420712225000 -2156976 53840 -245784 0
9 1344420712227500 -2156312 54216 -246056 0
9 1344420712230000 -2156944 55136 -246744 0
9 1344420712232500 -2157968 54192 -247464 0
9 1344420712235000 -2157224 53672 -246488 0
9 1344420712237500 -2157152 54736 -246112 0
9 1344420712240000 -2156832 54184 -246376 0
9 1344420712242500 -2157088 55184 -247192 0
9 1344420712245000 -2157760 53768 -245624 0
9 1344420712247500 -2157536 54800 -245984 0
9 1344420712250000 -2156400 54704 -246128 0
9 1344420712252500 -2156536 53800 -246928 0
9 1344420712255000 -2158064 54040 -246064 0
9 1344420712257500 -2157568 53848 -246272 0
9 1344420712260000 -2156424 54728 -245272 0
9 1344420712262500 -2155648 54192 -245344 0
9 1344420712265000 -2156368 54912 -245496 0
9 1344420712267500 -2157256 54288 -246408 0
9 1344420712270000 -2156592 55608 -245640 0
9 1344420712272500 -2156768 54152 -245944 0
9 1344420712275000 -2156768 53888 -247120 0
9 1344420712277500 -2157120 53736 -246384 0
9 1344420712280000 -2156432 54416 -246416 0
9 1344420712282500 -2156592 54784 -245192 0
9 1344420712285000 -2156744 54968 -245984 0
9 1344420712287500 -2156832 54720 -246784 0
9 1344420712290000 -2156824 54304 -246680 0
9 1344420712292500 -2158040 55344 -246864 0
9 1344420712295000 -2155960 53752 -246776 0
9 1344420712297500 -2158584 54840 -246128 0
