9 1344420669700000 -2156624 54096 -246528 0
9 1344420669702500 -2157208 54736 -246576 0
9 1344420669705000 -2156760 54512 -246816 0
9 1344420669707500 -2157088 54616 -247368 0
9 1344420669710000 -2156432 55904 -247800 0
9 1344420669712500 -2155728 53008 -247040 0
9 1344420669715000 -2155840 54296 -245240 0
9 1344420669717500 -2156624 54320 -246112 0
9 1344420669720000 -2156912 54808 -245448 0
9 1344420669722500 -2156968 54496 -246984 0
9 1344420669725000 -2158376 53448 -246040 0
9 1344420669727500 -2158120 53112 -246480 0
9 1344420669730000 -2156168 53208 -248064 0
9 1344420669732500 -2156224 51752 -247104 0
9 1344420669735000 -2156448 53664 -248288 0
9 1344420669737500 -2156216 53912 -247744 0
9 1344420669740000 -2157832 54904 -246216 0
9 1344420669742500 -2156632 54744 -246800 0
9 1344420669745000 -2156384 54144 -246616 0
9 1344420669747500 -2156816 52736 -246664 0
9 1344420669750000 -2157096 53736 -245112 0
9 1344420669752500 -2156152 55056 -247696 0
9 1344420669755000 -2156184 52560 -246312 0
9 1344420669757500 -2156848 53792 -246168 0
9 1344420669760000 -2156904 54136 -247208 0
9 1344420669762500 -2156264 54336 -246744 0
9 1344420669765000 -2156616 54168 -246424 0
9 1344420669767500 -2156632 54152 -247704 0
9 1344420669770000 -2157624 54336 -247528 0
9 1344420669772500 -2156888 55160 -246496 0
9 1344420669775000 -2156928 53936 -246368 0
9 1344420669777500 -2157304 53200 -246688 0
9 1344420669780000 -2156944 52416 -247232 0
9 1344420669782500 -2156424 54336 -245872 0
9 1344420669785000 -2156176 53496 -247048 0
9 1344420669787500 -2157952 53200 -247016 0
9 1344420669790000 -2156512 54304 -247480 0
9 1344420669792500 -2157144 52904 -246448 0
9 1344420669795000 -2156488 52840 -246696 0
9 1344420669797500 -2157192 53320 -246576 0
