9 1344420679900000 -2157728 54616 -246552 0
9 1344420679902500 -2156872 55896 -245704 0
9 1344420679905000 -2158000 54432 -246488 0
9 1344420679907500 -2156352 53664 -247552 0
9 1344420679910000 -2156920 53264 -246912 0
9 1344420679912500 -2156128 53816 -247464 0
9 1344420679915000 -2156816 52616 -247392 0
9 1344420679917500 -2157200 53720 -246624 0
9 1344420679920000 -2156520 54360 -246712 0
9 1344420679922500 -2156224 53368 -246928 0
9 1344420679925000 -2156736 53864 -247320 0
9 1344420679927500 -2156528 54248 -247040 0
9 1344420679930000 -2157320 53616 -245864 0
9 1344420679932500 -2157448 53976 -247360 0
9 1344420679935000 -2157104 53960 -244976 0
9 1344420679937500 -2157248 54640 -247088 0
9 1344420679940000 -2157024 53096 -246600 0
9 1344420679942500 -2157256 54360 -246224 0
9 1344420679945000 -2157448 53280 -246552 0
9 1344420679947500 -2156256 53592 -246552 0
9 1344420679950000 -2156928 53680 -246720 0
9 1344420679952500 -2157320 53552 -246000 0
9 1344420679955000 -2155640 54240 -246312 0
9 1344420679957500 -2156032 53080 -246920 0
9 1344420679960000 -2155624 54464 -246168 0
9 1344420679962500 -2156480 53000 -246560 0
9 1344420679965000 -2157472 53672 -247032 0
9 1344420679967500 -2156552 53696 -246056 0
9 1344420679970000 -2156656 53104 -246200 0
9 1344420679972500 -2157048 53680 -246320 0
9 1344420679975000 -2157336 53792 -246048 0
9 1344420679977500 -2157408 53648 -246024 0
9 1344420679980000 -2156608 54416 -246824 0
9 1344420679982500 -2158824 54240 -247128 0
9 1344420679985000 -2157904 52672 -248096 0
9 1344420679987500 -2157472 53760 -247088 0
9 1344420679990000 -2157680 54224 -246728 0
9 1344420679992500 -2157296 54248 -245872 0
9 1344420679995000 -2157176 53936 -246864 0
9 1344420679997500 -2157008 53216 -247120 0
