9 1344420695800000 -2156208 53904 -246584 0
9 1344420695802500 -2154112 53440 -247168 0
9 1344420695805000 -2157600 53720 -246456 0
9 1344420695807500 -2155936 55728 -247272 0
9 1344420695810000 -2155312 54368 -246408 0
9 1344420695812500 -2156472 54952 -247456 0
9 1344420695815000 -2157560 53912 -246520 0
9 1344420695817500 -2155928 54040 -246528 0
9 1344420695820000 -2154592 53792 -245992 0
9 1344420695822500 -2158992 54944 -245408 0
9 1344420695825000 -2155584 53816 -245968 0
9 1344420695827500 -2156344 55040 -246800 0
9 1344420695830000 -2156496 54720 -246776 0
9 1344420695832500 -2156600 53912 -246392 0
9 1344420695835000 -2157272 55288 -247016 0
9 1344420695837500 -2156936 53480 -246544 0
9 1344420695840000 -2158168 54744 -246136 0
9 1344420695842500 -2158168 53648 -247176 0
9 1344420695845000 -2157528 54768 -246328 0
9 1344420695847500 -2156144 53392 -246368 0
9 1344420695850000 -2158024 53912 -247224 0
9 1344420695852500 -2155392 54216 -246496 0
9 1344420695855000 -2158208 54856 -246808 0
9 1344420695857500 -2155792 53440 -246544 0
9 1344420695860000 -2157656 53464 -245984 0
9 1344420695862500 -2154032 54096 -247168 0
9 1344420695865000 -2156824 54560 -245672 0
9 1344420695867500 -2157224 54072 -247136 0
9 1344420695870000 -2157360 53256 -247488 0
9 1344420695872500 -2153552 53264 -246912 0
9 1344420695875000 -2158488 54288 -247480 0
9 1344420695877500 -2156464 54016 -247464 0
9 1344420695880000 -2156760 54552 -246512 0
9 1344420695882500 -2156688 53376 -247344 0
9 1344420695885000 -2157528 55344 -245848 0
9 1344420695887500 -2155784 54320 -246064 0
9 1344420695890000 -2160152 54760 -248032 0
9 1344420695892500 -2155168 51968 -246424 0
9 1344420695895000 -2157632 55712 -246472 0
9 1344420695897500 -2155128 53088 -246568 0
