9 1344420716900000 -2156120 54920 -247344 0
9 1344420716902500 -2157352 52936 -246904 0
9 1344420716905000 -2156176 53360 -246688 0
9 1344420716907500 -2157104 54320 -246040 0
9 1344420716910000 -2158032 54368 -246280 0
9 1344420716912500 -2155824 54480 -247336 0
9 1344420716915000 -2155720 53144 -247768 0
9 1344420716917500 -2157216 54192 -246280 0
9 1344420716920000 -2156120 53960 -245968 0
9 1344420716922500 -2156760 53728 -244984 0
9 1344420716925000 -2156664 54376 -247864 0
9 1344420716927500 -2156720 54488 -246800 0
9 1344420716930000 -2157176 53872 -246216 0
9 1344420716932500 -2156000 53104 -246416 0
9 1344420716935000 -2156344 54328 -245984 0
9 1344420716937500 -2157096 54472 -246336 0
9 1344420716940000 -2157472 54408 -246344 0
9 1344420716942500 -2156816 54976 -246664 0
9 1344420716945000 -2157232 54160 -246112 0
9 1344420716947500 -2157424 56088 -246296 0
9 1344420716950000 -2156336 54736 -245696 0
9 1344420716952500 -2155656 54432 -247232 0
9 1344420716955000 -2156032 54760 -246600 0
9 1344420716957500 -2156416 54832 -246560 0
9 1344420716960000 -2157104 55048 -247152 0
9 1344420716962500 -2157416 56040 -244592 0
9 1344420716965000 -2155968 54472 -246048 0
9 1344420716967500 -2156640 54800 -246536 0
9 1344420716970000 -2156496 55448 -246616 0
9 1344420716972500 -2157176 55064 -246376 0
9 1344420716975000 -2156344 53688 -245864 0
9 1344420716977500 -2156072 54024 -246184 0
9 1344420716980000 -2156960 54896 -247296 0
9 1344420716982500 -2156288 54640 -246248 0
9 1344420716985000 -2157656 54480 -246896 0
9 1344420716987500 -2156416 55592 -245392 0
9 1344420716990000 -2157032 54904 -246568 0
9 1344420716992500 -2156904 55112 -246392 0
9 1344420716995000 -2155392 53992 -245784 0
9 1344420716997500 -2157256 53472 -244704 0
