9 1344420710700000 -2157912 54712 -247104 0
9 1344420710702500 -2157376 54168 -247192 0
9 1344420710705000 -2158440 54656 -247544 0
9 1344420710707500 -2156672 53528 -246128 0
9 1344420710710000 -2156504 55280 -246296 0
9 1344420710712500 -2156400 53864 -246008 0
9 1344420710715000 -2157048 53688 -246656 0
9 1344420710717500 -2156384 54128 -246688 0
9 1344420710720000 -2156480 55640 -245760 0
9 1344420710722500 -2156464 55376 -246960 0
9 1344420710725000 -2156416 52976 -246760 0
9 1344420710727500 -2156544 55008 -246568 0
9 1344420710730000 -2155984 54752 -246184 0
9 1344420710732500 -2157584 53288 -247816 0
9 1344420710735000 -2158000 54208 -247704 0
9 1344420710737500 -2156776 55008 -247960 0
9 1344420710740000 -2156328 54792 -245568 0
9 1344420710742500 -2157512 55128 -246840 0
9 1344420710745000 -2157768 54456 -246560 0
9 1344420710747500 -2157248 54032 -246184 0
9 1344420710750000 -2157144 54296 -246288 0
9 1344420710752500 -2157312 53344 -246408 0
9 1344420710755000 -2156832 54632 -246608 0
9 1344420710757500 -2157376 55128 -246672 0
9 1344420710760000 -2157784 53952 -246568 0
9 1344420710762500 -2157064 54392 -246312 0
9 1344420710765000 -2156664 53408 -247136 0
9 1344420710767500 -2157352 54672 -246376 0
9 1344420710770000 -2157608 54544 -245632 0
9 1344420710772500 -2156576 54272 -245944 0
9 1344420710775000 -2157120 54912 -247608 0
9 1344420710777500 -2157640 54232 -246752 0
9 1344420710780000 -2156824 53832 -246536 0
9 1344420710782500 -2156768 56552 -247040 0
9 1344420710785000 -2157224 54632 -247392 0
9 1344420710787500 -2157480 54112 -246760 0
9 1344420710790000 -2156496 54336 -246632 0
9 1344420710792500 -2157912 53944 -246160 0
9 1344420710795000 -2157784 53832 -245696 0
9 1344420710797500 -2156216 53536 -247248 0
