9 1344420669600000 -2157664 54376 -247208 0
9 1344420669602500 -2157304 54216 -247528 0
9 1344420669605000 -2157336 53384 -246752 0
9 1344420669607500 -2156736 53728 -247744 0
9 1344420669610000 -2157504 55216 -247152 0
9 1344420669612500 -2156304 53736 -246856 0
9 1344420669615000 -2156528 53968 -247400 0
9 1344420669617500 -2157368 55376 -246880 0
9 1344420669620000 -2156448 56208 -245808 0
9 1344420669622500 -2157088 55112 -246784 0
9 1344420669625000 -2156712 54024 -246888 0
9 1344420669627500 -2157720 54016 -247288 0
9 1344420669630000 -2156856 54344 -246496 0
9 1344420669632500 -2157128 54528 -246504 0
9 1344420669635000 -2157136 54680 -247080 0
9 1344420669637500 -2156376 54184 -248224 0
9 1344420669640000 -2157128 53120 -246808 0
9 1344420669642500 -2156648 54904 -247760 0
9 1344420669645000 -2156120 55296 -246768 0
9 1344420669647500 -2155856 54640 -247224 0
9 1344420669650000 -2157392 54488 -246256 0
9 1344420669652500 -2156632 55920 -245632 0
9 1344420669655000 -2157528 54288 -246984 0
9 1344420669657500 -2157432 54616 -246392 0
9 1344420669660000 -2156880 54016 -247088 0
9 1344420669662500 -2156944 54864 -247680 0
9 1344420669665000 -2156600 54048 -247120 0
9 1344420669667500 -2157872 54424 -246920 0
9 1344420669670000 -2157968 55368 -245992 0
9 1344420669672500 -2156568 53936 -245336 0
9 1344420669675000 -2157592 54808 -247152 0
9 1344420669677500 -2157792 53840 -246800 0
9 1344420669680000 -2156240 55368 -247816 0
9 1344420669682500 -2157024 53576 -245208 0
9 1344420669685000 -2157696 54224 -246008 0
9 1344420669687500 -2156968 55072 -246160 0
9 1344420669690000 -2157136 53992 -246752 0
9 1344420669692500 -2157568 53992 -246488 0
9 1344420669695000 -2158040 53880 -246416 0
9 1344420669697500 -2157184 54608 -245728 0
