9 1344420671300000 -2155880 54552 -247552 0
9 1344420671302500 -2157512 53784 -246008 0
9 1344420671305000 -2157136 53584 -247512 0
9 1344420671307500 -2157064 53928 -246488 0
9 1344420671310000 -2157424 53176 -246808 0
9 1344420671312500 -2157048 54512 -246784 0
9 1344420671315000 -2156312 55128 -246272 0
9 1344420671317500 -2156008 54152 -247456 0
9 1344420671320000 -2156368 54200 -246456 0
9 1344420671322500 -2157472 54784 -247880 0
9 1344420671325000 -2156072 54848 -247368 0
9 1344420671327500 -2157096 52064 -246240 0
9 1344420671330000 -2156624 54984 -246512 0
9 1344420671332500 -2157736 54568 -246968 0
9 1344420671335000 -2156816 54096 -246672 0
9 1344420671337500 -2156616 53808 -247416 0
9 1344420671340000 -2157664 54976 -248024 0
9 1344420671342500 -2156352 54288 -247352 0
9 1344420671345000 -2157136 54560 -247600 0
9 1344420671347500 -2157456 53864 -246728 0
9 1344420671350000 -2156824 54312 -247064 0
9 1344420671352500 -2156848 52864 -247056 0
9 1344420671355000 -2157432 54000 -247824 0
9 1344420671357500 -2156744 54728 -246664 0
9 1344420671360000 -2156496 53520 -247160 0
9 1344420671362500 -2157968 53976 -246760 0
9 1344420671365000 -2157392 55000 -247112 0
9 1344420671367500 -2157056 54976 -247176 0
9 1344420671370000 -2157136 56064 -246224 0
9 1344420671372500 -2157128 53768 -247472 0
9 1344420671375000 -2156416 54488 -246704 0
9 1344420671377500 -2157560 54768 -247208 0
9 1344420671380000 -2158488 54392 -246216 0
9 1344420671382500 -2155296 54760 -247336 0
9 1344420671385000 -2156520 54272 -246208 0
9 1344420671387500 -2156400 54448 -246992 0
9 1344420671390000 -2158448 54928 -247024 0
9 1344420671392500 -2157128 55464 -246552 0
9 1344420671395000 -2157264 53880 -246944 0
9 1344420671397500 -2156688 54160 -246312 0
