9 1344420714500000 -2155600 54528 -246864 0
9 1344420714502500 -2157224 53888 -246248 0
9 1344420714505000 -2155888 53912 -248016 0
9 1344420714507500 -2156024 53616 -246512 0
9 1344420714510000 -2156768 54776 -246896 0
9 1344420714512500 -2156832 53800 -246528 0
9 1344420714515000 -2156672 53776 -245544 0
9 1344420714517500 -2157008 53912 -246640 0
9 1344420714520000 -2157144 54632 -247424 0
9 1344420714522500 -2156720 55128 -246800 0
9 1344420714525000 -2156624 54504 -247568 0
9 1344420714527500 -2156904 53904 -246192 0
9 1344420714530000 -2157200 54192 -246264 0
9 1344420714532500 -2155384 55568 -246160 0
9 1344420714535000 -2157352 54320 -245120 0
9 1344420714537500 -2157360 54800 -247520 0
9 1344420714540000 -2156904 54192 -247840 0
9 1344420714542500 -2156080 54120 -247384 0
9 1344420714545000 -2156872 53808 -246856 0
9 1344420714547500 -2155608 53640 -246600 0
9 1344420714550000 -2156096 53696 -246048 0
9 1344420714552500 -2156592 54488 -247480 0
9 1344420714555000 -2156904 53160 -246240 0
9 1344420714557500 -2155432 53752 -246096 0
9 1344420714560000 -2156088 53560 -246912 0
9 1344420714562500 -2155696 53464 -246824 0
9 1344420714565000 -2155624 54504 -245840 0
9 1344420714567500 -2158224 54304 -246792 0
9 1344420714570000 -2156168 53824 -246608 0
9 1344420714572500 -2157880 53928 -245912 0
9 1344420714575000 -2155632 53912 -247280 0
9 1344420714577500 -2157512 54296 -247720 0
9 1344420714580000 -2155752 53472 -247224 0
9 1344420714582500 -2155512 53728 -246080 0
9 1344420714585000 -2156416 53752 -246416 0
9 1344420714587500 -2156008 54320 -246392 0
9 1344420714590000 -2157488 53928 -247064 0
9 1344420714592500 -2155864 54360 -245952 0
9 1344420714595000 -2157064 54136 -247416 0
9 1344420714597500 -2157936 54536 -246216 0
