9 1344420699200000 -2154952 53072 -247488 0
9 1344420699202500 -2157008 53736 -247064 0
9 1344420699205000 -2158240 54592 -247920 0
9 1344420699207500 -2156648 53776 -246440 0
9 1344420699210000 -2157288 54400 -245832 0
9 1344420699212500 -2154936 54064 -247720 0
9 1344420699215000 -2157008 54144 -246544 0
9 1344420699217500 -2158048 53632 -246944 0
9 1344420699220000 -2156832 53288 -248784 0
9 1344420699222500 -2155120 52968 -246032 0
9 1344420699225000 -2157312 54168 -246832 0
9 1344420699227500 -2155568 53640 -246920 0
9 1344420699230000 -2157752 54656 -246824 0
9 1344420699232500 -2155880 53832 -247088 0
9 1344420699235000 -2158160 54088 -247992 0
9 1344420699237500 -2155736 53992 -247440 0
9 1344420699240000 -2157008 56144 -247400 0
9 1344420699242500 -2154336 53664 -247688 0
9 1344420699245000 -2156752 55408 -246616 0
9 1344420699247500 -2156400 55296 -247048 0
9 1344420699250000 -2156936 53480 -247240 0
9 1344420699252500 -2157032 54000 -247200 0
9 1344420699255000 -2158152 53664 -247368 0
9 1344420699257500 -2156496 53360 -246488 0
9 1344420699260000 -2155512 55280 -246376 0
9 1344420699262500 -2156648 53736 -246304 0
9 1344420699265000 -2156864 53784 -245992 0
9 1344420699267500 -2156048 53400 -246560 0
9 1344420699270000 -2156888 55496 -247600 0
9 1344420699272500 -2156832 54416 -246048 0
9 1344420699275000 -2156896 52912 -247552 0
9 1344420699277500 -2156392 53880 -246136 0
9 1344420699280000 -2157064 54480 -246896 0
9 1344420699282500 -2156424 54416 -246464 0
9 1344420699285000 -2157784 53056 -244960 0
9 1344420699287500 -2157440 54696 -246848 0
9 1344420699290000 -2157776 54680 -245760 0
9 1344420699292500 -2156168 54512 -246952 0
9 1344420699295000 -2156072 53864 -246736 0
9 1344420699297500 -2157960 55016 -247424 0
