9 1344420702200000 -2156600 54232 -246872 0
9 1344420702202500 -2156304 53816 -246240 0
9 1344420702205000 -2156552 54312 -247184 0
9 1344420702207500 -2156760 53584 -246088 0
9 1344420702210000 -2156800 54864 -246448 0
9 1344420702212500 -2156824 53800 -246936 0
9 1344420702215000 -2156768 53496 -246096 0
9 1344420702217500 -2156112 54696 -246584 0
9 1344420702220000 -2156768 54096 -246744 0
9 1344420702222500 -2156512 53520 -246360 0
9 1344420702225000 -2157472 54216 -245656 0
9 1344420702227500 -2155608 53320 -246912 0
9 1344420702230000 -2155984 54168 -246240 0
9 1344420702232500 -2156664 53800 -245424 0
9 1344420702235000 -2157304 53392 -246448 0
9 1344420702237500 -2157096 53792 -247928 0
9 1344420702240000 -2157760 52856 -247368 0
9 1344420702242500 -2156576 54304 -246360 0
9 1344420702245000 -2157192 53336 -246680 0
9 1344420702247500 -2156696 52456 -247680 0
9 1344420702250000 -2157744 54048 -247048 0
9 1344420702252500 -2157064 53688 -246320 0
9 1344420702255000 -2157624 53640 -248064 0
9 1344420702257500 -2157632 52712 -246792 0
9 1344420702260000 -2157568 53176 -247960 0
9 1344420702262500 -2157712 53568 -246848 0
9 1344420702265000 -2156936 53088 -246184 0
9 1344420702267500 -2157496 53416 -246824 0
9 1344420702270000 -2156128 53600 -245800 0
9 1344420702272500 -2157024 53888 -246776 0
9 1344420702275000 -2158280 54280 -247688 0
9 1344420702277500 -2156896 52568 -245416 0
9 1344420702280000 -2156848 54000 -246592 0
9 1344420702282500 -2157688 53424 -246664 0
9 1344420702285000 -2156528 54344 -247256 0
9 1344420702287500 -2156928 53848 -247584 0
9 1344420702290000 -2157472 53408 -247760 0
9 1344420702292500 -2156024 54248 -246296 0
9 1344420702295000 -2156616 52992 -245752 0
9 1344420702297500 -2155768 53672 -247104 0
