9 1344420706000000 -2156816 54928 -246536 0
9 1344420706002500 -2157080 55424 -247256 0
9 1344420706005000 -2157408 56128 -246384 0
9 1344420706007500 -2156648 53536 -247032 0
9 1344420706010000 -2156024 54680 -245760 0
9 1344420706012500 -2157048 55176 -246016 0
9 1344420706015000 -2157176 54536 -247000 0
9 1344420706017500 -2156880 55760 -246128 0
9 1344420706020000 -2157520 55384 -246832 0
9 1344420706022500 -2157088 56000 -245992 0
9 1344420706025000 -2157688 54728 -246552 0
9 1344420706027500 -2155216 55144 -247416 0
9 1344420706030000 -2157168 55040 -247288 0
9 1344420706032500 -2156944 53928 -246728 0
9 1344420706035000 -2158416 54160 -246856 0
9 1344420706037500 -2156888 53504 -246464 0
9 1344420706040000 -2158128 54272 -246208 0
9 1344420706042500 -2155960 54352 -246584 0
9 1344420706045000 -2157464 54688 -246800 0
9 1344420706047500 -2155816 53608 -246336 0
9 1344420706050000 -2157824 54752 -247120 0
9 1344420706052500 -2156824 53576 -246472 0
9 1344420706055000 -2158000 53880 -247328 0
9 1344420706057500 -2156640 53752 -247112 0
9 1344420706060000 -2155848 53984 -246520 0
9 1344420706062500 -2154952 54440 -246016 0
9 1344420706065000 -2158352 54472 -246256 0
9 1344420706067500 -2158192 53320 -246584 0
9 1344420706070000 -2158584 53528 -246408 0
9 1344420706072500 -2156896 55232 -244488 0
9 1344420706075000 -2157928 53992 -246168 0
9 1344420706077500 -2157232 53864 -246928 0
9 1344420706080000 -2156616 54208 -246136 0
9 1344420706082500 -2156384 53088 -246960 0
9 1344420706085000 -2156392 53656 -246616 0
9 1344420706087500 -2157256 54536 -246400 0
9 1344420706090000 -2157272 53840 -246272 0
9 1344420706092500 -2157208 53192 -246968 0
9 1344420706095000 -2156752 54936 -246720 0
9 1344420706097500 -2157392 53136 -246904 0
