9 1344420704600000 -2155232 54080 -246904 0
9 1344420704602500 -2157552 53744 -246264 0
9 1344420704605000 -2156232 52728 -247096 0
9 1344420704607500 -2157472 54096 -247464 0
9 1344420704610000 -2156288 54760 -245688 0
9 1344420704612500 -2157488 54384 -246160 0
9 1344420704615000 -2157448 53496 -246360 0
9 1344420704617500 -2157392 55288 -246872 0
9 1344420704620000 -2156784 55872 -247008 0
9 1344420704622500 -2156448 54560 -247392 0
9 1344420704625000 -2156240 55200 -246920 0
9 1344420704627500 -2158504 54536 -247104 0
9 1344420704630000 -2157192 54264 -246600 0
9 1344420704632500 -2155768 54576 -246672 0
9 1344420704635000 -2157440 55072 -246944 0
9 1344420704637500 -2156272 54624 -246320 0
9 1344420704640000 -2156760 53816 -246648 0
9 1344420704642500 -2157104 54616 -246280 0
9 1344420704645000 -2156240 54720 -245800 0
9 1344420704647500 -2158160 54896 -246152 0
9 1344420704650000 -2156744 54216 -247280 0
9 1344420704652500 -2156040 54624 -246512 0
9 1344420704655000 -2155800 54880 -245952 0
9 1344420704657500 -2156960 54816 -246832 0
9 1344420704660000 -2157208 53856 -246368 0
9 1344420704662500 -2156248 53832 -245920 0
9 1344420704665000 -2157816 54120 -246744 0
9 1344420704667500 -2157400 54000 -245936 0
9 1344420704670000 -2156736 53912 -246384 0
9 1344420704672500 -2157264 54088 -246784 0
9 1344420704675000 -2156424 54736 -246936 0
9 1344420704677500 -2156944 53632 -245960 0
9 1344420704680000 -2157232 53896 -245936 0
9 1344420704682500 -2156912 54384 -245848 0
9 1344420704685000 -2156464 55416 -246184 0
9 1344420704687500 -2157000 54472 -245928 0
9 1344420704690000 -2157536 53688 -245400 0
9 1344420704692500 -2156744 55000 -246504 0
9 1344420704695000 -2157712 54936 -246736 0
9 1344420704697500 -2156880 54456 -246008 0
