9 1344420688400000 -2157200 53224 -247064 0
9 1344420688402500 -2158352 53872 -247192 0
9 1344420688405000 -2157512 54352 -246848 0
9 1344420688407500 -2155808 53728 -247416 0
9 1344420688410000 -2157040 54088 -247624 0
9 1344420688412500 -2158216 54344 -246056 0
9 1344420688415000 -2157056 54160 -247272 0
9 1344420688417500 -2156736 53592 -247208 0
9 1344420688420000 -2154848 54664 -247392 0
9 1344420688422500 -2156480 53792 -245368 0
9 1344420688425000 -2155680 54296 -246768 0
9 1344420688427500 -2156584 53376 -247144 0
9 1344420688430000 -2155872 52272 -247368 0
9 1344420688432500 -2156760 53496 -246360 0
9 1344420688435000 -2158208 54712 -246176 0
9 1344420688437500 -2157200 54448 -246984 0
9 1344420688440000 -2156176 53328 -247136 0
9 1344420688442500 -2156360 53328 -247472 0
9 1344420688445000 -2157512 53648 -246864 0
9 1344420688447500 -2157376 54560 -246656 0
9 1344420688450000 -2157992 54912 -247128 0
9 1344420688452500 -2158904 54096 -245912 0
9 1344420688455000 -2158416 55080 -246136 0
9 1344420688457500 -2158032 54288 -247432 0
9 1344420688460000 -2156504 54744 -246312 0
9 1344420688462500 -2157040 54496 -246200 0
9 1344420688465000 -2156912 55448 -247280 0
9 1344420688467500 -2156728 54752 -247160 0
9 1344420688470000 -2157208 54312 -247592 0
9 1344420688472500 -2157688 55592 -247608 0
9 1344420688475000 -2156760 53336 -247608 0
9 1344420688477500 -2156600 56024 -245920 0
9 1344420688480000 -2156544 53528 -246312 0
9 1344420688482500 -2157688 54056 -246408 0
9 1344420688485000 -2158464 55120 -246424 0
9 1344420688487500 -2157792 54400 -246064 0
9 1344420688490000 -2157688 54096 -247216 0
9 1344420688492500 -2156968 55336 -245928 0
9 1344420688495000 -2157096 53848 -247096 0
9 1344420688497500 -2156816 54408 -246696 0
