9 1344420706600000 -2156936 54872 -247352 0
9 1344420706602500 -2156952 53760 -247392 0
9 1344420706605000 -2156568 53536 -245360 0
9 1344420706607500 -2156288 55152 -246528 0
9 1344420706610000 -2156144 54768 -246320 0
9 1344420706612500 -2156368 54184 -246440 0
9 1344420706615000 -2156544 55848 -245928 0
9 1344420706617500 -2156856 55704 -246536 0
9 1344420706620000 -2156696 54712 -247560 0
9 1344420706622500 -2157736 54000 -246816 0
9 1344420706625000 -2156480 54264 -245200 0
9 1344420706627500 -2157064 55232 -246832 0
9 1344420706630000 -2157104 54272 -246400 0
9 1344420706632500 -2156152 54384 -246232 0
9 1344420706635000 -2157872 54568 -245824 0
9 1344420706637500 -2157232 55072 -246632 0
9 1344420706640000 -2158216 54544 -247232 0
9 1344420706642500 -2157128 55488 -245448 0
9 1344420706645000 -2157056 53736 -246440 0
9 1344420706647500 -2155832 54656 -245960 0
9 1344420706650000 -2158384 53448 -246016 0
9 1344420706652500 -2156608 54616 -247416 0
9 1344420706655000 -2157056 54296 -246240 0
9 1344420706657500 -2156272 54696 -246576 0
9 1344420706660000 -2156928 53736 -246048 0
9 1344420706662500 -2156712 53408 -247224 0
9 1344420706665000 -2156896 55224 -247080 0
9 1344420706667500 -2157152 53968 -245520 0
9 1344420706670000 -2156904 53792 -246152 0
9 1344420706672500 -2157920 54240 -246152 0
9 1344420706675000 -2156192 54144 -247696 0
9 1344420706677500 -2157440 53888 -247288 0
9 1344420706680000 -2158744 53928 -245848 0
9 1344420706682500 -2156712 55064 -246272 0
9 1344420706685000 -2157608 53944 -245488 0
9 1344420706687500 -2156048 52648 -246144 0
9 1344420706690000 -2157240 53336 -246824 0
9 1344420706692500 -2156544 54168 -246224 0
9 1344420706695000 -2156712 52976 -246320 0
9 1344420706697500 -2157992 54136 -245984 0
