9 1344420707400000 -2157680 54256 -245928 0
9 1344420707402500 -2158336 56144 -246104 0
9 1344420707405000 -2157408 54432 -246520 0
9 1344420707407500 -2156912 55128 -247144 0
9 1344420707410000 -2156760 54992 -246232 0
9 1344420707412500 -2157888 55848 -245976 0
9 1344420707415000 -2157632 53800 -246648 0
9 1344420707417500 -2157368 54944 -246304 0
9 1344420707420000 -2156888 53544 -247064 0
9 1344420707422500 -2155944 54784 -247248 0
9 1344420707425000 -2156280 53600 -245512 0
9 1344420707427500 -2157968 54072 -245688 0
9 1344420707430000 -2157560 54096 -247192 0
9 1344420707432500 -2157408 54680 -246680 0
9 1344420707435000 -2157424 54192 -246288 0
9 1344420707437500 -2157456 54024 -245008 0
9 1344420707440000 -2157464 54976 -246504 0
9 1344420707442500 -2157304 53976 -246536 0
9 1344420707445000 -2158424 53176 -248240 0
9 1344420707447500 -2158720 54600 -247096 0
9 1344420707450000 -2158336 53832 -246624 0
9 1344420707452500 -2156784 53200 -246136 0
9 1344420707455000 -2156944 53576 -246840 0
9 1344420707457500 -2157576 53952 -245424 0
9 1344420707460000 -2156520 54496 -246840 0
9 1344420707462500 -2156736 53576 -246176 0
9 1344420707465000 -2157392 54256 -247056 0
9 1344420707467500 -2155816 54376 -245168 0
9 1344420707470000 -2157560 53848 -245976 0
9 1344420707472500 -2157424 53904 -246832 0
9 1344420707475000 -2157616 54880 -247056 0
9 1344420707477500 -2156120 54288 -246152 0
9 1344420707480000 -2157136 53136 -246256 0
9 1344420707482500 -2156376 53720 -245376 0
9 1344420707485000 -2159352 53728 -247696 0
9 1344420707487500 -2157912 54120 -246064 0
9 1344420707490000 -2157088 54592 -247032 0
9 1344420707492500 -2157736 53928 -246736 0
9 1344420707495000 -2158552 54704 -245280 0
9 1344420707497500 -2156784 54296 -246840 0
