9 1344420715000000 -2156792 53936 -246624 0
9 1344420715002500 -2156520 54920 -246248 0
9 1344420715005000 -2156792 54624 -245528 0
9 1344420715007500 -2156736 54552 -246576 0
9 1344420715010000 -2156504 53368 -247104 0
9 1344420715012500 -2156648 54320 -246592 0
9 1344420715015000 -2156664 53880 -246928 0
9 1344420715017500 -2156128 54072 -246968 0
9 1344420715020000 -2157680 53680 -246056 0
9 1344420715022500 -2157104 53528 -247840 0
9 1344420715025000 -2156240 53864 -246480 0
9 1344420715027500 -2155664 55080 -246640 0
9 1344420715030000 -2157368 54400 -245240 0
9 1344420715032500 -2156728 53392 -246296 0
9 1344420715035000 -2156768 53728 -247440 0
9 1344420715037500 -2156640 54816 -245584 0
9 1344420715040000 -2156856 53376 -246936 0
9 1344420715042500 -2156776 54896 -247672 0
9 1344420715045000 -2156528 54728 -246448 0
9 1344420715047500 -2156864 53760 -246768 0
9 1344420715050000 -2156392 55216 -246072 0
9 1344420715052500 -2156232 52856 -246832 0
9 1344420715055000 -2157624 53800 -246632 0
9 1344420715057500 -2157104 52896 -247120 0
9 1344420715060000 -2156624 53016 -246744 0
9 1344420715062500 -2155496 53288 -245960 0
9 1344420715065000 -2156448 54944 -246560 0
9 1344420715067500 -2155296 54344 -247136 0
9 1344420715070000 -2157120 53896 -246792 0
9 1344420715072500 -2156168 53784 -247440 0
9 1344420715075000 -2156816 55216 -247064 0
9 1344420715077500 -2157024 54416 -246488 0
9 1344420715080000 -2155784 54136 -246360 0
9 1344420715082500 -2157888 54600 -246304 0
9 1344420715085000 -2157080 53368 -246824 0
9 1344420715087500 -2155824 54800 -246616 0
9 1344420715090000 -2157168 54640 -246480 0
9 1344420715092500 -2157088 54368 -245048 0
9 1344420715095000 -2156224 54304 -246544 0
9 1344420715097500 -2156672 54056 -245848 0
