9 1344420686000000 -2157592 53576 -246176 0
9 1344420686002500 -2157112 53984 -246616 0
9 1344420686005000 -2157568 53616 -246488 0
9 1344420686007500 -2156344 53960 -246416 0
9 1344420686010000 -2157400 54096 -246960 0
9 1344420686012500 -2157496 53432 -247496 0
9 1344420686015000 -2156952 53328 -246512 0
9 1344420686017500 -2156672 53472 -246152 0
9 1344420686020000 -2156992 54664 -246896 0
9 1344420686022500 -2156984 53968 -247768 0
9 1344420686025000 -2156968 53488 -247288 0
9 1344420686027500 -2157624 54112 -246944 0
9 1344420686030000 -2157680 55008 -246672 0
9 1344420686032500 -2157000 53728 -246536 0
9 1344420686035000 -2156896 53656 -246520 0
9 1344420686037500 -2156800 53080 -246896 0
9 1344420686040000 -2157112 53720 -247272 0
9 1344420686042500 -2157472 54264 -247416 0
9 1344420686045000 -2157920 53440 -246704 0
9 1344420686047500 -2158888 53664 -246176 0
9 1344420686050000 -2158568 53016 -247008 0
9 1344420686052500 -2158552 53360 -246568 0
9 1344420686055000 -2156904 54520 -247568 0
9 1344420686057500 -2156864 54808 -246728 0
9 1344420686060000 -2157072 54016 -247544 0
9 1344420686062500 -2157272 53352 -246624 0
9 1344420686065000 -2157680 53104 -247592 0
9 1344420686067500 -2156624 52024 -246912 0
9 1344420686070000 -2157320 54776 -248064 0
9 1344420686072500 -2157552 53880 -247200 0
9 1344420686075000 -2156912 52376 -246664 0
9 1344420686077500 -2156632 54304 -247576 0
9 1344420686080000 -2157128 55120 -247000 0
9 1344420686082500 -2157296 54048 -247032 0
9 1344420686085000 -2157192 54384 -246520 0
9 1344420686087500 -2157416 53312 -246232 0
9 1344420686090000 -2157424 53544 -246088 0
9 1344420686092500 -2156648 53944 -247280 0
9 1344420686095000 -2158096 53088 -247656 0
9 1344420686097500 -2157424 52888 -245768 0
