9 1344420683600000 -2157904 54040 -246992 0
9 1344420683602500 -2157384 54440 -247632 0
9 1344420683605000 -2157168 54152 -246776 0
9 1344420683607500 -2156296 52944 -248200 0
9 1344420683610000 -2156480 53912 -247448 0
9 1344420683612500 -2156496 54192 -246184 0
9 1344420683615000 -2157144 55200 -247440 0
9 1344420683617500 -2157680 53288 -246976 0
9 1344420683620000 -2156944 54400 -246136 0
9 1344420683622500 -2156616 54184 -247640 0
9 1344420683625000 -2156864 54224 -246744 0
9 1344420683627500 -2156936 53984 -246640 0
9 1344420683630000 -2156664 53864 -247416 0
9 1344420683632500 -2157832 54232 -246552 0
9 1344420683635000 -2157272 53752 -247584 0
9 1344420683637500 -2157384 54144 -247720 0
9 1344420683640000 -2158248 52560 -247592 0
9 1344420683642500 -2156504 53896 -246456 0
9 1344420683645000 -2157144 53632 -246816 0
9 1344420683647500 -2156376 52992 -246736 0
9 1344420683650000 -2157456 54320 -246960 0
9 1344420683652500 -2155888 53696 -246888 0
9 1344420683655000 -2156960 54160 -246312 0
9 1344420683657500 -2156408 54304 -246544 0
9 1344420683660000 -2157824 54152 -246528 0
9 1344420683662500 -2157064 54320 -247936 0
9 1344420683665000 -2156520 53560 -247856 0
9 1344420683667500 -2156312 53888 -246240 0
9 1344420683670000 -2157112 53792 -246792 0
9 1344420683672500 -2157600 53944 -245592 0
9 1344420683675000 -2157096 53648 -246968 0
9 1344420683677500 -2156304 54160 -246136 0
9 1344420683680000 -2156992 54768 -246808 0
9 1344420683682500 -2156944 54232 -248512 0
9 1344420683685000 -2157656 54600 -247040 0
9 1344420683687500 -2157464 54440 -247560 0
9 1344420683690000 -2156656 52496 -246320 0
9 1344420683692500 -2158056 54656 -247296 0
9 1344420683695000 -2156912 54600 -246944 0
9 1344420683697500 -2157592 54320 -245592 0
