9 1344420672300000 -2156776 54616 -247424 0
9 1344420672302500 -2156144 54600 -247056 0
9 1344420672305000 -2157032 53752 -245920 0
9 1344420672307500 -2156736 54056 -247024 0
9 1344420672310000 -2158104 53728 -248104 0
9 1344420672312500 -2156792 53752 -246480 0
9 1344420672315000 -2157448 55016 -246400 0
9 1344420672317500 -2157160 54240 -246584 0
9 1344420672320000 -2157928 54240 -246136 0
9 1344420672322500 -2156848 54088 -246928 0
9 1344420672325000 -2155736 53576 -247536 0
9 1344420672327500 -2156680 54024 -246560 0
9 1344420672330000 -2157624 53480 -246512 0
9 1344420672332500 -2157288 54960 -247000 0
9 1344420672335000 -2157416 53848 -246752 0
9 1344420672337500 -2156160 55488 -246608 0
9 1344420672340000 -2155704 53528 -245776 0
9 1344420672342500 -2157400 54656 -246632 0
9 1344420672345000 -2156552 54560 -245408 0
9 1344420672347500 -2156992 54328 -247760 0
9 1344420672350000 -2155928 53976 -246408 0
9 1344420672352500 -2157616 54480 -247160 0
9 1344420672355000 -2157656 53200 -246032 0
9 1344420672357500 -2157448 54488 -246720 0
9 1344420672360000 -2157760 54696 -246984 0
9 1344420672362500 -2156408 53272 -247248 0
9 1344420672365000 -2156480 53656 -245784 0
9 1344420672367500 -2157024 54008 -247504 0
9 1344420672370000 -2158248 52800 -247512 0
9 1344420672372500 -2157304 53264 -247832 0
9 1344420672375000 -2157568 55072 -246408 0
9 1344420672377500 -2156232 54120 -246088 0
9 1344420672380000 -2156048 53344 -246464 0
9 1344420672382500 -2157600 54256 -247224 0
9 1344420672385000 -2156888 53232 -246952 0
9 1344420672387500 -2156864 54304 -246608 0
9 1344420672390000 -2157096 54080 -246968 0
9 1344420672392500 -2157616 53928 -247192 0
9 1344420672395000 -2157024 54848 -246432 0
9 1344420672397500 -2156784 54776 -246432 0
