9 1344420693900000 -2159072 54336 -246688 0
9 1344420693902500 -2158464 53952 -246928 0
9 1344420693905000 -2159248 54616 -248440 0
9 1344420693907500 -2157056 53672 -246056 0
9 1344420693910000 -2159032 55248 -246368 0
9 1344420693912500 -2154984 54216 -247016 0
9 1344420693915000 -2157000 54544 -248200 0
9 1344420693917500 -2155224 53736 -246616 0
9 1344420693920000 -2156960 55712 -246552 0
9 1344420693922500 -2156440 54240 -246792 0
9 1344420693925000 -2157568 54544 -247032 0
9 1344420693927500 -2157096 55000 -245656 0
9 1344420693930000 -2156392 54672 -247384 0
9 1344420693932500 -2157936 53632 -246520 0
9 1344420693935000 -2158016 53584 -246256 0
9 1344420693937500 -2157472 52784 -247096 0
9 1344420693940000 -2156488 54584 -245976 0
9 1344420693942500 -2157696 54456 -246192 0
9 1344420693945000 -2155848 53848 -245680 0
9 1344420693947500 -2157376 54016 -246248 0
9 1344420693950000 -2156848 53984 -245888 0
9 1344420693952500 -2156472 53656 -247664 0
9 1344420693955000 -2155752 53352 -245912 0
9 1344420693957500 -2156928 52576 -247280 0
9 1344420693960000 -2156224 52992 -245912 0
9 1344420693962500 -2156672 53280 -246712 0
9 1344420693965000 -2155984 54528 -246072 0
9 1344420693967500 -2159344 53616 -247592 0
9 1344420693970000 -2156304 53248 -247256 0
9 1344420693972500 -2157528 54960 -246328 0
9 1344420693975000 -2158264 54056 -247808 0
9 1344420693977500 -2157912 53784 -246232 0
9 1344420693980000 -2156016 53128 -246624 0
9 1344420693982500 -2156816 54616 -246840 0
9 1344420693985000 -2156000 53136 -247912 0
9 1344420693987500 -2157488 54832 -246104 0
9 1344420693990000 -2157464 55032 -247352 0
9 1344420693992500 -2159848 55032 -245568 0
9 1344420693995000 -2157728 54504 -245840 0
9 1344420693997500 -2158648 54464 -247616 0
