9 1344420685400000 -2156576 53864 -246192 0
9 1344420685402500 -2157888 53632 -246864 0
9 1344420685405000 -2157008 53592 -247088 0
9 1344420685407500 -2156408 54496 -246584 0
9 1344420685410000 -2156928 53752 -245896 0
9 1344420685412500 -2156640 53672 -246488 0
9 1344420685415000 -2156760 53744 -246736 0
9 1344420685417500 -2157752 53568 -246616 0
9 1344420685420000 -2156768 53592 -246936 0
9 1344420685422500 -2156496 54152 -246960 0
9 1344420685425000 -2157520 54616 -245528 0
9 1344420685427500 -2158320 54536 -245608 0
9 1344420685430000 -2157824 54040 -247896 0
9 1344420685432500 -2157632 54704 -245976 0
9 1344420685435000 -2156536 53504 -245672 0
9 1344420685437500 -2157128 54688 -246648 0
9 1344420685440000 -2156896 55472 -246416 0
9 1344420685442500 -2155968 54424 -246272 0
9 1344420685445000 -2157528 53960 -246520 0
9 1344420685447500 -2156808 54288 -245968 0
9 1344420685450000 -2156544 53528 -246024 0
9 1344420685452500 -2156544 53776 -246184 0
9 1344420685455000 -2156328 53224 -246240 0
9 1344420685457500 -2156952 53544 -245744 0
9 1344420685460000 -2157032 54440 -247496 0
9 1344420685462500 -2157360 53920 -246920 0
9 1344420685465000 -2157296 53576 -246592 0
9 1344420685467500 -2159336 53960 -246688 0
9 1344420685470000 -2158392 54704 -246136 0
9 1344420685472500 -2157736 54136 -246024 0
9 1344420685475000 -2157104 54008 -246240 0
9 1344420685477500 -2157744 55368 -247760 0
9 1344420685480000 -2156728 54472 -246208 0
9 1344420685482500 -2156872 54872 -247448 0
9 1344420685485000 -2156728 54144 -246440 0
9 1344420685487500 -2157320 54928 -246120 0
9 1344420685490000 -2156744 54600 -246904 0
9 1344420685492500 -2157072 53720 -246792 0
9 1344420685495000 -2157368 53752 -246488 0
9 1344420685497500 -2157136 53664 -245872 0
