9 1344420713500000 -2157896 54440 -246584 0
9 1344420713502500 -2156760 53864 -246424 0
9 1344420713505000 -2157752 53912 -246760 0
9 1344420713507500 -2158024 52856 -246184 0
9 1344420713510000 -2157480 54664 -246856 0
9 1344420713512500 -2157872 55072 -246608 0
9 1344420713515000 -2158376 54600 -246320 0
9 1344420713517500 -2157720 54576 -245848 0
9 1344420713520000 -2157232 55424 -244808 0
9 1344420713522500 -2156640 54696 -247088 0
9 1344420713525000 -2156216 54552 -246880 0
9 1344420713527500 -2156336 54048 -245936 0
9 1344420713530000 -2156952 54352 -247872 0
9 1344420713532500 -2157216 54736 -246744 0
9 1344420713535000 -2156640 54480 -247032 0
9 1344420713537500 -2156568 54968 -246608 0
9 1344420713540000 -2157176 54112 -246640 0
9 1344420713542500 -2156872 54696 -246688 0
9 1344420713545000 -2157368 54120 -246992 0
9 1344420713547500 -2157384 54768 -247488 0
9 1344420713550000 -2156896 55440 -247696 0
9 1344420713552500 -2156376 54208 -247800 0
9 1344420713555000 -2156608 54344 -246072 0
9 1344420713557500 -2156848 53848 -246512 0
9 1344420713560000 -2158856 53456 -246984 0
9 1344420713562500 -2156432 54008 -246144 0
9 1344420713565000 -2157216 54496 -245928 0
9 1344420713567500 -2157208 53216 -246400 0
9 1344420713570000 -2157344 54488 -245616 0
9 1344420713572500 -2158232 54376 -246720 0
9 1344420713575000 -2157512 53824 -246056 0
9 1344420713577500 -2158088 55696 -246720 0
9 1344420713580000 -2157040 53400 -246976 0
9 1344420713582500 -2157144 54224 -247280 0
9 1344420713585000 -2156864 54776 -246264 0
9 1344420713587500 -2156928 53176 -247376 0
9 1344420713590000 -2155392 53504 -246464 0
9 1344420713592500 -2156576 54808 -247624 0
9 1344420713595000 -2156240 54520 -247464 0
9 1344420713597500 -2156936 55576 -247416 0
