9 1344420674100000 -2157376 54896 -246624 0
9 1344420674102500 -2156200 54240 -246800 0
9 1344420674105000 -2155992 54400 -247576 0
9 1344420674107500 -2157472 55320 -247632 0
9 1344420674110000 -2157832 54352 -247752 0
9 1344420674112500 -2158120 53464 -248016 0
9 1344420674115000 -2157192 53992 -246792 0
9 1344420674117500 -2157944 54328 -246432 0
9 1344420674120000 -2156136 54360 -247296 0
9 1344420674122500 -2156896 54120 -245896 0
9 1344420674125000 -2157488 54208 -245752 0
9 1344420674127500 -2157176 53736 -247200 0
9 1344420674130000 -2156232 53256 -246880 0
9 1344420674132500 -2157072 54352 -246376 0
9 1344420674135000 -2156648 53008 -247304 0
9 1344420674137500 -2156568 54896 -248384 0
9 1344420674140000 -2158160 53400 -246304 0
9 1344420674142500 -2156504 54448 -246296 0
9 1344420674145000 -2156776 53416 -247240 0
9 1344420674147500 -2155632 53272 -245912 0
9 1344420674150000 -2156224 54592 -247056 0
9 1344420674152500 -2157224 52888 -246856 0
9 1344420674155000 -2156872 54736 -247040 0
9 1344420674157500 -2157016 54016 -245920 0
9 1344420674160000 -2157592 53232 -247160 0
9 1344420674162500 -2157440 53776 -246688 0
9 1344420674165000 -2157536 53312 -245584 0
9 1344420674167500 -2156656 54656 -247576 0
9 1344420674170000 -2157832 53368 -246456 0
9 1344420674172500 -2158784 54976 -247384 0
9 1344420674175000 -2157248 54816 -247160 0
9 1344420674177500 -2157632 53008 -245640 0
9 1344420674180000 -2157144 53120 -247264 0
9 1344420674182500 -2157008 53432 -247536 0
9 1344420674185000 -2157616 52984 -247712 0
9 1344420674187500 -2156488 54144 -247104 0
9 1344420674190000 -2157784 53064 -246760 0
9 1344420674192500 -2157472 52744 -246352 0
9 1344420674195000 -2156056 54328 -245592 0
9 1344420674197500 -2157584 53064 -246696 0
