9 1344420714200000 -2157144 53392 -247024 0
9 1344420714202500 -2157584 54160 -246616 0
9 1344420714205000 -2155840 52992 -246440 0
9 1344420714207500 -2156304 53872 -247096 0
9 1344420714210000 -2158192 54008 -247888 0
9 1344420714212500 -2155400 53912 -247344 0
9 1344420714215000 -2157256 54024 -245816 0
9 1344420714217500 -2156376 53176 -247024 0
9 1344420714220000 -2156520 53696 -246160 0
9 1344420714222500 -2155992 54080 -247064 0
9 1344420714225000 -2156616 53752 -247120 0
9 1344420714227500 -2156992 54224 -246808 0
9 1344420714230000 -2157368 52712 -247208 0
9 1344420714232500 -2155640 53424 -245216 0
9 1344420714235000 -2156056 54032 -246504 0
9 1344420714237500 -2155856 53448 -246928 0
9 1344420714240000 -2156064 54952 -247008 0
9 1344420714242500 -2156104 53568 -246576 0
9 1344420714245000 -2157496 53288 -246656 0
9 1344420714247500 -2157344 53832 -247704 0
9 1344420714250000 -2155504 53736 -246296 0
9 1344420714252500 -2156360 54624 -247400 0
9 1344420714255000 -2156960 54304 -246656 0
9 1344420714257500 -2157600 54208 -246976 0
9 1344420714260000 -2156312 53272 -246376 0
9 1344420714262500 -2156464 53632 -246704 0
9 1344420714265000 -2156104 54376 -246968 0
9 1344420714267500 -2156208 53440 -245736 0
9 1344420714270000 -2156424 54088 -246744 0
9 1344420714272500 -2155656 53672 -246320 0
9 1344420714275000 -2157024 54416 -246616 0
9 1344420714277500 -2156616 54448 -245832 0
9 1344420714280000 -2157600 53776 -247632 0
9 1344420714282500 -2156152 53968 -245856 0
9 1344420714285000 -2156344 53400 -245320 0
9 1344420714287500 -2157216 55128 -246368 0
9 1344420714290000 -2157368 55592 -245448 0
9 1344420714292500 -2156032 53240 -247080 0
9 1344420714295000 -2156816 53408 -247632 0
9 1344420714297500 -2156736 54952 -246640 0
