9 1344420669400000 -2157800 53632 -246656 0
9 1344420669402500 -2157224 53384 -247120 0
9 1344420669405000 -2156456 53920 -246688 0
9 1344420669407500 -2156376 54392 -245760 0
9 1344420669410000 -2157096 54152 -247368 0
9 1344420669412500 -2157120 54912 -246624 0
9 1344420669415000 -2157776 53416 -247376 0
9 1344420669417500 -2157824 54968 -246800 0
9 1344420669420000 -2157640 54624 -245912 0
9 1344420669422500 -2156888 53272 -245568 0
9 1344420669425000 -2157224 53728 -245736 0
9 1344420669427500 -2157584 54216 -248688 0
9 1344420669430000 -2156960 54496 -245472 0
9 1344420669432500 -2156872 53720 -246112 0
9 1344420669435000 -2156672 53976 -246640 0
9 1344420669437500 -2156256 54752 -246776 0
9 1344420669440000 -2157424 53656 -246472 0
9 1344420669442500 -2156896 53872 -246672 0
9 1344420669445000 -2157592 54648 -247032 0
9 1344420669447500 -2157120 54272 -246008 0
9 1344420669450000 -2157848 55536 -247664 0
9 1344420669452500 -2156720 53752 -246472 0
9 1344420669455000 -2157600 54808 -245792 0
9 1344420669457500 -2156912 54616 -247544 0
9 1344420669460000 -2157120 52800 -246728 0
9 1344420669462500 -2157024 54456 -245128 0
9 1344420669465000 -2156792 56816 -246888 0
9 1344420669467500 -2157416 54664 -245704 0
9 1344420669470000 -2157328 53888 -246816 0
9 1344420669472500 -2157120 54824 -247368 0
9 1344420669475000 -2155736 53904 -246960 0
9 1344420669477500 -2157016 54328 -247080 0
9 1344420669480000 -2157360 54304 -246456 0
9 1344420669482500 -2157288 54264 -245792 0
9 1344420669485000 -2156600 53968 -247856 0
9 1344420669487500 -2157360 54432 -245576 0
9 1344420669490000 -2156720 54320 -246536 0
9 1344420669492500 -2156960 53560 -246096 0
9 1344420669495000 -2156328 54872 -245888 0
9 1344420669497500 -2156992 52936 -246008 0
