9 1344420710900000 -2157120 54080 -246848 0
9 1344420710902500 -2156792 53960 -246336 0
9 1344420710905000 -2158360 54272 -247336 0
9 1344420710907500 -2157496 53880 -247480 0
9 1344420710910000 -2158120 53688 -247536 0
9 1344420710912500 -2157344 53624 -246632 0
9 1344420710915000 -2156992 54040 -246856 0
9 1344420710917500 -2158416 53416 -246784 0
9 1344420710920000 -2156384 52696 -246992 0
9 1344420710922500 -2157680 54824 -247160 0
9 1344420710925000 -2156384 52848 -247720 0
9 1344420710927500 -2156840 53096 -246880 0
9 1344420710930000 -2156584 55464 -247536 0
9 1344420710932500 -2157320 54624 -247224 0
9 1344420710935000 -2156456 54144 -246152 0
9 1344420710937500 -2156232 53856 -246640 0
9 1344420710940000 -2156720 53384 -246696 0
9 1344420710942500 -2157280 52896 -247552 0
9 1344420710945000 -2156816 53896 -246488 0
9 1344420710947500 -2158800 53568 -246312 0
9 1344420710950000 -2157528 53104 -247048 0
9 1344420710952500 -2157272 54064 -246048 0
9 1344420710955000 -2156976 53376 -246728 0
9 1344420710957500 -2157096 53816 -246200 0
9 1344420710960000 -2156696 53464 -247416 0
9 1344420710962500 -2157472 53824 -246144 0
9 1344420710965000 -2157664 53216 -246312 0
9 1344420710967500 -2156720 53608 -246800 0
9 1344420710970000 -2157400 53952 -246488 0
9 1344420710972500 -2156416 53824 -246280 0
9 1344420710975000 -2156984 54120 -246840 0
9 1344420710977500 -2157288 53344 -246440 0
9 1344420710980000 -2157840 53464 -247008 0
9 1344420710982500 -2157568 55152 -245656 0
9 1344420710985000 -2156616 52792 -246400 0
9 1344420710987500 -2157136 53032 -245952 0
9 1344420710990000 -2157488 54072 -247424 0
9 1344420710992500 -2155768 54768 -245712 0
9 1344420710995000 -2156872 54736 -247120 0
9 1344420710997500 -2157368 54200 -247224 0
