9 1344420674200000 -2157616 53304 -247888 0
9 1344420674202500 -2156448 53648 -246624 0
9 1344420674205000 -2156464 53632 -247384 0
9 1344420674207500 -2156408 53232 -247496 0
9 1344420674210000 -2156928 54208 -247160 0
9 1344420674212500 -2156792 52848 -246352 0
9 1344420674215000 -2156544 53000 -247088 0
9 1344420674217500 -2155840 54352 -247720 0
9 1344420674220000 -2157312 52648 -246568 0
9 1344420674222500 -2155360 53816 -246560 0
9 1344420674225000 -2156952 53760 -246696 0
9 1344420674227500 -2157648 54040 -246824 0
9 1344420674230000 -2157712 53784 -246888 0
9 1344420674232500 -2156520 53888 -247320 0
9 1344420674235000 -2157312 54128 -247264 0
9 1344420674237500 -2156952 54336 -246448 0
9 1344420674240000 -2156496 53792 -246336 0
9 1344420674242500 -2156664 54432 -246176 0
9 1344420674245000 -2156336 54320 -247088 0
9 1344420674247500 -2157760 53304 -246624 0
9 1344420674250000 -2156744 54688 -248440 0
9 1344420674252500 -2156552 53120 -246696 0
9 1344420674255000 -2155816 53728 -247320 0
9 1344420674257500 -2156968 53528 -246576 0
9 1344420674260000 -2157184 54528 -247496 0
9 1344420674262500 -2157936 52176 -247352 0
9 1344420674265000 -2158216 53952 -246632 0
9 1344420674267500 -2155992 54672 -246768 0
9 1344420674270000 -2157376 53776 -247080 0
9 1344420674272500 -2155728 53368 -247712 0
9 1344420674275000 -2156544 53792 -246456 0
9 1344420674277500 -2157456 53416 -247544 0
9 1344420674280000 -2157352 52448 -247000 0
9 1344420674282500 -2157296 55672 -246560 0
9 1344420674285000 -2157296 54480 -246488 0
9 1344420674287500 -2156480 54976 -247784 0
9 1344420674290000 -2156544 54000 -246256 0
9 1344420674292500 -2157600 53712 -247264 0
9 1344420674295000 -2157040 54152 -247576 0
9 1344420674297500 -2157376 54064 -245848 0
