9 1344420704700000 -2157192 53416 -246600 0
9 1344420704702500 -2156832 53968 -246312 0
9 1344420704705000 -2155648 54464 -246000 0
9 1344420704707500 -2155880 54712 -247360 0
9 1344420704710000 -2157208 54288 -246312 0
9 1344420704712500 -2157208 53296 -245984 0
9 1344420704715000 -2156976 54048 -246080 0
9 1344420704717500 -2156768 54896 -246264 0
9 1344420704720000 -2156176 55232 -245488 0
9 1344420704722500 -2157336 53752 -247416 0
9 1344420704725000 -2157736 54592 -247056 0
9 1344420704727500 -2156272 54328 -247392 0
9 1344420704730000 -2157296 54208 -246304 0
9 1344420704732500 -2157928 54592 -246592 0
9 1344420704735000 -2157360 55568 -246840 0
9 1344420704737500 -2157280 54808 -246472 0
9 1344420704740000 -2156648 54592 -246864 0
9 1344420704742500 -2157264 54472 -246312 0
9 1344420704745000 -2157104 54744 -246552 0
9 1344420704747500 -2158072 53296 -246296 0
9 1344420704750000 -2156752 53048 -246936 0
9 1344420704752500 -2157232 53960 -245952 0
9 1344420704755000 -2156232 54160 -245992 0
9 1344420704757500 -2157232 53584 -246128 0
9 1344420704760000 -2156600 54288 -246504 0
9 1344420704762500 -2157616 55256 -247560 0
9 1344420704765000 -2156312 53656 -246712 0
9 1344420704767500 -2159440 54632 -245744 0
9 1344420704770000 -2157488 54720 -245736 0
9 1344420704772500 -2157616 54704 -245960 0
9 1344420704775000 -2156448 53776 -246144 0
9 1344420704777500 -2156304 54064 -245864 0
9 1344420704780000 -2156624 54560 -247520 0
9 1344420704782500 -2156248 54040 -247264 0
9 1344420704785000 -2155952 54680 -247264 0
9 1344420704787500 -2157808 53960 -246512 0
9 1344420704790000 -2156952 54152 -247632 0
9 1344420704792500 -2155808 54728 -246368 0
9 1344420704795000 -2157040 54944 -245992 0
9 1344420704797500 -2157080 53920 -246512 0
