9 1344420694400000 -2155208 53872 -246848 0
9 1344420694402500 -2157896 53976 -247096 0
9 1344420694405000 -2157328 54064 -246776 0
9 1344420694407500 -2157832 54408 -246576 0
9 1344420694410000 -2158544 55200 -247040 0
9 1344420694412500 -2156696 54152 -246784 0
9 1344420694415000 -2157640 54560 -246072 0
9 1344420694417500 -2157560 54512 -246696 0
9 1344420694420000 -2156680 53600 -246880 0
9 1344420694422500 -2157312 53112 -247320 0
9 1344420694425000 -2156528 53672 -246392 0
9 1344420694427500 -2155120 54208 -247672 0
9 1344420694430000 -2156864 53904 -247808 0
9 1344420694432500 -2156928 54296 -246656 0
9 1344420694435000 -2157576 54272 -246448 0
9 1344420694437500 -2155992 54968 -247208 0
9 1344420694440000 -2157728 55480 -246456 0
9 1344420694442500 -2156832 55240 -246448 0
9 1344420694445000 -2159088 54008 -246576 0
9 1344420694447500 -2155344 53736 -245688 0
9 1344420694450000 -2157744 54200 -247080 0
9 1344420694452500 -2155904 54672 -246072 0
9 1344420694455000 -2158896 55200 -248064 0
9 1344420694457500 -2155160 52776 -247760 0
9 1344420694460000 -2156704 54648 -247592 0
9 1344420694462500 -2156480 53264 -246792 0
9 1344420694465000 -2156288 54232 -246296 0
9 1344420694467500 -2155360 52968 -246360 0
9 1344420694470000 -2158208 55928 -246008 0
9 1344420694472500 -2156544 54440 -247344 0
9 1344420694475000 -2156936 54248 -248480 0
9 1344420694477500 -2158144 52952 -247184 0
9 1344420694480000 -2157424 54272 -245952 0
9 1344420694482500 -2158008 55136 -245888 0
9 1344420694485000 -2155208 53936 -246752 0
9 1344420694487500 -2157896 53880 -246808 0
9 1344420694490000 -2157632 53640 -246400 0
9 1344420694492500 -2157944 54488 -246280 0
9 1344420694495000 -2156072 52984 -246544 0
9 1344420694497500 -2159352 54168 -246432 0
