9 1344420682100000 -2146016 53488 -248080 0
9 1344420682102500 -2160024 55016 -246744 0
9 1344420682105000 -2162624 54976 -245616 0
9 1344420682107500 -2152456 53136 -246184 0
9 1344420682110000 -2157624 55368 -245456 0
9 1344420682112500 -2160168 55240 -247008 0
9 1344420682115000 -2151808 53008 -245840 0
9 1344420682117500 -2160240 54312 -248680 0
9 1344420682120000 -2154128 53944 -245456 0
9 1344420682122500 -2156728 55264 -246720 0
9 1344420682125000 -2156576 53488 -245896 0
9 1344420682127500 -2159784 54040 -245896 0
9 1344420682130000 -2152392 54008 -246816 0
9 1344420682132500 -2157480 53800 -247624 0
9 1344420682135000 -2157272 53960 -245240 0
9 1344420682137500 -2157176 55048 -246816 0
9 1344420682140000 -2154792 51992 -246120 0
9 1344420682142500 -2161240 54992 -246216 0
9 1344420682145000 -2155544 52912 -247024 0
9 1344420682147500 -2155976 53744 -247896 0
9 1344420682150000 -2157448 54728 -246608 0
9 1344420682152500 -2159416 53912 -246080 0
9 1344420682155000 -2155120 52832 -246456 0
9 1344420682157500 -2157048 54432 -246408 0
9 1344420682160000 -2154904 53216 -246336 0
9 1344420682162500 -2160480 54088 -245744 0
9 1344420682165000 -2154928 53560 -245616 0
9 1344420682167500 -2155152 54624 -248008 0
9 1344420682170000 -2158000 53112 -246000 0
9 1344420682172500 -2158880 53800 -246456 0
9 1344420682175000 -2153864 54528 -248176 0
9 1344420682177500 -2156392 53272 -247072 0
9 1344420682180000 -2158856 53000 -246472 0
9 1344420682182500 -2156880 53168 -247472 0
9 1344420682185000 -2154408 55016 -248360 0
9 1344420682187500 -2159368 54024 -247032 0
9 1344420682190000 -2156736 51352 -246688 0
9 1344420682192500 -2157624 54592 -246912 0
9 1344420682195000 -2154072 52648 -247192 0
9 1344420682197500 -2160208 53280 -245752 0
