9 1344420680300000 -2156896 52576 -247456 0
9 1344420680302500 -2157016 53440 -246496 0
9 1344420680305000 -2157496 54208 -247352 0
9 1344420680307500 -2157096 53992 -246320 0
9 1344420680310000 -2156592 52864 -247184 0
9 1344420680312500 -2157104 54584 -245984 0
9 1344420680315000 -2157576 53384 -247256 0
9 1344420680317500 -2156504 52664 -247032 0
9 1344420680320000 -2157152 53136 -247984 0
9 1344420680322500 -2157464 53192 -247504 0
9 1344420680325000 -2157864 54240 -245600 0
9 1344420680327500 -2155984 54392 -246888 0
9 1344420680330000 -2156576 54408 -245048 0
9 1344420680332500 -2158112 53688 -247984 0
9 1344420680335000 -2157080 53544 -246320 0
9 1344420680337500 -2157248 54016 -246152 0
9 1344420680340000 -2157024 53432 -246352 0
9 1344420680342500 -2158728 53088 -246120 0
9 1344420680345000 -2156608 54400 -246872 0
9 1344420680347500 -2157720 53336 -246848 0
9 1344420680350000 -2157688 53008 -246624 0
9 1344420680352500 -2157816 53008 -246792 0
9 1344420680355000 -2156728 53736 -246616 0
9 1344420680357500 -2157080 53616 -246264 0
9 1344420680360000 -2157960 53336 -247256 0
9 1344420680362500 -2157840 52424 -246320 0
9 1344420680365000 -2156440 52392 -247232 0
9 1344420680367500 -2157528 52736 -247840 0
9 1344420680370000 -2157448 53264 -247520 0
9 1344420680372500 -2158080 54312 -247128 0
9 1344420680375000 -2156904 52640 -247216 0
9 1344420680377500 -2157264 53040 -246200 0
9 1344420680380000 -2156152 54384 -246056 0
9 1344420680382500 -2156760 53216 -247192 0
9 1344420680385000 -2156664 53944 -246336 0
9 1344420680387500 -2157896 54328 -248032 0
9 1344420680390000 -2157576 52184 -247608 0
9 1344420680392500 -2156736 54096 -247200 0
9 1344420680395000 -2157336 52544 -247256 0
9 1344420680397500 -2157424 54216 -246936 0
