9 1344420682200000 -2155472 53136 -246840 0
9 1344420682202500 -2157320 53928 -247640 0
9 1344420682205000 -2156016 53128 -245672 0
9 1344420682207500 -2159584 53992 -246176 0
9 1344420682210000 -2156072 52664 -246264 0
9 1344420682212500 -2155280 54008 -247840 0
9 1344420682215000 -2156024 54040 -246928 0
9 1344420682217500 -2158808 54152 -247120 0
9 1344420682220000 -2155808 54552 -247648 0
9 1344420682222500 -2157336 55048 -246360 0
9 1344420682225000 -2156416 53896 -245552 0
9 1344420682227500 -2157832 54272 -244912 0
9 1344420682230000 -2155024 54072 -246792 0
9 1344420682232500 -2162192 57400 -250528 0
9 1344420682235000 -2153800 53008 -243344 0
9 1344420682237500 -2158336 53672 -243968 0
9 1344420682240000 -2155480 56336 -249584 0
9 1344420682242500 -2156264 55920 -248800 0
9 1344420682245000 -2157824 49528 -241576 0
9 1344420682247500 -2159072 54600 -247504 0
9 1344420682250000 -2145696 56552 -250248 0
9 1344420682252500 -2159288 54304 -245616 0
9 1344420682255000 -2165912 50920 -242856 0
9 1344420682257500 -2150464 55176 -248960 0
9 1344420682260000 -2150312 54976 -250480 0
9 1344420682262500 -2163784 52680 -242800 0
9 1344420682265000 -2157240 54656 -246896 0
9 1344420682267500 -2149136 55440 -250592 0
9 1344420682270000 -2157104 53240 -245728 0
9 1344420682272500 -2164840 53208 -245536 0
9 1344420682275000 -2149896 53992 -249152 0
9 1344420682277500 -2158248 54712 -247648 0
9 1344420682280000 -2161816 52496 -245312 0
9 1344420682282500 -2158232 54488 -247120 0
9 1344420682285000 -2149528 51944 -246384 0
9 1344420682287500 -2162648 55944 -247592 0
9 1344420682290000 -2158256 54776 -246816 0
9 1344420682292500 -2155928 51192 -244784 0
9 1344420682295000 -2157032 53592 -246152 0
9 1344420682297500 -2154224 56424 -248640 0
