9 1344420678700000 -2157088 53856 -246944 0
9 1344420678702500 -2155584 54112 -247232 0
9 1344420678705000 -2157944 52752 -246272 0
9 1344420678707500 -2157744 53168 -247448 0
9 1344420678710000 -2156808 53664 -246488 0
9 1344420678712500 -2158272 53632 -247224 0
9 1344420678715000 -2156928 54040 -246032 0
9 1344420678717500 -2156784 54728 -246392 0
9 1344420678720000 -2156368 55064 -247144 0
9 1344420678722500 -2157120 54744 -246680 0
9 1344420678725000 -2156408 54296 -246136 0
9 1344420678727500 -2157664 54864 -247064 0
9 1344420678730000 -2156816 54368 -246824 0
9 1344420678732500 -2155960 53528 -245976 0
9 1344420678735000 -2155864 54504 -246824 0
9 1344420678737500 -2156704 54640 -247176 0
9 1344420678740000 -2156760 53840 -246960 0
9 1344420678742500 -2157704 53312 -246720 0
9 1344420678745000 -2158056 53912 -247272 0
9 1344420678747500 -2156520 53008 -247632 0
9 1344420678750000 -2158280 54296 -246504 0
9 1344420678752500 -2156504 54888 -246528 0
9 1344420678755000 -2156800 53784 -247504 0
9 1344420678757500 -2157088 54120 -247608 0
9 1344420678760000 -2156280 53824 -247216 0
9 1344420678762500 -2157928 54288 -245784 0
9 1344420678765000 -2156640 53712 -247416 0
9 1344420678767500 -2157640 55000 -246112 0
9 1344420678770000 -2157496 53296 -246832 0
9 1344420678772500 -2157648 53368 -246568 0
9 1344420678775000 -2157520 52952 -246536 0
9 1344420678777500 -2156544 54872 -246680 0
9 1344420678780000 -2157560 54016 -247152 0
9 1344420678782500 -2158064 53808 -247360 0
9 1344420678785000 -2157064 53664 -245936 0
9 1344420678787500 -2156896 54112 -245704 0
9 1344420678790000 -2157880 54384 -245160 0
9 1344420678792500 -2156104 53184 -247112 0
9 1344420678795000 -2156928 53992 -246856 0
9 1344420678797500 -2157240 54928 -246872 0
