9 1344420713800000 -2157368 53400 -245744 0
9 1344420713802500 -2156896 54304 -246536 0
9 1344420713805000 -2157280 54000 -246288 0
9 1344420713807500 -2156720 54888 -247104 0
9 1344420713810000 -2157000 53344 -246664 0
9 1344420713812500 -2156960 53368 -246584 0
9 1344420713815000 -2157528 53800 -246000 0
9 1344420713817500 -2157864 53504 -245944 0
9 1344420713820000 -2157328 53952 -247512 0
9 1344420713822500 -2156584 53576 -247568 0
9 1344420713825000 -2157408 54648 -247376 0
9 1344420713827500 -2158440 53776 -245704 0
9 1344420713830000 -2156608 53608 -246368 0
9 1344420713832500 -2157048 53984 -247792 0
9 1344420713835000 -2158000 53256 -246472 0
9 1344420713837500 -2157768 54912 -246552 0
9 1344420713840000 -2157824 55008 -246920 0
9 1344420713842500 -2156808 55264 -246504 0
9 1344420713845000 -2157792 54560 -247352 0
9 1344420713847500 -2158064 55064 -246736 0
9 1344420713850000 -2156560 54624 -246728 0
9 1344420713852500 -2157640 53688 -246896 0
9 1344420713855000 -2156768 54024 -246680 0
9 1344420713857500 -2157336 54768 -248096 0
9 1344420713860000 -2155704 54416 -244592 0
9 1344420713862500 -2156584 55464 -247496 0
9 1344420713865000 -2157088 54696 -247296 0
9 1344420713867500 -2156936 54072 -247904 0
9 1344420713870000 -2158568 53424 -246808 0
9 1344420713872500 -2156776 54240 -246376 0
9 1344420713875000 -2156032 55016 -246120 0
9 1344420713877500 -2156880 55168 -246496 0
9 1344420713880000 -2157016 54096 -246824 0
9 1344420713882500 -2155992 55064 -247160 0
9 1344420713885000 -2157056 52784 -247336 0
9 1344420713887500 -2156104 54864 -246608 0
9 1344420713890000 -2159280 54672 -246136 0
9 1344420713892500 -2157608 54288 -245872 0
9 1344420713895000 -2156968 55192 -246616 0
9 1344420713897500 -2156080 53760 -245664 0
