9 1344420687000000 -2157696 53504 -247576 0
9 1344420687002500 -2156768 53680 -247480 0
9 1344420687005000 -2156392 54224 -246728 0
9 1344420687007500 -2158336 54008 -247072 0
9 1344420687010000 -2156560 55048 -245808 0
9 1344420687012500 -2157360 53040 -246224 0
9 1344420687015000 -2156832 55032 -246688 0
9 1344420687017500 -2157888 55672 -246632 0
9 1344420687020000 -2157832 54088 -246224 0
9 1344420687022500 -2156400 54728 -246960 0
9 1344420687025000 -2157272 54856 -245824 0
9 1344420687027500 -2156000 54640 -245848 0
9 1344420687030000 -2157680 54440 -247352 0
9 1344420687032500 -2155912 54992 -246936 0
9 1344420687035000 -2157328 54328 -245120 0
9 1344420687037500 -2156656 53680 -246472 0
9 1344420687040000 -2156536 54448 -246712 0
9 1344420687042500 -2156688 53432 -247120 0
9 1344420687045000 -2155608 54528 -245880 0
9 1344420687047500 -2156656 54216 -247112 0
9 1344420687050000 -2156472 54112 -247360 0
9 1344420687052500 -2156384 54432 -246520 0
9 1344420687055000 -2157000 54424 -246464 0
9 1344420687057500 -2157056 54328 -247168 0
9 1344420687060000 -2158144 53936 -246184 0
9 1344420687062500 -2157096 53496 -245976 0
9 1344420687065000 -2155856 54360 -246048 0
9 1344420687067500 -2157312 53936 -246768 0
9 1344420687070000 -2157528 53464 -247608 0
9 1344420687072500 -2157456 54408 -246616 0
9 1344420687075000 -2158328 53800 -246624 0
9 1344420687077500 -2157064 54024 -247440 0
9 1344420687080000 -2157120 53384 -246112 0
9 1344420687082500 -2156944 53504 -246704 0
9 1344420687085000 -2157008 54024 -246448 0
9 1344420687087500 -2157048 53576 -246336 0
9 1344420687090000 -2157816 54152 -247008 0
9 1344420687092500 -2157680 54816 -246920 0
9 1344420687095000 -2156504 54176 -247112 0
9 1344420687097500 -2157648 52864 -247512 0
