9 1344420707000000 -2157088 53640 -245648 0
9 1344420707002500 -2155320 52816 -246192 0
9 1344420707005000 -2156112 54128 -247616 0
9 1344420707007500 -2158152 54224 -247784 0
9 1344420707010000 -2155936 54248 -246264 0
9 1344420707012500 -2157696 53688 -246360 0
9 1344420707015000 -2156632 53032 -246712 0
9 1344420707017500 -2157280 55320 -246760 0
9 1344420707020000 -2157208 54960 -247496 0
9 1344420707022500 -2156216 54088 -246760 0
9 1344420707025000 -2156744 55032 -246616 0
9 1344420707027500 -2157080 53808 -246672 0
9 1344420707030000 -2157640 53680 -245696 0
9 1344420707032500 -2158256 54488 -246416 0
9 1344420707035000 -2156528 53656 -247424 0
9 1344420707037500 -2156968 53968 -246424 0
9 1344420707040000 -2156440 53600 -246336 0
9 1344420707042500 -2156152 53544 -247576 0
9 1344420707045000 -2156680 54480 -245888 0
9 1344420707047500 -2157064 54776 -246072 0
9 1344420707050000 -2157688 53296 -245776 0
9 1344420707052500 -2158320 53944 -246152 0
9 1344420707055000 -2156664 54576 -246032 0
9 1344420707057500 -2158096 53848 -247304 0
9 1344420707060000 -2156752 53680 -247240 0
9 1344420707062500 -2157304 55232 -246424 0
9 1344420707065000 -2157216 54512 -246320 0
9 1344420707067500 -2157400 54960 -246928 0
9 1344420707070000 -2156232 53152 -246528 0
9 1344420707072500 -2156120 54032 -246200 0
9 1344420707075000 -2155976 53944 -245984 0
9 1344420707077500 -2157656 54632 -247040 0
9 1344420707080000 -2156992 54112 -246680 0
9 1344420707082500 -2158144 55592 -245680 0
9 1344420707085000 -2156784 54688 -246656 0
9 1344420707087500 -2156872 54904 -246176 0
9 1344420707090000 -2157112 54072 -246712 0
9 1344420707092500 -2157232 55128 -245320 0
9 1344420707095000 -2157168 54696 -246088 0
9 1344420707097500 -2155296 54064 -246272 0
