9 1344420684600000 -2155848 54464 -246920 0
9 1344420684602500 -2156712 55144 -247328 0
9 1344420684605000 -2157976 54320 -247120 0
9 1344420684607500 -2157096 52744 -247160 0
9 1344420684610000 -2157328 54208 -246168 0
9 1344420684612500 -2157760 53472 -246416 0
9 1344420684615000 -2157800 53936 -245672 0
9 1344420684617500 -2156216 53680 -246008 0
9 1344420684620000 -2156784 54120 -246776 0
9 1344420684622500 -2157784 52760 -246200 0
9 1344420684625000 -2157576 54304 -247160 0
9 1344420684627500 -2156920 54616 -246976 0
9 1344420684630000 -2157352 52832 -247560 0
9 1344420684632500 -2157888 54816 -247664 0
9 1344420684635000 -2157264 52032 -247776 0
9 1344420684637500 -2157200 53288 -246688 0
9 1344420684640000 -2157808 53368 -247360 0
9 1344420684642500 -2157584 54144 -246784 0
9 1344420684645000 -2157288 54312 -247456 0
9 1344420684647500 -2156696 53864 -245880 0
9 1344420684650000 -2156912 53768 -248016 0
9 1344420684652500 -2158360 54544 -246944 0
9 1344420684655000 -2157320 53584 -247144 0
9 1344420684657500 -2157200 53864 -247120 0
9 1344420684660000 -2157136 53360 -246480 0
9 1344420684662500 -2156528 54128 -247032 0
9 1344420684665000 -2156024 53440 -248296 0
9 1344420684667500 -2155688 54128 -247272 0
9 1344420684670000 -2155696 54464 -245664 0
9 1344420684672500 -2157728 55072 -246888 0
9 1344420684675000 -2157968 54000 -246336 0
9 1344420684677500 -2158200 54688 -245904 0
9 1344420684680000 -2158048 53680 -247288 0
9 1344420684682500 -2157200 53432 -246800 0
9 1344420684685000 -2156976 54088 -246712 0
9 1344420684687500 -2155712 53184 -247224 0
9 1344420684690000 -2157376 54048 -246096 0
9 1344420684692500 -2157624 55272 -247648 0
9 1344420684695000 -2156216 54120 -246992 0
9 1344420684697500 -2157192 53968 -246592 0
