9 1344420686900000 -2157480 54056 -246224 0
9 1344420686902500 -2156816 54192 -247184 0
9 1344420686905000 -2157352 52672 -246896 0
9 1344420686907500 -2157400 55272 -247032 0
9 1344420686910000 -2157576 53552 -246928 0
9 1344420686912500 -2157088 53872 -247536 0
9 1344420686915000 -2156496 53536 -245648 0
9 1344420686917500 -2156064 53872 -246480 0
9 1344420686920000 -2156880 53768 -247704 0
9 1344420686922500 -2157280 53632 -247208 0
9 1344420686925000 -2157176 53984 -246288 0
9 1344420686927500 -2156856 54736 -247112 0
9 1344420686930000 -2157440 54776 -246856 0
9 1344420686932500 -2156896 52408 -246928 0
9 1344420686935000 -2157640 53624 -246704 0
9 1344420686937500 -2157968 53768 -247544 0
9 1344420686940000 -2157432 54744 -246936 0
9 1344420686942500 -2157664 54256 -245904 0
9 1344420686945000 -2157544 54328 -247072 0
9 1344420686947500 -2158312 53232 -246384 0
9 1344420686950000 -2155736 54504 -247480 0
9 1344420686952500 -2155432 54592 -248048 0
9 1344420686955000 -2156880 54712 -246792 0
9 1344420686957500 -2156264 53352 -246400 0
9 1344420686960000 -2158176 54272 -246080 0
9 1344420686962500 -2157704 53000 -247280 0
9 1344420686965000 -2157376 55376 -247064 0
9 1344420686967500 -2158656 53240 -246768 0
9 1344420686970000 -2157344 52624 -247440 0
9 1344420686972500 -2156064 53800 -246872 0
9 1344420686975000 -2156280 54264 -246816 0
9 1344420686977500 -2157272 54584 -246024 0
9 1344420686980000 -2155768 54008 -246472 0
9 1344420686982500 -2156688 55424 -245272 0
9 1344420686985000 -2156912 54176 -245936 0
9 1344420686987500 -2157400 53432 -247872 0
9 1344420686990000 -2157072 53144 -247696 0
9 1344420686992500 -2157624 53944 -246096 0
9 1344420686995000 -2157464 54368 -247896 0
9 1344420686997500 -2157240 53104 -246120 0
