9 1344420711900000 -2156848 54136 -246096 0
9 1344420711902500 -2157312 52952 -247200 0
9 1344420711905000 -2155472 54336 -247544 0
9 1344420711907500 -2157520 53344 -246904 0
9 1344420711910000 -2156736 53144 -247608 0
9 1344420711912500 -2156920 53624 -247320 0
9 1344420711915000 -2156544 53688 -246248 0
9 1344420711917500 -2157944 53800 -246592 0
9 1344420711920000 -2157632 54000 -246528 0
9 1344420711922500 -2156264 54152 -247704 0
9 1344420711925000 -2158080 53480 -246456 0
9 1344420711927500 -2157296 53720 -247152 0
9 1344420711930000 -2156416 53032 -247160 0
9 1344420711932500 -2156512 54176 -248008 0
9 1344420711935000 -2156264 53632 -246280 0
9 1344420711937500 -2157640 54512 -247448 0
9 1344420711940000 -2156904 53184 -245896 0
9 1344420711942500 -2157128 54064 -245384 0
9 1344420711945000 -2156592 53800 -247400 0
9 1344420711947500 -2156312 52336 -247144 0
9 1344420711950000 -2156000 53152 -246840 0
9 1344420711952500 -2156864 53952 -247624 0
9 1344420711955000 -2156640 54672 -246352 0
9 1344420711957500 -2156936 53616 -247408 0
9 1344420711960000 -2155832 54128 -246776 0
9 1344420711962500 -2157264 53624 -246936 0
9 1344420711965000 -2156328 52720 -246200 0
9 1344420711967500 -2156568 54576 -245528 0
9 1344420711970000 -2157216 54080 -245608 0
9 1344420711972500 -2156784 54832 -246344 0
9 1344420711975000 -2158136 54160 -246440 0
9 1344420711977500 -2157392 53272 -246168 0
9 1344420711980000 -2157448 53280 -246464 0
9 1344420711982500 -2157056 54536 -246360 0
9 1344420711985000 -2157848 54096 -246384 0
9 1344420711987500 -2157512 55480 -245936 0
9 1344420711990000 -2155272 54448 -246168 0
9 1344420711992500 -2157344 54136 -246176 0
9 1344420711995000 -2156672 54608 -246520 0
9 1344420711997500 -2156408 54752 -247144 0
