9 1344420673400000 -2156728 54160 -245768 0
9 1344420673402500 -2156152 53944 -247512 0
9 1344420673405000 -2156680 54032 -246048 0
9 1344420673407500 -2156128 54712 -245968 0
9 1344420673410000 -2156600 55904 -246128 0
9 1344420673412500 -2157096 54544 -246488 0
9 1344420673415000 -2156496 53424 -245448 0
9 1344420673417500 -2156760 54104 -246520 0
9 1344420673420000 -2157528 53416 -247096 0
9 1344420673422500 -2156944 53824 -246424 0
9 1344420673425000 -2158480 54720 -247328 0
9 1344420673427500 -2156488 54424 -246336 0
9 1344420673430000 -2156992 53064 -246336 0
9 1344420673432500 -2156360 53872 -245480 0
9 1344420673435000 -2156864 54432 -246144 0
9 1344420673437500 -2156088 54488 -245912 0
9 1344420673440000 -2156512 54864 -245344 0
9 1344420673442500 -2157560 54424 -246312 0
9 1344420673445000 -2155736 55288 -247160 0
9 1344420673447500 -2156648 53680 -245856 0
9 1344420673450000 -2156288 54120 -246992 0
9 1344420673452500 -2156096 54680 -245952 0
9 1344420673455000 -2156160 54944 -246352 0
9 1344420673457500 -2157216 54520 -246616 0
9 1344420673460000 -2157440 54256 -245352 0
9 1344420673462500 -2156392 54080 -246496 0
9 1344420673465000 -2157416 54088 -246472 0
9 1344420673467500 -2156232 53176 -247232 0
9 1344420673470000 -2157072 54424 -246560 0
9 1344420673472500 -2157432 54496 -246176 0
9 1344420673475000 -2156944 53176 -247152 0
9 1344420673477500 -2157712 53888 -246936 0
9 1344420673480000 -2157184 54144 -246328 0
9 1344420673482500 -2156872 54520 -246232 0
9 1344420673485000 -2156488 54688 -246096 0
9 1344420673487500 -2157552 54648 -246320 0
9 1344420673490000 -2157192 53832 -246528 0
9 1344420673492500 -2156320 53328 -246552 0
9 1344420673495000 -2156944 54296 -246352 0
9 1344420673497500 -2155696 54416 -246752 0
