9 1344420685800000 -2157336 53824 -246912 0
9 1344420685802500 -2156040 54232 -246120 0
9 1344420685805000 -2157744 54088 -246984 0
9 1344420685807500 -2156640 54144 -245792 0
9 1344420685810000 -2157112 53984 -246416 0
9 1344420685812500 -2157136 52864 -246960 0
9 1344420685815000 -2156200 54096 -248040 0
9 1344420685817500 -2157096 53792 -246480 0
9 1344420685820000 -2157600 54568 -247872 0
9 1344420685822500 -2156512 55184 -247400 0
9 1344420685825000 -2157280 53360 -246384 0
9 1344420685827500 -2156688 53136 -246240 0
9 1344420685830000 -2156544 53688 -246032 0
9 1344420685832500 -2157992 53416 -245832 0
9 1344420685835000 -2157048 54832 -247056 0
9 1344420685837500 -2156368 54216 -245856 0
9 1344420685840000 -2156928 53784 -246904 0
9 1344420685842500 -2158200 53328 -246792 0
9 1344420685845000 -2157456 52968 -246520 0
9 1344420685847500 -2157456 53552 -247584 0
9 1344420685850000 -2156904 54112 -245872 0
9 1344420685852500 -2157776 53824 -246256 0
9 1344420685855000 -2157672 53888 -246624 0
9 1344420685857500 -2157152 54320 -246392 0
9 1344420685860000 -2156896 54400 -247552 0
9 1344420685862500 -2157528 52672 -247088 0
9 1344420685865000 -2155944 52856 -247672 0
9 1344420685867500 -2157640 53512 -246736 0
9 1344420685870000 -2156632 54168 -247888 0
9 1344420685872500 -2156744 54728 -246136 0
9 1344420685875000 -2156728 54496 -247184 0
9 1344420685877500 -2157040 54496 -248384 0
9 1344420685880000 -2157448 54464 -247376 0
9 1344420685882500 -2156976 52872 -246624 0
9 1344420685885000 -2157352 54360 -246264 0
9 1344420685887500 -2158448 54288 -246832 0
9 1344420685890000 -2156248 53584 -246456 0
9 1344420685892500 -2156936 53912 -247088 0
9 1344420685895000 -2157824 54632 -246888 0
9 1344420685897500 -2157328 54304 -246696 0
