9 1344420714100000 -2157176 54520 -245880 0
9 1344420714102500 -2156144 53864 -246544 0
9 1344420714105000 -2157328 54784 -246000 0
9 1344420714107500 -2157016 55128 -245784 0
9 1344420714110000 -2156464 54168 -246424 0
9 1344420714112500 -2158032 54368 -246600 0
9 1344420714115000 -2156600 55080 -247328 0
9 1344420714117500 -2156712 53280 -246312 0
9 1344420714120000 -2156520 53616 -246224 0
9 1344420714122500 -2156688 54328 -246000 0
9 1344420714125000 -2155920 54792 -246296 0
9 1344420714127500 -2156008 54424 -246040 0
9 1344420714130000 -2156104 55000 -246000 0
9 1344420714132500 -2156016 53960 -246160 0
9 1344420714135000 -2157256 54944 -246432 0
9 1344420714137500 -2157424 53944 -246600 0
9 1344420714140000 -2156752 53912 -246448 0
9 1344420714142500 -2157024 54128 -245968 0
9 1344420714145000 -2156136 54088 -246368 0
9 1344420714147500 -2157800 54480 -246944 0
9 1344420714150000 -2156272 55224 -246712 0
9 1344420714152500 -2156312 54488 -245664 0
9 1344420714155000 -2156776 53752 -246592 0
9 1344420714157500 -2156464 53928 -247784 0
9 1344420714160000 -2156512 52952 -246344 0
9 1344420714162500 -2157424 53072 -246248 0
9 1344420714165000 -2155912 53960 -246496 0
9 1344420714167500 -2155736 54464 -246240 0
9 1344420714170000 -2157208 53536 -245952 0
9 1344420714172500 -2156960 54376 -247000 0
9 1344420714175000 -2156240 53104 -245992 0
9 1344420714177500 -2156848 54096 -246072 0
9 1344420714180000 -2156440 54624 -247928 0
9 1344420714182500 -2156504 54416 -247520 0
9 1344420714185000 -2155968 53384 -248008 0
9 1344420714187500 -2157240 54512 -246952 0
9 1344420714190000 -2155872 53496 -247480 0
9 1344420714192500 -2156608 54480 -246488 0
9 1344420714195000 -2157192 53448 -246224 0
9 1344420714197500 -2155376 53216 -247640 0
