9 1344420689200000 -2157072 54088 -246752 0
9 1344420689202500 -2157432 54176 -248096 0
9 1344420689205000 -2155704 55312 -246176 0
9 1344420689207500 -2156456 53200 -247752 0
9 1344420689210000 -2157392 54744 -247192 0
9 1344420689212500 -2157664 54224 -247584 0
9 1344420689215000 -2156600 54808 -246400 0
9 1344420689217500 -2157200 54184 -246136 0
9 1344420689220000 -2157528 54624 -245952 0
9 1344420689222500 -2157696 55464 -247144 0
9 1344420689225000 -2157336 53720 -246488 0
9 1344420689227500 -2157936 53768 -246728 0
9 1344420689230000 -2156840 53424 -247320 0
9 1344420689232500 -2157520 54496 -246928 0
9 1344420689235000 -2156472 54200 -246008 0
9 1344420689237500 -2157584 53768 -246296 0
9 1344420689240000 -2156152 53968 -245496 0
9 1344420689242500 -2157168 54264 -247808 0
9 1344420689245000 -2156304 54096 -247816 0
9 1344420689247500 -2157328 55272 -245928 0
9 1344420689250000 -2156560 54176 -247256 0
9 1344420689252500 -2157864 53680 -246480 0
9 1344420689255000 -2156912 54336 -246664 0
9 1344420689257500 -2157824 53992 -246224 0
9 1344420689260000 -2157592 53200 -245544 0
9 1344420689262500 -2157560 53376 -245632 0
9 1344420689265000 -2158840 53736 -246960 0
9 1344420689267500 -2157840 54984 -245912 0
9 1344420689270000 -2157168 54760 -247040 0
9 1344420689272500 -2157264 54304 -246112 0
9 1344420689275000 -2156840 54664 -245880 0
9 1344420689277500 -2157104 54048 -246776 0
9 1344420689280000 -2157040 54768 -247320 0
9 1344420689282500 -2158112 53136 -246488 0
9 1344420689285000 -2157824 53896 -247240 0
9 1344420689287500 -2156008 54024 -245832 0
9 1344420689290000 -2156320 54192 -247048 0
9 1344420689292500 -2155864 53416 -246816 0
9 1344420689295000 -2157504 54112 -246928 0
9 1344420689297500 -2156304 54776 -247168 0
