9 1344420686200000 -2158376 54192 -245808 0
9 1344420686202500 -2156552 54264 -245616 0
9 1344420686205000 -2157344 52944 -246552 0
9 1344420686207500 -2157544 54456 -246920 0
9 1344420686210000 -2157328 52960 -246464 0
9 1344420686212500 -2156576 55008 -247184 0
9 1344420686215000 -2157200 54344 -247672 0
9 1344420686217500 -2157432 54424 -247000 0
9 1344420686220000 -2157584 53208 -247120 0
9 1344420686222500 -2157792 54848 -247240 0
9 1344420686225000 -2157512 53000 -248656 0
9 1344420686227500 -2157912 54976 -247240 0
9 1344420686230000 -2157032 53624 -247096 0
9 1344420686232500 -2158120 53928 -247408 0
9 1344420686235000 -2157272 55440 -246968 0
9 1344420686237500 -2157456 53416 -247280 0
9 1344420686240000 -2157936 54528 -247184 0
9 1344420686242500 -2156880 53720 -245856 0
9 1344420686245000 -2157160 55504 -246944 0
9 1344420686247500 -2157976 54472 -247528 0
9 1344420686250000 -2157440 54272 -246488 0
9 1344420686252500 -2156648 54104 -246624 0
9 1344420686255000 -2157296 54112 -246488 0
9 1344420686257500 -2156672 54680 -247056 0
9 1344420686260000 -2156704 53216 -246304 0
9 1344420686262500 -2157480 53336 -247280 0
9 1344420686265000 -2156232 54704 -246568 0
9 1344420686267500 -2156632 52840 -246280 0
9 1344420686270000 -2158688 54144 -247120 0
9 1344420686272500 -2156512 53520 -246088 0
9 1344420686275000 -2156784 53520 -246496 0
9 1344420686277500 -2156336 54264 -247512 0
9 1344420686280000 -2157056 53832 -246640 0
9 1344420686282500 -2156560 54128 -246384 0
9 1344420686285000 -2156656 54232 -245960 0
9 1344420686287500 -2157896 54032 -247032 0
9 1344420686290000 -2158336 54656 -246832 0
9 1344420686292500 -2157288 55264 -246712 0
9 1344420686295000 -2157080 53608 -247632 0
9 1344420686297500 -2157168 53168 -245944 0
