9 1344420701000000 -2156400 53520 -247968 0
9 1344420701002500 -2157392 53888 -247344 0
9 1344420701005000 -2156080 53464 -247120 0
9 1344420701007500 -2155776 53592 -247536 0
9 1344420701010000 -2156152 52408 -246856 0
9 1344420701012500 -2158160 53368 -247104 0
9 1344420701015000 -2156600 53880 -247072 0
9 1344420701017500 -2157344 54200 -246808 0
9 1344420701020000 -2156336 53376 -247072 0
9 1344420701022500 -2156264 53080 -246848 0
9 1344420701025000 -2156608 54088 -246208 0
9 1344420701027500 -2158144 53416 -246680 0
9 1344420701030000 -2158312 54256 -246920 0
9 1344420701032500 -2156520 53776 -246568 0
9 1344420701035000 -2156672 53752 -247008 0
9 1344420701037500 -2157056 53680 -246480 0
9 1344420701040000 -2158064 53496 -246112 0
9 1344420701042500 -2157600 52936 -246520 0
9 1344420701045000 -2157616 54080 -249088 0
9 1344420701047500 -2157296 53224 -246840 0
9 1344420701050000 -2157856 53704 -247312 0
9 1344420701052500 -2156176 52904 -246480 0
9 1344420701055000 -2158400 52928 -246712 0
9 1344420701057500 -2156872 53672 -247776 0
9 1344420701060000 -2157216 53696 -246040 0
9 1344420701062500 -2156360 53728 -246640 0
9 1344420701065000 -2157488 55240 -245664 0
9 1344420701067500 -2157424 54112 -247296 0
9 1344420701070000 -2156904 55256 -246680 0
9 1344420701072500 -2156384 54496 -245928 0
9 1344420701075000 -2157608 53808 -246352 0
9 1344420701077500 -2156432 53336 -246712 0
9 1344420701080000 -2157144 52936 -247016 0
9 1344420701082500 -2155968 53320 -246640 0
9 1344420701085000 -2157952 54144 -246136 0
9 1344420701087500 -2156904 53448 -247080 0
9 1344420701090000 -2156856 52640 -246952 0
9 1344420701092500 -2155856 54096 -247104 0
9 1344420701095000 -2156424 54080 -247872 0
9 1344420701097500 -2158104 54128 -246744 0
