9 1344420717000000 -2156144 54624 -245936 0
9 1344420717002500 -2156264 54160 -246800 0
9 1344420717005000 -2156696 54240 -247224 0
9 1344420717007500 -2157792 55024 -246376 0
9 1344420717010000 -2157952 54720 -246112 0
9 1344420717012500 -2155744 54120 -246560 0
9 1344420717015000 -2155696 53384 -247512 0
9 1344420717017500 -2157232 54072 -245976 0
9 1344420717020000 -2156960 53616 -246160 0
9 1344420717022500 -2155560 54416 -247232 0
9 1344420717025000 -2156952 54248 -246120 0
9 1344420717027500 -2156096 54800 -246552 0
9 1344420717030000 -2158008 55528 -245640 0
9 1344420717032500 -2156400 55200 -245664 0
9 1344420717035000 -2157784 54144 -246592 0
9 1344420717037500 -2157272 54576 -246512 0
9 1344420717040000 -2156776 55552 -246304 0
9 1344420717042500 -2155736 54344 -248144 0
9 1344420717045000 -2156408 55656 -245928 0
9 1344420717047500 -2156248 54328 -247040 0
9 1344420717050000 -2156920 54960 -246904 0
9 1344420717052500 -2156912 53384 -245376 0
9 1344420717055000 -2155728 54184 -246040 0
9 1344420717057500 -2157480 53728 -246752 0
9 1344420717060000 -2157264 54336 -246136 0
9 1344420717062500 -2156592 53320 -246400 0
9 1344420717065000 -2156872 53976 -246424 0
9 1344420717067500 -2156328 53824 -246384 0
9 1344420717070000 -2157280 52984 -246752 0
9 1344420717072500 -2156536 54264 -246760 0
9 1344420717075000 -2157032 53816 -246160 0
9 1344420717077500 -2156144 54160 -246408 0
9 1344420717080000 -2157504 53384 -246640 0
9 1344420717082500 -2156528 55272 -245752 0
9 1344420717085000 -2156648 53904 -246568 0
9 1344420717087500 -2156456 54704 -246936 0
9 1344420717090000 -2156864 54168 -246224 0
9 1344420717092500 -2156664 53848 -244776 0
9 1344420717095000 -2155120 54608 -246368 0
9 1344420717097500 -2157080 53816 -245560 0
