9 1344420702000000 -2156784 52656 -245592 0
9 1344420702002500 -2157160 54200 -248016 0
9 1344420702005000 -2156664 53488 -247872 0
9 1344420702007500 -2156344 53064 -247224 0
9 1344420702010000 -2157416 53720 -246696 0
9 1344420702012500 -2157088 53608 -246216 0
9 1344420702015000 -2156848 54704 -246088 0
9 1344420702017500 -2156288 53928 -247032 0
9 1344420702020000 -2158304 52384 -246472 0
9 1344420702022500 -2157440 52920 -247464 0
9 1344420702025000 -2158064 53424 -246832 0
9 1344420702027500 -2156176 54208 -247584 0
9 1344420702030000 -2156640 55248 -247192 0
9 1344420702032500 -2157192 53944 -246512 0
9 1344420702035000 -2157344 53720 -247760 0
9 1344420702037500 -2155696 54344 -245232 0
9 1344420702040000 -2158296 54680 -246376 0
9 1344420702042500 -2157856 53800 -246416 0
9 1344420702045000 -2156784 53928 -248256 0
9 1344420702047500 -2157096 53448 -246232 0
9 1344420702050000 -2156400 52840 -245904 0
9 1344420702052500 -2157184 53952 -247736 0
9 1344420702055000 -2155768 54408 -246464 0
9 1344420702057500 -2158272 54888 -246936 0
9 1344420702060000 -2157832 53296 -246816 0
9 1344420702062500 -2157112 53728 -246808 0
9 1344420702065000 -2156232 53576 -247600 0
9 1344420702067500 -2155856 54672 -247000 0
9 1344420702070000 -2156104 54080 -246184 0
9 1344420702072500 -2157360 53864 -246488 0
9 1344420702075000 -2156688 52200 -246808 0
9 1344420702077500 -2156704 53928 -245824 0
9 1344420702080000 -2156456 52976 -246896 0
9 1344420702082500 -2157776 53552 -246632 0
9 1344420702085000 -2156656 53552 -247136 0
9 1344420702087500 -2155512 54296 -245328 0
9 1344420702090000 -2155504 54832 -246592 0
9 1344420702092500 -2156440 53272 -246224 0
9 1344420702095000 -2156312 54624 -246352 0
9 1344420702097500 -2157472 53504 -246896 0
