9 1344420687800000 -2156504 53792 -247136 0
9 1344420687802500 -2156888 53936 -246848 0
9 1344420687805000 -2156904 54752 -246424 0
9 1344420687807500 -2157072 54600 -245824 0
9 1344420687810000 -2157400 53552 -246552 0
9 1344420687812500 -2157272 54144 -246760 0
9 1344420687815000 -2157672 53320 -247024 0
9 1344420687817500 -2157208 54360 -247592 0
9 1344420687820000 -2156176 54640 -247296 0
9 1344420687822500 -2156520 54488 -247584 0
9 1344420687825000 -2157056 54808 -246776 0
9 1344420687827500 -2155944 54248 -247008 0
9 1344420687830000 -2157792 53848 -247480 0
9 1344420687832500 -2156584 53464 -247152 0
9 1344420687835000 -2157352 54896 -245880 0
9 1344420687837500 -2157112 55216 -247072 0
9 1344420687840000 -2158192 53696 -246528 0
9 1344420687842500 -2157472 54256 -246480 0
9 1344420687845000 -2156664 55064 -246520 0
9 1344420687847500 -2156696 54784 -246400 0
9 1344420687850000 -2156472 53360 -247560 0
9 1344420687852500 -2156936 53264 -246544 0
9 1344420687855000 -2157544 54168 -246128 0
9 1344420687857500 -2156880 54176 -246120 0
9 1344420687860000 -2156480 54880 -246976 0
9 1344420687862500 -2157184 54264 -246536 0
9 1344420687865000 -2156840 54560 -246544 0
9 1344420687867500 -2157232 53912 -246280 0
9 1344420687870000 -2157496 55160 -246168 0
9 1344420687872500 -2157288 54744 -246184 0
9 1344420687875000 -2157120 54608 -246752 0
9 1344420687877500 -2156816 53184 -246040 0
9 1344420687880000 -2157160 54608 -247360 0
9 1344420687882500 -2156184 53712 -247200 0
9 1344420687885000 -2157080 55024 -246880 0
9 1344420687887500 -2156808 53888 -246632 0
9 1344420687890000 -2156688 53520 -246568 0
9 1344420687892500 -2156496 53112 -246328 0
9 1344420687895000 -2156928 54496 -247752 0
9 1344420687897500 -2158376 54560 -246680 0
