9 1344420682400000 -2157880 55312 -246976 0
9 1344420682402500 -2157688 54016 -245176 0
9 1344420682405000 -2157408 53632 -245672 0
9 1344420682407500 -2156408 54192 -247312 0
9 1344420682410000 -2157864 53944 -247824 0
9 1344420682412500 -2157944 53888 -246640 0
9 1344420682415000 -2157072 54072 -245664 0
9 1344420682417500 -2155632 55264 -246720 0
9 1344420682420000 -2156920 54816 -246120 0
9 1344420682422500 -2158760 54560 -245000 0
9 1344420682425000 -2155648 54800 -247448 0
9 1344420682427500 -2156312 54488 -246832 0
9 1344420682430000 -2158256 53920 -246072 0
9 1344420682432500 -2157288 54312 -245864 0
9 1344420682435000 -2155248 54576 -247288 0
9 1344420682437500 -2155672 54456 -246512 0
9 1344420682440000 -2157904 54568 -245480 0
9 1344420682442500 -2156920 54352 -245696 0
9 1344420682445000 -2156096 54264 -246824 0
9 1344420682447500 -2157424 53576 -246128 0
9 1344420682450000 -2158392 53160 -246544 0
9 1344420682452500 -2155344 54264 -247104 0
9 1344420682455000 -2157944 54432 -247200 0
9 1344420682457500 -2159504 52344 -245448 0
9 1344420682460000 -2159776 53416 -246016 0
9 1344420682462500 -2155552 54888 -245944 0
9 1344420682465000 -2158064 54440 -246528 0
9 1344420682467500 -2158640 53536 -245656 0
9 1344420682470000 -2157496 53096 -244944 0
9 1344420682472500 -2155848 54600 -247472 0
9 1344420682475000 -2157392 54072 -247240 0
9 1344420682477500 -2158000 53344 -245672 0
9 1344420682480000 -2156856 53920 -246944 0
9 1344420682482500 -2155728 54440 -247256 0
9 1344420682485000 -2157280 53136 -247208 0
9 1344420682487500 -2157832 53064 -247384 0
9 1344420682490000 -2157464 53176 -246864 0
9 1344420682492500 -2157088 53696 -247928 0
9 1344420682495000 -2158864 54152 -247240 0
9 1344420682497500 -2157360 53696 -246456 0
