9 1344420704100000 -2155312 55320 -245576 0
9 1344420704102500 -2156304 54456 -246264 0
9 1344420704105000 -2157696 53080 -247896 0
9 1344420704107500 -2156880 55056 -245040 0
9 1344420704110000 -2156552 54608 -246776 0
9 1344420704112500 -2156992 55080 -247296 0
9 1344420704115000 -2157688 52552 -246632 0
9 1344420704117500 -2157864 54240 -246512 0
9 1344420704120000 -2158592 55112 -246888 0
9 1344420704122500 -2157720 53272 -245648 0
9 1344420704125000 -2157344 53936 -247904 0
9 1344420704127500 -2156160 53800 -246784 0
9 1344420704130000 -2156552 53232 -247096 0
9 1344420704132500 -2156224 54352 -246912 0
9 1344420704135000 -2156728 54136 -246384 0
9 1344420704137500 -2157504 54344 -247096 0
9 1344420704140000 -2157736 55096 -247440 0
9 1344420704142500 -2156840 55000 -246848 0
9 1344420704145000 -2157256 54744 -245360 0
9 1344420704147500 -2157072 53120 -246624 0
9 1344420704150000 -2157184 55512 -246392 0
9 1344420704152500 -2156816 54536 -246312 0
9 1344420704155000 -2156856 53568 -247920 0
9 1344420704157500 -2156560 55536 -247216 0
9 1344420704160000 -2157136 53416 -245592 0
9 1344420704162500 -2155208 53520 -246264 0
9 1344420704165000 -2157328 54264 -246816 0
9 1344420704167500 -2156904 54648 -246440 0
9 1344420704170000 -2156744 54208 -246208 0
9 1344420704172500 -2156344 53528 -247160 0
9 1344420704175000 -2156968 53752 -246088 0
9 1344420704177500 -2157640 54480 -246688 0
9 1344420704180000 -2157504 55008 -246088 0
9 1344420704182500 -2156216 54072 -247560 0
9 1344420704185000 -2156816 54352 -246776 0
9 1344420704187500 -2156920 54056 -245840 0
9 1344420704190000 -2157184 53552 -246464 0
9 1344420704192500 -2157600 54624 -247352 0
9 1344420704195000 -2156920 53800 -247896 0
9 1344420704197500 -2158328 54040 -246864 0
