9 1344420712100000 -2156680 54328 -246328 0
9 1344420712102500 -2157480 55392 -246848 0
9 1344420712105000 -2156688 54192 -246616 0
9 1344420712107500 -2156584 55024 -245736 0
9 1344420712110000 -2156464 53696 -246104 0
9 1344420712112500 -2157176 54064 -246760 0
9 1344420712115000 -2157848 54544 -245552 0
9 1344420712117500 -2158064 54592 -247320 0
9 1344420712120000 -2156912 54880 -246584 0
9 1344420712122500 -2157432 54648 -246576 0
9 1344420712125000 -2157056 53256 -246656 0
9 1344420712127500 -2157048 54264 -246200 0
9 1344420712130000 -2157288 55744 -246192 0
9 1344420712132500 -2155672 55360 -247216 0
9 1344420712135000 -2155744 54240 -245968 0
9 1344420712137500 -2156928 53496 -245752 0
9 1344420712140000 -2156456 53192 -246408 0
9 1344420712142500 -2156688 54296 -246264 0
9 1344420712145000 -2157296 54368 -245024 0
9 1344420712147500 -2157344 54072 -245712 0
9 1344420712150000 -2156568 54880 -247568 0
9 1344420712152500 -2155848 54544 -245632 0
9 1344420712155000 -2157096 55376 -246792 0
9 1344420712157500 -2155984 53488 -246256 0
9 1344420712160000 -2156256 55168 -246360 0
9 1344420712162500 -2158672 53984 -246696 0
9 1344420712165000 -2156016 54672 -247576 0
9 1344420712167500 -2157248 54184 -246416 0
9 1344420712170000 -2157352 54312 -245584 0
9 1344420712172500 -2156688 55384 -245944 0
9 1344420712175000 -2157144 54016 -246304 0
9 1344420712177500 -2157312 55128 -246264 0
9 1344420712180000 -2157272 55360 -245856 0
9 1344420712182500 -2157768 55184 -246424 0
9 1344420712185000 -2157744 55496 -245840 0
9 1344420712187500 -2157240 54520 -245736 0
9 1344420712190000 -2156576 55944 -246296 0
9 1344420712192500 -2156408 54320 -246544 0
9 1344420712195000 -2156800 54392 -246048 0
9 1344420712197500 -2157456 54808 -246312 0
