9 1344420683000000 -2156032 53680 -246184 0
9 1344420683002500 -2157496 54776 -247040 0
9 1344420683005000 -2156840 53552 -247400 0
9 1344420683007500 -2156312 53624 -247280 0
9 1344420683010000 -2156448 54112 -247672 0
9 1344420683012500 -2156856 53256 -247280 0
9 1344420683015000 -2157984 54432 -246584 0
9 1344420683017500 -2156992 55512 -246568 0
9 1344420683020000 -2157216 54104 -246288 0
9 1344420683022500 -2156584 54256 -246632 0
9 1344420683025000 -2155992 54736 -245376 0
9 1344420683027500 -2157096 53592 -246872 0
9 1344420683030000 -2156264 55016 -246416 0
9 1344420683032500 -2156896 54128 -246360 0
9 1344420683035000 -2157656 54120 -246056 0
9 1344420683037500 -2157240 54528 -247208 0
9 1344420683040000 -2157008 53568 -246336 0
9 1344420683042500 -2156848 54728 -247560 0
9 1344420683045000 -2157704 55632 -246160 0
9 1344420683047500 -2157048 55544 -245992 0
9 1344420683050000 -2156328 52928 -247264 0
9 1344420683052500 -2156624 53912 -248360 0
9 1344420683055000 -2156784 53352 -246632 0
9 1344420683057500 -2157424 53880 -245152 0
9 1344420683060000 -2157768 55344 -246200 0
9 1344420683062500 -2156808 54776 -246792 0
9 1344420683065000 -2158008 55024 -246144 0
9 1344420683067500 -2157376 54184 -246312 0
9 1344420683070000 -2157152 56024 -245584 0
9 1344420683072500 -2156928 54832 -246528 0
9 1344420683075000 -2158128 54680 -246960 0
9 1344420683077500 -2157376 55064 -247360 0
9 1344420683080000 -2157256 54696 -246216 0
9 1344420683082500 -2157448 54416 -248024 0
9 1344420683085000 -2157872 53624 -247256 0
9 1344420683087500 -2157248 55976 -247008 0
9 1344420683090000 -2157240 54096 -245088 0
9 1344420683092500 -2157920 53912 -246016 0
9 1344420683095000 -2157480 53536 -246784 0
9 1344420683097500 -2157608 54344 -246128 0
