9 1344420670600000 -2157456 53376 -246744 0
9 1344420670602500 -2157256 54464 -246352 0
9 1344420670605000 -2156368 54032 -246288 0
9 1344420670607500 -2158352 53456 -246832 0
9 1344420670610000 -2157344 54408 -245840 0
9 1344420670612500 -2157120 54944 -246928 0
9 1344420670615000 -2156456 54520 -246552 0
9 1344420670617500 -2157632 53504 -246432 0
9 1344420670620000 -2157232 54280 -246328 0
9 1344420670622500 -2157336 55032 -246712 0
9 1344420670625000 -2156880 54480 -247600 0
9 1344420670627500 -2157104 55616 -246064 0
9 1344420670630000 -2157096 54192 -247480 0
9 1344420670632500 -2158280 53216 -247088 0
9 1344420670635000 -2157344 54000 -247288 0
9 1344420670637500 -2156616 54064 -246896 0
9 1344420670640000 -2157064 53280 -245696 0
9 1344420670642500 -2157120 53304 -245096 0
9 1344420670645000 -2156120 54040 -246776 0
9 1344420670647500 -2157552 54408 -245592 0
9 1344420670650000 -2157312 54520 -248280 0
9 1344420670652500 -2157672 55440 -247544 0
9 1344420670655000 -2156272 54776 -246704 0
9 1344420670657500 -2157568 54880 -247952 0
9 1344420670660000 -2157160 54600 -246840 0
9 1344420670662500 -2156536 54352 -247032 0
9 1344420670665000 -2157584 54696 -246872 0
9 1344420670667500 -2157768 54976 -246432 0
9 1344420670670000 -2157136 53800 -246936 0
9 1344420670672500 -2156968 54336 -246624 0
9 1344420670675000 -2156656 54064 -245512 0
9 1344420670677500 -2156256 53168 -247160 0
9 1344420670680000 -2156720 53744 -246288 0
9 1344420670682500 -2157136 53944 -245856 0
9 1344420670685000 -2157776 53784 -244912 0
9 1344420670687500 -2157360 54240 -247088 0
9 1344420670690000 -2158544 55184 -247280 0
9 1344420670692500 -2158872 53688 -246448 0
9 1344420670695000 -2157944 54416 -246208 0
9 1344420670697500 -2158528 53536 -246416 0
