9 1344420713100000 -2156960 53528 -246056 0
9 1344420713102500 -2157008 54832 -245552 0
9 1344420713105000 -2157824 53944 -245944 0
9 1344420713107500 -2157416 54144 -246496 0
9 1344420713110000 -2158144 54480 -248584 0
9 1344420713112500 -2156208 55784 -246648 0
9 1344420713115000 -2156592 55712 -247048 0
9 1344420713117500 -2157424 53208 -246592 0
9 1344420713120000 -2157592 54064 -246256 0
9 1344420713122500 -2156168 54576 -246960 0
9 1344420713125000 -2158320 53696 -245768 0
9 1344420713127500 -2158216 54560 -246176 0
9 1344420713130000 -2156672 54264 -245632 0
9 1344420713132500 -2158608 54808 -245928 0
9 1344420713135000 -2158064 54760 -246952 0
9 1344420713137500 -2156360 54048 -246912 0
9 1344420713140000 -2157400 54872 -246760 0
9 1344420713142500 -2157584 53824 -246680 0
9 1344420713145000 -2157472 53936 -246440 0
9 1344420713147500 -2156952 55344 -246336 0
9 1344420713150000 -2157616 54136 -246208 0
9 1344420713152500 -2156776 53824 -247616 0
9 1344420713155000 -2157608 54576 -246744 0
9 1344420713157500 -2156456 54392 -246112 0
9 1344420713160000 -2156416 54840 -247192 0
9 1344420713162500 -2157344 55520 -247104 0
9 1344420713165000 -2156064 54344 -246856 0
9 1344420713167500 -2157088 55464 -245872 0
9 1344420713170000 -2156360 56288 -246288 0
9 1344420713172500 -2157072 53920 -247216 0
9 1344420713175000 -2157568 55392 -247280 0
9 1344420713177500 -2157440 53824 -246176 0
9 1344420713180000 -2156880 54112 -246744 0
9 1344420713182500 -2156344 55568 -246184 0
9 1344420713185000 -2155400 54304 -245992 0
9 1344420713187500 -2156624 54032 -247072 0
9 1344420713190000 -2156984 54768 -246344 0
9 1344420713192500 -2156984 53760 -246352 0
9 1344420713195000 -2157600 54032 -246080 0
9 1344420713197500 -2156744 53896 -246912 0
