9 1344420709300000 -2157512 55616 -246608 0
9 1344420709302500 -2156152 53632 -246744 0
9 1344420709305000 -2155680 54256 -247344 0
9 1344420709307500 -2157952 55312 -246936 0
9 1344420709310000 -2157224 54464 -246520 0
9 1344420709312500 -2156424 53360 -246296 0
9 1344420709315000 -2155744 54088 -246320 0
9 1344420709317500 -2156840 55136 -245552 0
9 1344420709320000 -2156664 54048 -245456 0
9 1344420709322500 -2157712 54088 -247240 0
9 1344420709325000 -2157600 54040 -246568 0
9 1344420709327500 -2157144 54400 -245880 0
9 1344420709330000 -2157496 54040 -246688 0
9 1344420709332500 -2157272 53976 -246560 0
9 1344420709335000 -2158264 54096 -247360 0
9 1344420709337500 -2156408 54376 -246472 0
9 1344420709340000 -2156384 54504 -246944 0
9 1344420709342500 -2156784 53376 -247024 0
9 1344420709345000 -2157608 54240 -246088 0
9 1344420709347500 -2157040 53520 -246752 0
9 1344420709350000 -2157848 53968 -247208 0
9 1344420709352500 -2155256 54136 -247176 0
9 1344420709355000 -2157544 54856 -246464 0
9 1344420709357500 -2156608 52936 -246200 0
9 1344420709360000 -2156208 55064 -246200 0
9 1344420709362500 -2156776 55048 -246848 0
9 1344420709365000 -2157184 52952 -247168 0
9 1344420709367500 -2156912 53848 -246456 0
9 1344420709370000 -2156456 53608 -246584 0
9 1344420709372500 -2155320 53792 -246384 0
9 1344420709375000 -2156344 53624 -247208 0
9 1344420709377500 -2156808 54520 -246992 0
9 1344420709380000 -2156848 53616 -247544 0
9 1344420709382500 -2157216 53568 -247248 0
9 1344420709385000 -2155480 53344 -246152 0
9 1344420709387500 -2157600 54784 -246752 0
9 1344420709390000 -2157008 54544 -246720 0
9 1344420709392500 -2157176 55264 -246088 0
9 1344420709395000 -2156104 53968 -246448 0
9 1344420709397500 -2155736 53432 -246856 0
