9 1344420700100000 -2156624 53928 -246328 0
9 1344420700102500 -2157920 54856 -246456 0
9 1344420700105000 -2157888 54224 -246536 0
9 1344420700107500 -2157200 53616 -246816 0
9 1344420700110000 -2156288 53088 -246176 0
9 1344420700112500 -2156696 53760 -247192 0
9 1344420700115000 -2156048 53840 -246824 0
9 1344420700117500 -2157200 53696 -247088 0
9 1344420700120000 -2157392 54152 -246592 0
9 1344420700122500 -2158256 54032 -247280 0
9 1344420700125000 -2155408 54312 -245136 0
9 1344420700127500 -2156896 54208 -246096 0
9 1344420700130000 -2156736 53048 -248368 0
9 1344420700132500 -2156944 54568 -246456 0
9 1344420700135000 -2156440 54120 -246360 0
9 1344420700137500 -2156720 54040 -246856 0
9 1344420700140000 -2158168 52448 -246104 0
9 1344420700142500 -2157056 53720 -246904 0
9 1344420700145000 -2157192 53680 -247104 0
9 1344420700147500 -2157992 53808 -245608 0
9 1344420700150000 -2156344 54616 -246760 0
9 1344420700152500 -2156736 52928 -247448 0
9 1344420700155000 -2157216 54392 -247160 0
9 1344420700157500 -2157800 54856 -246616 0
9 1344420700160000 -2157112 53520 -246728 0
9 1344420700162500 -2158616 53328 -246144 0
9 1344420700165000 -2156080 53368 -246536 0
9 1344420700167500 -2157768 54776 -247328 0
9 1344420700170000 -2156624 53656 -246584 0
9 1344420700172500 -2157888 54160 -247744 0
9 1344420700175000 -2156024 54600 -246088 0
9 1344420700177500 -2158296 54392 -246584 0
9 1344420700180000 -2157656 53232 -246184 0
9 1344420700182500 -2157792 53408 -246480 0
9 1344420700185000 -2157784 53704 -247336 0
9 1344420700187500 -2157472 53952 -246968 0
9 1344420700190000 -2157080 54168 -246320 0
9 1344420700192500 -2157816 54712 -246912 0
9 1344420700195000 -2157912 53184 -247112 0
9 1344420700197500 -2156584 54352 -244656 0
