9 1344420669100000 -2157016 52952 -246064 0
9 1344420669102500 -2156896 53480 -245264 0
9 1344420669105000 -2157448 54368 -246480 0
9 1344420669107500 -2156584 53904 -246880 0
9 1344420669110000 -2155936 53784 -246552 0
9 1344420669112500 -2155976 53728 -247544 0
9 1344420669115000 -2155968 54008 -246664 0
9 1344420669117500 -2157632 55208 -246952 0
9 1344420669120000 -2157888 53224 -246800 0
9 1344420669122500 -2156272 53888 -245712 0
9 1344420669125000 -2156824 53176 -246448 0
9 1344420669127500 -2156984 53088 -246072 0
9 1344420669130000 -2157912 54856 -246144 0
9 1344420669132500 -2156592 53504 -246208 0
9 1344420669135000 -2157696 53888 -247744 0
9 1344420669137500 -2158208 53592 -248112 0
9 1344420669140000 -2156856 54280 -246416 0
9 1344420669142500 -2156192 53864 -246344 0
9 1344420669145000 -2157408 54000 -245816 0
9 1344420669147500 -2156496 55120 -245496 0
9 1344420669150000 -2156896 53728 -246024 0
9 1344420669152500 -2157320 53656 -247128 0
9 1344420669155000 -2157488 54176 -246920 0
9 1344420669157500 -2156072 54072 -245688 0
9 1344420669160000 -2157592 54096 -248008 0
9 1344420669162500 -2157856 53112 -247456 0
9 1344420669165000 -2157328 53344 -246472 0
9 1344420669167500 -2157120 54240 -247904 0
9 1344420669170000 -2156232 54048 -248232 0
9 1344420669172500 -2156600 53984 -246808 0
9 1344420669175000 -2156840 53392 -246432 0
9 1344420669177500 -2157064 53600 -246184 0
9 1344420669180000 -2157080 54520 -247024 0
9 1344420669182500 -2157624 54512 -246104 0
9 1344420669185000 -2156968 54496 -245456 0
9 1344420669187500 -2156776 52920 -246912 0
9 1344420669190000 -2156752 53896 -246592 0
9 1344420669192500 -2157368 54088 -247184 0
9 1344420669195000 -2157064 53680 -246112 0
9 1344420669197500 -2154992 53032 -247056 0
