9 1344420696400000 -2156160 53280 -247000 0
9 1344420696402500 -2157216 54504 -247752 0
9 1344420696405000 -2156936 53480 -247064 0
9 1344420696407500 -2157920 53696 -246240 0
9 1344420696410000 -2156352 53384 -246928 0
9 1344420696412500 -2157096 54232 -246504 0
9 1344420696415000 -2157640 53584 -246920 0
9 1344420696417500 -2157224 53800 -246288 0
9 1344420696420000 -2155600 52824 -245528 0
9 1344420696422500 -2158528 53992 -246808 0
9 1344420696425000 -2156248 55368 -246312 0
9 1344420696427500 -2157408 53664 -245408 0
9 1344420696430000 -2156832 54216 -246424 0
9 1344420696432500 -2158392 53440 -246360 0
9 1344420696435000 -2156416 53680 -246688 0
9 1344420696437500 -2155432 53880 -246816 0
9 1344420696440000 -2155928 54088 -247472 0
9 1344420696442500 -2155608 52752 -246800 0
9 1344420696445000 -2158560 53400 -246664 0
9 1344420696447500 -2155992 52520 -246464 0
9 1344420696450000 -2157184 53880 -245944 0
9 1344420696452500 -2156984 53400 -246296 0
9 1344420696455000 -2157968 54488 -246896 0
9 1344420696457500 -2155736 54680 -246136 0
9 1344420696460000 -2156080 53800 -247632 0
9 1344420696462500 -2158400 54696 -245904 0
9 1344420696465000 -2157504 54568 -246984 0
9 1344420696467500 -2155648 53600 -247064 0
9 1344420696470000 -2158008 54344 -245104 0
9 1344420696472500 -2158240 53384 -246624 0
9 1344420696475000 -2157888 54208 -248488 0
9 1344420696477500 -2155120 54120 -246664 0
9 1344420696480000 -2158320 55248 -246504 0
9 1344420696482500 -2158472 54104 -246872 0
9 1344420696485000 -2158208 53288 -246288 0
9 1344420696487500 -2156696 55792 -245048 0
9 1344420696490000 -2159000 53888 -246104 0
9 1344420696492500 -2157752 55600 -247184 0
9 1344420696495000 -2157872 54600 -247000 0
9 1344420696497500 -2156304 54848 -245192 0
