9 1344420703400000 -2157344 53280 -246824 0
9 1344420703402500 -2156064 54184 -246624 0
9 1344420703405000 -2156384 53984 -246984 0
9 1344420703407500 -2157144 53136 -248088 0
9 1344420703410000 -2156792 53656 -246688 0
9 1344420703412500 -2156568 53840 -245960 0
9 1344420703415000 -2156832 53784 -247080 0
9 1344420703417500 -2156936 53816 -246112 0
9 1344420703420000 -2157208 53616 -247448 0
9 1344420703422500 -2156936 53776 -246328 0
9 1344420703425000 -2156016 54552 -248328 0
9 1344420703427500 -2156256 55096 -246744 0
9 1344420703430000 -2156416 53560 -246560 0
9 1344420703432500 -2157072 54080 -245888 0
9 1344420703435000 -2156824 54080 -246560 0
9 1344420703437500 -2155816 53728 -247472 0
9 1344420703440000 -2156936 53800 -247008 0
9 1344420703442500 -2157048 53328 -246504 0
9 1344420703445000 -2157448 54520 -246952 0
9 1344420703447500 -2156168 54384 -245704 0
9 1344420703450000 -2156360 55280 -246744 0
9 1344420703452500 -2156120 53304 -246576 0
9 1344420703455000 -2157264 53496 -246592 0
9 1344420703457500 -2155992 53936 -247440 0
9 1344420703460000 -2156736 54968 -246968 0
9 1344420703462500 -2156176 52480 -247264 0
9 1344420703465000 -2157208 54760 -248096 0
9 1344420703467500 -2156064 55120 -245856 0
9 1344420703470000 -2157664 53344 -245992 0
9 1344420703472500 -2158088 53072 -246400 0
9 1344420703475000 -2157608 53328 -246664 0
9 1344420703477500 -2156896 53344 -246544 0
9 1344420703480000 -2157600 54528 -247360 0
9 1344420703482500 -2156408 54736 -247424 0
9 1344420703485000 -2156920 55144 -247016 0
9 1344420703487500 -2155512 54856 -247376 0
9 1344420703490000 -2156640 55616 -246536 0
9 1344420703492500 -2157944 54544 -246688 0
9 1344420703495000 -2156912 53888 -246192 0
9 1344420703497500 -2157216 54232 -246848 0
