9 1344420671900000 -2157000 54792 -247112 0
9 1344420671902500 -2157152 53376 -245920 0
9 1344420671905000 -2156512 53624 -246336 0
9 1344420671907500 -2156528 54104 -245832 0
9 1344420671910000 -2156992 53808 -246264 0
9 1344420671912500 -2157048 54432 -246232 0
9 1344420671915000 -2157808 55056 -246104 0
9 1344420671917500 -2156288 53760 -245992 0
9 1344420671920000 -2157384 53616 -246072 0
9 1344420671922500 -2157400 54280 -246776 0
9 1344420671925000 -2156184 54336 -246824 0
9 1344420671927500 -2158408 54496 -247448 0
9 1344420671930000 -2156672 53432 -247064 0
9 1344420671932500 -2157008 54976 -247096 0
9 1344420671935000 -2157600 53800 -247040 0
9 1344420671937500 -2157664 53440 -245848 0
9 1344420671940000 -2157048 54432 -245496 0
9 1344420671942500 -2156440 54288 -246712 0
9 1344420671945000 -2155848 53864 -247496 0
9 1344420671947500 -2156624 54224 -246536 0
9 1344420671950000 -2156488 54576 -246800 0
9 1344420671952500 -2157520 53992 -246864 0
9 1344420671955000 -2156880 54008 -246096 0
9 1344420671957500 -2155840 54720 -246912 0
9 1344420671960000 -2158176 54336 -247408 0
9 1344420671962500 -2157408 53696 -247464 0
9 1344420671965000 -2156432 53848 -246912 0
9 1344420671967500 -2156880 53728 -246680 0
9 1344420671970000 -2156352 52808 -247416 0
9 1344420671972500 -2157576 53520 -246288 0
9 1344420671975000 -2156528 54344 -247976 0
9 1344420671977500 -2157872 54528 -246904 0
9 1344420671980000 -2156848 54080 -247584 0
9 1344420671982500 -2156048 54360 -246904 0
9 1344420671985000 -2158160 53272 -246832 0
9 1344420671987500 -2157760 53888 -246016 0
9 1344420671990000 -2158248 54816 -247464 0
9 1344420671992500 -2157000 53968 -247992 0
9 1344420671995000 -2156960 53736 -246880 0
9 1344420671997500 -2156824 53296 -246840 0
