9 1344420695500000 -2156264 53904 -246440 0
9 1344420695502500 -2156232 55664 -246008 0
9 1344420695505000 -2155712 53888 -246720 0
9 1344420695507500 -2159000 54248 -246600 0
9 1344420695510000 -2156480 53040 -246512 0
9 1344420695512500 -2157208 54216 -247504 0
9 1344420695515000 -2156736 55200 -246472 0
9 1344420695517500 -2158600 54536 -247336 0
9 1344420695520000 -2156552 53736 -246472 0
9 1344420695522500 -2157072 54192 -246624 0
9 1344420695525000 -2155256 53048 -247224 0
9 1344420695527500 -2157832 54080 -245968 0
9 1344420695530000 -2157864 54328 -247136 0
9 1344420695532500 -2155032 54720 -246120 0
9 1344420695535000 -2157392 53768 -246968 0
9 1344420695537500 -2156296 53000 -245304 0
9 1344420695540000 -2157248 53816 -244800 0
9 1344420695542500 -2155424 54544 -246768 0
9 1344420695545000 -2158024 53904 -245864 0
9 1344420695547500 -2156080 53904 -247184 0
9 1344420695550000 -2157192 54496 -246960 0
9 1344420695552500 -2156056 53216 -247072 0
9 1344420695555000 -2156624 52992 -247208 0
9 1344420695557500 -2156288 52648 -246160 0
9 1344420695560000 -2159280 53792 -246216 0
9 1344420695562500 -2155264 53848 -246992 0
9 1344420695565000 -2158496 53296 -247480 0
9 1344420695567500 -2155384 53200 -245656 0
9 1344420695570000 -2157656 55144 -247008 0
9 1344420695572500 -2157040 55336 -246440 0
9 1344420695575000 -2157376 54328 -245920 0
9 1344420695577500 -2157208 55536 -246816 0
9 1344420695580000 -2158408 54968 -245288 0
9 1344420695582500 -2156752 54256 -247088 0
9 1344420695585000 -2157400 54040 -246272 0
9 1344420695587500 -2157552 53952 -246456 0
9 1344420695590000 -2157496 53680 -246056 0
9 1344420695592500 -2155552 55368 -246568 0
9 1344420695595000 -2158624 54336 -247272 0
9 1344420695597500 -2156344 54624 -247752 0
