9 1344420671200000 -2156432 53840 -246640 0
9 1344420671202500 -2157464 53432 -248024 0
9 1344420671205000 -2157408 53384 -246872 0
9 1344420671207500 -2158568 53544 -247304 0
9 1344420671210000 -2156408 54320 -247040 0
9 1344420671212500 -2156656 53728 -247040 0
9 1344420671215000 -2156800 54352 -246632 0
9 1344420671217500 -2157800 54568 -246832 0
9 1344420671220000 -2156632 54160 -246904 0
9 1344420671222500 -2156568 54224 -246664 0
9 1344420671225000 -2157536 54952 -246864 0
9 1344420671227500 -2156856 53816 -246936 0
9 1344420671230000 -2158784 54448 -247848 0
9 1344420671232500 -2156680 53472 -247440 0
9 1344420671235000 -2156560 53888 -247504 0
9 1344420671237500 -2156560 53888 -247160 0
9 1344420671240000 -2157248 54008 -245200 0
9 1344420671242500 -2156432 54032 -246120 0
9 1344420671245000 -2157416 53408 -246160 0
9 1344420671247500 -2157144 53960 -246864 0
9 1344420671250000 -2156000 52944 -246536 0
9 1344420671252500 -2158176 54472 -246576 0
9 1344420671255000 -2156024 54320 -246728 0
9 1344420671257500 -2156504 54960 -245840 0
9 1344420671260000 -2156104 54360 -247080 0
9 1344420671262500 -2156744 53480 -248152 0
9 1344420671265000 -2157272 53984 -246472 0
9 1344420671267500 -2156432 54056 -246640 0
9 1344420671270000 -2157272 54080 -246712 0
9 1344420671272500 -2157344 53672 -246776 0
9 1344420671275000 -2157552 53808 -247936 0
9 1344420671277500 -2156080 53904 -246040 0
9 1344420671280000 -2156328 54408 -246160 0
9 1344420671282500 -2157032 54544 -245784 0
9 1344420671285000 -2158016 54488 -246080 0
9 1344420671287500 -2156808 54088 -246896 0
9 1344420671290000 -2157432 53688 -247416 0
9 1344420671292500 -2156296 55336 -247728 0
9 1344420671295000 -2157664 54344 -245376 0
9 1344420671297500 -2156088 54456 -246120 0
