9 1344420701300000 -2157824 54680 -247400 0
9 1344420701302500 -2158016 52920 -247104 0
9 1344420701305000 -2157232 53304 -245872 0
9 1344420701307500 -2157528 53440 -248240 0
9 1344420701310000 -2156192 53224 -247304 0
9 1344420701312500 -2157200 54248 -246272 0
9 1344420701315000 -2156712 54400 -247072 0
9 1344420701317500 -2158008 54216 -246872 0
9 1344420701320000 -2157264 53728 -246704 0
9 1344420701322500 -2157360 52616 -246152 0
9 1344420701325000 -2157032 52680 -246408 0
9 1344420701327500 -2156008 55824 -247352 0
9 1344420701330000 -2157080 54976 -246616 0
9 1344420701332500 -2157232 55576 -246112 0
9 1344420701335000 -2157416 54648 -247312 0
9 1344420701337500 -2156880 53576 -246904 0
9 1344420701340000 -2156816 53384 -247328 0
9 1344420701342500 -2157008 52968 -246400 0
9 1344420701345000 -2156648 54120 -246496 0
9 1344420701347500 -2156728 51880 -246568 0
9 1344420701350000 -2157720 53736 -247632 0
9 1344420701352500 -2157208 53448 -247424 0
9 1344420701355000 -2157216 54344 -247904 0
9 1344420701357500 -2156384 54160 -246664 0
9 1344420701360000 -2156824 54304 -246320 0
9 1344420701362500 -2157376 54056 -246440 0
9 1344420701365000 -2157280 54320 -245960 0
9 1344420701367500 -2156856 54776 -247248 0
9 1344420701370000 -2157360 53408 -246424 0
9 1344420701372500 -2156312 54696 -246640 0
9 1344420701375000 -2157128 53448 -246040 0
9 1344420701377500 -2157136 53488 -247592 0
9 1344420701380000 -2157120 52072 -247736 0
9 1344420701382500 -2157088 54632 -248488 0
9 1344420701385000 -2156792 53328 -246176 0
9 1344420701387500 -2157224 53048 -248368 0
9 1344420701390000 -2156968 54368 -246976 0
9 1344420701392500 -2156672 52952 -246616 0
9 1344420701395000 -2155856 53840 -246776 0
9 1344420701397500 -2156648 53424 -246992 0
