9 1344420712300000 -2157448 54576 -246184 0
9 1344420712302500 -2157080 53480 -245696 0
9 1344420712305000 -2157968 55056 -246288 0
9 1344420712307500 -2156680 54984 -245704 0
9 1344420712310000 -2157424 53216 -246448 0
9 1344420712312500 -2157016 54792 -246248 0
9 1344420712315000 -2157512 53912 -246264 0
9 1344420712317500 -2156528 55712 -247256 0
9 1344420712320000 -2157072 55568 -247464 0
9 1344420712322500 -2155944 54072 -246384 0
9 1344420712325000 -2158064 55536 -246432 0
9 1344420712327500 -2157912 54368 -245088 0
9 1344420712330000 -2156904 54296 -246392 0
9 1344420712332500 -2155856 53496 -246752 0
9 1344420712335000 -2157200 55064 -247280 0
9 1344420712337500 -2156536 55000 -246360 0
9 1344420712340000 -2155504 54672 -246448 0
9 1344420712342500 -2156872 53448 -247496 0
9 1344420712345000 -2157288 53832 -246112 0
9 1344420712347500 -2157000 54296 -246664 0
9 1344420712350000 -2156288 54416 -247040 0
9 1344420712352500 -2157152 53840 -247000 0
9 1344420712355000 -2157528 54728 -245976 0
9 1344420712357500 -2157536 55392 -246304 0
9 1344420712360000 -2156600 54144 -246536 0
9 1344420712362500 -2158296 54392 -246480 0
9 1344420712365000 -2155936 54264 -245944 0
9 1344420712367500 -2156600 54552 -246240 0
9 1344420712370000 -2156704 54480 -247296 0
9 1344420712372500 -2156736 54312 -246400 0
9 1344420712375000 -2157312 54048 -246776 0
9 1344420712377500 -2157288 54808 -246360 0
9 1344420712380000 -2156280 53912 -246488 0
9 1344420712382500 -2157360 53400 -246016 0
9 1344420712385000 -2157880 53624 -246752 0
9 1344420712387500 -2158208 54320 -247136 0
9 1344420712390000 -2157768 54152 -246072 0
9 1344420712392500 -2157232 54616 -246920 0
9 1344420712395000 -2157872 54832 -245456 0
9 1344420712397500 -2155408 52800 -246360 0
