9 1344420683200000 -2157744 53896 -246904 0
9 1344420683202500 -2156448 53816 -247520 0
9 1344420683205000 -2157688 53960 -247376 0
9 1344420683207500 -2157840 54736 -245896 0
9 1344420683210000 -2157824 55360 -246464 0
9 1344420683212500 -2157648 54392 -247648 0
9 1344420683215000 -2157856 55480 -247352 0
9 1344420683217500 -2156480 55152 -247408 0
9 1344420683220000 -2158368 53888 -246472 0
9 1344420683222500 -2157344 55856 -246464 0
9 1344420683225000 -2156128 53864 -246512 0
9 1344420683227500 -2157888 54624 -247168 0
9 1344420683230000 -2157224 55032 -246816 0
9 1344420683232500 -2157064 54016 -246728 0
9 1344420683235000 -2157216 53552 -246784 0
9 1344420683237500 -2156608 54192 -246904 0
9 1344420683240000 -2156824 55064 -246904 0
9 1344420683242500 -2156576 54240 -246392 0
9 1344420683245000 -2157136 53992 -246000 0
9 1344420683247500 -2156256 52928 -246096 0
9 1344420683250000 -2157576 52944 -247112 0
9 1344420683252500 -2156800 53824 -246400 0
9 1344420683255000 -2156512 55192 -246096 0
9 1344420683257500 -2156464 54968 -246568 0
9 1344420683260000 -2156280 54680 -246920 0
9 1344420683262500 -2156584 53080 -246416 0
9 1344420683265000 -2156496 56168 -245968 0
9 1344420683267500 -2156448 54408 -247184 0
9 1344420683270000 -2157040 53808 -247168 0
9 1344420683272500 -2157024 54536 -247112 0
9 1344420683275000 -2157184 54016 -247872 0
9 1344420683277500 -2156816 55208 -246136 0
9 1344420683280000 -2155608 54120 -246528 0
9 1344420683282500 -2157568 54640 -246696 0
9 1344420683285000 -2157008 53808 -245880 0
9 1344420683287500 -2156312 54016 -246248 0
9 1344420683290000 -2157480 54984 -247320 0
9 1344420683292500 -2156840 54040 -247136 0
9 1344420683295000 -2156608 54888 -245312 0
9 1344420683297500 -2156904 54528 -246520 0
