9 1344420693000000 -2156424 54808 -247608 0
9 1344420693002500 -2158264 55424 -247064 0
9 1344420693005000 -2155024 52208 -246248 0
9 1344420693007500 -2158360 55288 -246112 0
9 1344420693010000 -2156504 54392 -246480 0
9 1344420693012500 -2156600 54832 -246520 0
9 1344420693015000 -2157688 54976 -247040 0
9 1344420693017500 -2157968 54968 -245280 0
9 1344420693020000 -2158240 55024 -247328 0
9 1344420693022500 -2157256 53568 -244528 0
9 1344420693025000 -2159192 55448 -246424 0
9 1344420693027500 -2155368 55840 -247392 0
9 1344420693030000 -2158640 55976 -248392 0
9 1344420693032500 -2156992 54216 -245176 0
9 1344420693035000 -2158816 54432 -246112 0
9 1344420693037500 -2155832 54136 -247272 0
9 1344420693040000 -2159816 55824 -246256 0
9 1344420693042500 -2155000 53600 -246064 0
9 1344420693045000 -2159472 55960 -247512 0
9 1344420693047500 -2156744 54216 -248024 0
9 1344420693050000 -2158728 53744 -246632 0
9 1344420693052500 -2155264 54264 -245752 0
9 1344420693055000 -2158440 54736 -245960 0
9 1344420693057500 -2157672 54352 -247424 0
9 1344420693060000 -2159088 54728 -246632 0
9 1344420693062500 -2155992 51736 -245968 0
9 1344420693065000 -2157824 55272 -246976 0
9 1344420693067500 -2155496 53040 -247104 0
9 1344420693070000 -2155808 55768 -245528 0
9 1344420693072500 -2158136 54376 -247008 0
9 1344420693075000 -2156600 55296 -247048 0
9 1344420693077500 -2158136 54616 -246816 0
9 1344420693080000 -2156488 53184 -245576 0
9 1344420693082500 -2156944 54904 -247104 0
9 1344420693085000 -2153168 52608 -245904 0
9 1344420693087500 -2160392 55856 -248136 0
9 1344420693090000 -2156096 54120 -247168 0
9 1344420693092500 -2158832 53792 -247528 0
9 1344420693095000 -2152888 52920 -247200 0
9 1344420693097500 -2160568 56200 -247168 0
