9 1344420703200000 -2158480 53928 -248216 0
9 1344420703202500 -2156832 53248 -247560 0
9 1344420703205000 -2157200 54352 -247304 0
9 1344420703207500 -2155672 54096 -247016 0
9 1344420703210000 -2156704 54776 -246064 0
9 1344420703212500 -2155024 52056 -246232 0
9 1344420703215000 -2157264 53080 -247584 0
9 1344420703217500 -2156008 53704 -246400 0
9 1344420703220000 -2155720 54656 -246624 0
9 1344420703222500 -2157024 54856 -246984 0
9 1344420703225000 -2156928 54768 -247296 0
9 1344420703227500 -2156528 52680 -246544 0
9 1344420703230000 -2156712 54112 -247728 0
9 1344420703232500 -2156120 53688 -248400 0
9 1344420703235000 -2157424 53632 -245896 0
9 1344420703237500 -2157048 52776 -246608 0
9 1344420703240000 -2157152 53696 -246384 0
9 1344420703242500 -2156784 53672 -246872 0
9 1344420703245000 -2156496 54960 -245672 0
9 1344420703247500 -2157816 53520 -246424 0
9 1344420703250000 -2156728 53552 -247240 0
9 1344420703252500 -2157856 53600 -246360 0
9 1344420703255000 -2155880 53680 -246464 0
9 1344420703257500 -2155808 54424 -247096 0
9 1344420703260000 -2155152 52696 -247864 0
9 1344420703262500 -2156248 54728 -246048 0
9 1344420703265000 -2157176 53232 -246176 0
9 1344420703267500 -2157184 54728 -245856 0
9 1344420703270000 -2156568 53904 -246384 0
9 1344420703272500 -2156480 53256 -247112 0
9 1344420703275000 -2157112 53592 -246504 0
9 1344420703277500 -2156200 54432 -245616 0
9 1344420703280000 -2156600 53848 -246496 0
9 1344420703282500 -2158040 53944 -246744 0
9 1344420703285000 -2157888 52944 -246736 0
9 1344420703287500 -2157632 53680 -247120 0
9 1344420703290000 -2156256 53736 -246344 0
9 1344420703292500 -2156856 53576 -245568 0
9 1344420703295000 -2157304 52408 -247480 0
9 1344420703297500 -2155840 54528 -245432 0
