9 1344420707700000 -2157192 53424 -246560 0
9 1344420707702500 -2156848 53960 -245448 0
9 1344420707705000 -2156440 55928 -245848 0
9 1344420707707500 -2156016 53760 -246752 0
9 1344420707710000 -2156672 55320 -247312 0
9 1344420707712500 -2157056 55520 -247696 0
9 1344420707715000 -2156752 54264 -247264 0
9 1344420707717500 -2156752 54368 -246448 0
9 1344420707720000 -2157856 54800 -247008 0
9 1344420707722500 -2155952 54680 -245952 0
9 1344420707725000 -2156864 55624 -246848 0
9 1344420707727500 -2157488 53728 -246576 0
9 1344420707730000 -2158280 54528 -245920 0
9 1344420707732500 -2155416 54024 -245896 0
9 1344420707735000 -2156408 55112 -247480 0
9 1344420707737500 -2156304 54192 -247664 0
9 1344420707740000 -2157544 54296 -246360 0
9 1344420707742500 -2156856 54480 -246432 0
9 1344420707745000 -2156952 54096 -247856 0
9 1344420707747500 -2155520 54144 -246504 0
9 1344420707750000 -2158072 53600 -246656 0
9 1344420707752500 -2157744 54048 -245704 0
9 1344420707755000 -2157688 54304 -246296 0
9 1344420707757500 -2156256 53880 -246784 0
9 1344420707760000 -2158000 53304 -246128 0
9 1344420707762500 -2157776 54720 -247672 0
9 1344420707765000 -2155800 53640 -246768 0
9 1344420707767500 -2157136 54520 -246096 0
9 1344420707770000 -2156296 54176 -246848 0
9 1344420707772500 -2157336 54136 -247376 0
9 1344420707775000 -2156816 54640 -245312 0
9 1344420707777500 -2157384 54456 -247072 0
9 1344420707780000 -2156496 53240 -245592 0
9 1344420707782500 -2158128 55280 -246328 0
9 1344420707785000 -2155136 54624 -246120 0
9 1344420707787500 -2157280 54840 -246520 0
9 1344420707790000 -2155544 54568 -246960 0
9 1344420707792500 -2157352 54776 -245352 0
9 1344420707795000 -2157888 54336 -246056 0
9 1344420707797500 -2158128 54504 -246256 0
