9 1344420687400000 -2156136 53464 -246248 0
9 1344420687402500 -2156136 55240 -247648 0
9 1344420687405000 -2156296 55656 -247408 0
9 1344420687407500 -2156936 54312 -246816 0
9 1344420687410000 -2155696 54456 -245720 0
9 1344420687412500 -2156752 54896 -246424 0
9 1344420687415000 -2157704 53544 -246976 0
9 1344420687417500 -2156864 54400 -245344 0
9 1344420687420000 -2157368 53736 -246696 0
9 1344420687422500 -2157312 52976 -247256 0
9 1344420687425000 -2156992 55480 -246760 0
9 1344420687427500 -2157584 54720 -247848 0
9 1344420687430000 -2157080 53392 -246832 0
9 1344420687432500 -2157720 53744 -247840 0
9 1344420687435000 -2156808 53968 -247112 0
9 1344420687437500 -2156592 55080 -247560 0
9 1344420687440000 -2156336 54504 -247688 0
9 1344420687442500 -2157264 54080 -246664 0
9 1344420687445000 -2158152 53632 -246424 0
9 1344420687447500 -2157640 54168 -246880 0
9 1344420687450000 -2157104 53808 -247056 0
9 1344420687452500 -2156936 53616 -247120 0
9 1344420687455000 -2156984 55096 -246240 0
9 1344420687457500 -2157560 53400 -246624 0
9 1344420687460000 -2157072 53696 -246320 0
9 1344420687462500 -2156240 54680 -247048 0
9 1344420687465000 -2157152 53584 -246136 0
9 1344420687467500 -2156768 54024 -246744 0
9 1344420687470000 -2157576 53528 -246504 0
9 1344420687472500 -2157824 53896 -246656 0
9 1344420687475000 -2157112 53904 -247400 0
9 1344420687477500 -2157544 54536 -246320 0
9 1344420687480000 -2156376 54088 -246832 0
9 1344420687482500 -2156536 55248 -246784 0
9 1344420687485000 -2157552 54424 -246344 0
9 1344420687487500 -2157544 53728 -247848 0
9 1344420687490000 -2156480 53672 -246600 0
9 1344420687492500 -2157400 53528 -247056 0
9 1344420687495000 -2157360 53256 -246840 0
9 1344420687497500 -2156952 52152 -245328 0
