9 1344420695700000 -2156240 55080 -247016 0
9 1344420695702500 -2156896 53936 -247040 0
9 1344420695705000 -2157648 53744 -247472 0
9 1344420695707500 -2157808 53768 -246864 0
9 1344420695710000 -2157792 54432 -245616 0
9 1344420695712500 -2156736 54184 -246176 0
9 1344420695715000 -2157752 54624 -247040 0
9 1344420695717500 -2155568 53192 -247320 0
9 1344420695720000 -2158088 52872 -246760 0
9 1344420695722500 -2156520 54520 -247320 0
9 1344420695725000 -2157576 54384 -247048 0
9 1344420695727500 -2157136 54736 -246800 0
9 1344420695730000 -2158496 54096 -247560 0
9 1344420695732500 -2154696 53432 -247296 0
9 1344420695735000 -2158096 54440 -246904 0
9 1344420695737500 -2156968 54032 -247024 0
9 1344420695740000 -2156280 53488 -246928 0
9 1344420695742500 -2155928 53904 -247352 0
9 1344420695745000 -2155784 53536 -246208 0
9 1344420695747500 -2157336 54232 -247160 0
9 1344420695750000 -2155000 54816 -245416 0
9 1344420695752500 -2157328 54464 -246856 0
9 1344420695755000 -2158864 53920 -246688 0
9 1344420695757500 -2156200 53336 -246336 0
9 1344420695760000 -2155960 53920 -245792 0
9 1344420695762500 -2157336 54728 -245808 0
9 1344420695765000 -2157328 53848 -247160 0
9 1344420695767500 -2156448 54840 -245416 0
9 1344420695770000 -2156408 53800 -247536 0
9 1344420695772500 -2157480 54144 -246632 0
9 1344420695775000 -2155664 53616 -245656 0
9 1344420695777500 -2159296 55176 -248120 0
9 1344420695780000 -2154280 53264 -246544 0
9 1344420695782500 -2158344 54496 -247512 0
9 1344420695785000 -2156840 53760 -247072 0
9 1344420695787500 -2158280 53616 -246632 0
9 1344420695790000 -2156432 53424 -247944 0
9 1344420695792500 -2157784 54696 -246784 0
9 1344420695795000 -2155864 53832 -246672 0
9 1344420695797500 -2155224 53928 -246296 0
