9 1344420676500000 -2155920 53272 -246208 0
9 1344420676502500 -2156688 53608 -247112 0
9 1344420676505000 -2156848 55320 -246296 0
9 1344420676507500 -2158280 54928 -246488 0
9 1344420676510000 -2157184 53984 -246680 0
9 1344420676512500 -2157656 55336 -246552 0
9 1344420676515000 -2157224 55648 -245656 0
9 1344420676517500 -2157648 54696 -247304 0
9 1344420676520000 -2157120 54768 -245888 0
9 1344420676522500 -2157424 53688 -246752 0
9 1344420676525000 -2157624 53736 -247488 0
9 1344420676527500 -2157256 54928 -245904 0
9 1344420676530000 -2156736 53944 -246872 0
9 1344420676532500 -2157424 55168 -246512 0
9 1344420676535000 -2157808 54768 -245264 0
9 1344420676537500 -2157184 54856 -247152 0
9 1344420676540000 -2158104 54256 -246352 0
9 1344420676542500 -2155720 53536 -247360 0
9 1344420676545000 -2157480 53936 -246960 0
9 1344420676547500 -2156584 54832 -245872 0
9 1344420676550000 -2157016 54176 -246136 0
9 1344420676552500 -2156944 54432 -245760 0
9 1344420676555000 -2156888 54024 -246512 0
9 1344420676557500 -2156992 54472 -247592 0
9 1344420676560000 -2156632 53896 -245440 0
9 1344420676562500 -2156800 54144 -246008 0
9 1344420676565000 -2157136 55080 -246760 0
9 1344420676567500 -2157464 54176 -246952 0
9 1344420676570000 -2155760 54584 -246360 0
9 1344420676572500 -2156736 53536 -246488 0
9 1344420676575000 -2155864 53864 -246400 0
9 1344420676577500 -2157104 54696 -246352 0
9 1344420676580000 -2158112 53792 -247168 0
9 1344420676582500 -2157120 52448 -245560 0
9 1344420676585000 -2157312 54016 -247896 0
9 1344420676587500 -2156376 53952 -246976 0
9 1344420676590000 -2157008 54968 -248200 0
9 1344420676592500 -2157112 54328 -246576 0
9 1344420676595000 -2157024 54160 -247456 0
9 1344420676597500 -2157048 53200 -246776 0
