9 1344420672800000 -2156688 52800 -245872 0
9 1344420672802500 -2156000 53608 -246056 0
9 1344420672805000 -2157248 53600 -246232 0
9 1344420672807500 -2157432 54728 -245368 0
9 1344420672810000 -2157176 54568 -245656 0
9 1344420672812500 -2156944 53976 -246840 0
9 1344420672815000 -2158072 54056 -246840 0
9 1344420672817500 -2157712 53328 -246496 0
9 1344420672820000 -2156616 54872 -248152 0
9 1344420672822500 -2157832 53656 -247976 0
9 1344420672825000 -2156440 54088 -245808 0
9 1344420672827500 -2158784 54304 -245384 0
9 1344420672830000 -2155848 52488 -246784 0
9 1344420672832500 -2157064 54008 -246920 0
9 1344420672835000 -2157440 54336 -247048 0
9 1344420672837500 -2157400 54248 -246192 0
9 1344420672840000 -2157688 53968 -245768 0
9 1344420672842500 -2157400 54488 -246920 0
9 1344420672845000 -2156792 54288 -246968 0
9 1344420672847500 -2157288 53216 -246312 0
9 1344420672850000 -2158000 54528 -247176 0
9 1344420672852500 -2156632 54544 -246360 0
9 1344420672855000 -2156312 53656 -245552 0
9 1344420672857500 -2155744 54424 -245944 0
9 1344420672860000 -2157096 54256 -246656 0
9 1344420672862500 -2157728 53936 -246600 0
9 1344420672865000 -2156592 53904 -246344 0
9 1344420672867500 -2158408 54456 -246176 0
9 1344420672870000 -2156144 54304 -246600 0
9 1344420672872500 -2156808 53792 -246016 0
9 1344420672875000 -2156736 54120 -245992 0
9 1344420672877500 -2156376 53376 -246584 0
9 1344420672880000 -2158336 54840 -246080 0
9 1344420672882500 -2157680 53808 -246840 0
9 1344420672885000 -2156024 54800 -245712 0
9 1344420672887500 -2157384 54272 -245416 0
9 1344420672890000 -2157000 53560 -246160 0
9 1344420672892500 -2156840 54560 -246600 0
9 1344420672895000 -2157760 53296 -246264 0
9 1344420672897500 -2155392 54752 -247800 0
