9 1344420705100000 -2157696 54288 -246408 0
9 1344420705102500 -2157008 53232 -246072 0
9 1344420705105000 -2157296 54192 -247232 0
9 1344420705107500 -2157528 54008 -246568 0
9 1344420705110000 -2156744 55464 -246408 0
9 1344420705112500 -2156624 53632 -247824 0
9 1344420705115000 -2156800 55368 -245648 0
9 1344420705117500 -2156104 54064 -246160 0
9 1344420705120000 -2156640 55776 -247224 0
9 1344420705122500 -2157744 54840 -246504 0
9 1344420705125000 -2156312 55648 -245752 0
9 1344420705127500 -2157288 54016 -247080 0
9 1344420705130000 -2155272 54944 -245856 0
9 1344420705132500 -2157640 54616 -248120 0
9 1344420705135000 -2156208 54760 -246304 0
9 1344420705137500 -2156664 53568 -247056 0
9 1344420705140000 -2155688 52968 -246496 0
9 1344420705142500 -2157072 53288 -245712 0
9 1344420705145000 -2157208 54240 -246960 0
9 1344420705147500 -2157896 54832 -246168 0
9 1344420705150000 -2157240 54192 -246560 0
9 1344420705152500 -2157416 55448 -247712 0
9 1344420705155000 -2156976 54488 -246856 0
9 1344420705157500 -2156392 54192 -246176 0
9 1344420705160000 -2156160 54104 -246376 0
9 1344420705162500 -2157048 54400 -247144 0
9 1344420705165000 -2156720 53944 -246760 0
9 1344420705167500 -2157224 55072 -246632 0
9 1344420705170000 -2154672 55352 -245968 0
9 1344420705172500 -2156664 54888 -246576 0
9 1344420705175000 -2157000 53352 -246848 0
9 1344420705177500 -2156744 54064 -245744 0
9 1344420705180000 -2157072 53992 -246360 0
9 1344420705182500 -2156944 55456 -244968 0
9 1344420705185000 -2156488 54400 -246984 0
9 1344420705187500 -2156408 55592 -246312 0
9 1344420705190000 -2156408 55128 -246408 0
9 1344420705192500 -2155784 55560 -246784 0
9 1344420705195000 -2156584 55408 -246976 0
9 1344420705197500 -2157360 54392 -246696 0
