9 1344420707200000 -2156736 53352 -245672 0
9 1344420707202500 -2156864 54152 -246808 0
9 1344420707205000 -2156136 53672 -246584 0
9 1344420707207500 -2156624 53856 -247464 0
9 1344420707210000 -2156936 53856 -246248 0
9 1344420707212500 -2156064 54328 -246976 0
9 1344420707215000 -2157752 54080 -246040 0
9 1344420707217500 -2156128 53568 -246152 0
9 1344420707220000 -2156792 54288 -247040 0
9 1344420707222500 -2156264 53520 -246464 0
9 1344420707225000 -2157472 54408 -248008 0
9 1344420707227500 -2156240 54880 -247880 0
9 1344420707230000 -2157064 54512 -246952 0
9 1344420707232500 -2155880 54248 -247384 0
9 1344420707235000 -2157896 54872 -246792 0
9 1344420707237500 -2156128 54112 -246184 0
9 1344420707240000 -2156368 54136 -247352 0
9 1344420707242500 -2155976 54160 -247088 0
9 1344420707245000 -2156832 52832 -246288 0
9 1344420707247500 -2156264 53392 -246952 0
9 1344420707250000 -2157480 55216 -245992 0
9 1344420707252500 -2156616 54944 -246744 0
9 1344420707255000 -2158504 54464 -245920 0
9 1344420707257500 -2156672 53256 -245928 0
9 1344420707260000 -2156776 54632 -246384 0
9 1344420707262500 -2157496 54544 -247384 0
9 1344420707265000 -2157128 53824 -245880 0
9 1344420707267500 -2156504 52680 -246544 0
9 1344420707270000 -2155944 54184 -247688 0
9 1344420707272500 -2156312 55096 -246368 0
9 1344420707275000 -2156632 53808 -245832 0
9 1344420707277500 -2157384 54088 -247216 0
9 1344420707280000 -2155568 54104 -246144 0
9 1344420707282500 -2156872 54064 -246032 0
9 1344420707285000 -2156176 54984 -246880 0
9 1344420707287500 -2157920 53808 -247632 0
9 1344420707290000 -2155248 54104 -247152 0
9 1344420707292500 -2156672 54904 -245192 0
9 1344420707295000 -2155448 53848 -245968 0
9 1344420707297500 -2156584 52680 -247280 0
