9 1344420700400000 -2157240 53752 -246784 0
9 1344420700402500 -2158304 53520 -246496 0
9 1344420700405000 -2157392 54864 -246000 0
9 1344420700407500 -2157096 54592 -247264 0
9 1344420700410000 -2156808 52104 -247472 0
9 1344420700412500 -2157008 54224 -246888 0
9 1344420700415000 -2155592 54320 -246864 0
9 1344420700417500 -2157128 54304 -245784 0
9 1344420700420000 -2156616 54672 -246392 0
9 1344420700422500 -2157256 54184 -246984 0
9 1344420700425000 -2156264 53552 -245976 0
9 1344420700427500 -2157208 53456 -246744 0
9 1344420700430000 -2155520 52520 -246912 0
9 1344420700432500 -2156624 53024 -247304 0
9 1344420700435000 -2157040 53256 -245976 0
9 1344420700437500 -2157136 52832 -247104 0
9 1344420700440000 -2157368 54112 -246256 0
9 1344420700442500 -2157312 55600 -248256 0
9 1344420700445000 -2155808 52856 -246536 0
9 1344420700447500 -2158464 54408 -247224 0
9 1344420700450000 -2156792 53720 -246536 0
9 1344420700452500 -2156832 54568 -247680 0
9 1344420700455000 -2155976 53264 -246656 0
9 1344420700457500 -2157080 54592 -246696 0
9 1344420700460000 -2156456 52696 -247640 0
9 1344420700462500 -2156864 54200 -246376 0
9 1344420700465000 -2156856 52888 -247576 0
9 1344420700467500 -2156248 52992 -246888 0
9 1344420700470000 -2156824 54072 -247568 0
9 1344420700472500 -2156560 53672 -246040 0
9 1344420700475000 -2157248 54032 -247240 0
9 1344420700477500 -2154824 53144 -246544 0
9 1344420700480000 -2158432 54472 -246152 0
9 1344420700482500 -2156664 53272 -246384 0
9 1344420700485000 -2157296 54320 -247312 0
9 1344420700487500 -2156888 53760 -246512 0
9 1344420700490000 -2158240 54576 -247128 0
9 1344420700492500 -2155584 53144 -247096 0
9 1344420700495000 -2157128 53488 -246432 0
9 1344420700497500 -2156336 53960 -247256 0
