9 1344420683100000 -2157344 53912 -246664 0
9 1344420683102500 -2156920 54208 -247320 0
9 1344420683105000 -2157336 54552 -247264 0
9 1344420683107500 -2156208 53504 -247504 0
9 1344420683110000 -2157088 52640 -246768 0
9 1344420683112500 -2156520 54552 -246432 0
9 1344420683115000 -2157216 55280 -246048 0
9 1344420683117500 -2155672 54552 -245784 0
9 1344420683120000 -2157208 53944 -247344 0
9 1344420683122500 -2158816 52888 -246944 0
9 1344420683125000 -2157336 53864 -246056 0
9 1344420683127500 -2156928 53648 -247632 0
9 1344420683130000 -2157288 54448 -246272 0
9 1344420683132500 -2156536 54432 -246792 0
9 1344420683135000 -2156616 54216 -245960 0
9 1344420683137500 -2157928 54016 -247224 0
9 1344420683140000 -2156472 54072 -246728 0
9 1344420683142500 -2158016 54920 -246696 0
9 1344420683145000 -2156896 54384 -247664 0
9 1344420683147500 -2157200 53856 -246016 0
9 1344420683150000 -2158232 54928 -246616 0
9 1344420683152500 -2156800 53864 -245952 0
9 1344420683155000 -2157088 52832 -245704 0
9 1344420683157500 -2155280 53352 -245864 0
9 1344420683160000 -2156016 55016 -246392 0
9 1344420683162500 -2156808 53712 -246568 0
9 1344420683165000 -2158080 53336 -246544 0
9 1344420683167500 -2156792 54248 -248000 0
9 1344420683170000 -2157784 52528 -246072 0
9 1344420683172500 -2156808 53504 -247248 0
9 1344420683175000 -2157112 54336 -246872 0
9 1344420683177500 -2155520 54240 -246960 0
9 1344420683180000 -2156944 52984 -245968 0
9 1344420683182500 -2157760 53688 -247544 0
9 1344420683185000 -2156048 54176 -247208 0
9 1344420683187500 -2156640 54488 -246440 0
9 1344420683190000 -2156696 54672 -246448 0
9 1344420683192500 -2157152 52984 -247496 0
9 1344420683195000 -2155720 54032 -246424 0
9 1344420683197500 -2157896 54120 -246080 0
