9 1344420692000000 -2163416 63256 -246976 0
9 1344420692002500 -2145048 45288 -249032 0
9 1344420692005000 -2158912 61488 -239688 0
9 1344420692007500 -2149336 47144 -254056 0
9 1344420692010000 -2149432 58336 -242832 0
9 1344420692012500 -2160032 50752 -251184 0
9 1344420692015000 -2155680 59656 -241400 0
9 1344420692017500 -2156088 49080 -252344 0
9 1344420692020000 -2149976 59136 -245680 0
9 1344420692022500 -2163968 47824 -253720 0
9 1344420692025000 -2161648 56288 -239432 0
9 1344420692027500 -2166208 50032 -248944 0
9 1344420692030000 -2151256 57584 -249272 0
9 1344420692032500 -2165480 54688 -251296 0
9 1344420692035000 -2152984 54392 -238176 0
9 1344420692037500 -2168248 53728 -252216 0
9 1344420692040000 -2138328 55912 -242360 0
9 1344420692042500 -2171136 52184 -250776 0
9 1344420692045000 -2149512 53880 -238992 0
9 1344420692047500 -2161184 53640 -255464 0
9 1344420692050000 -2141072 54288 -240496 0
9 1344420692052500 -2179872 53976 -252072 0
9 1344420692055000 -2141544 59056 -240760 0
9 1344420692057500 -2160624 54096 -255376 0
9 1344420692060000 -2149744 57312 -238592 0
9 1344420692062500 -2180232 51712 -255520 0
9 1344420692065000 -2138328 53184 -239224 0
9 1344420692067500 -2180536 53720 -258248 0
9 1344420692070000 -2136984 56896 -235720 0
9 1344420692072500 -2180200 51528 -256440 0
9 1344420692075000 -2136184 55896 -234968 0
9 1344420692077500 -2175832 51184 -260304 0
9 1344420692080000 -2134352 60032 -235776 0
9 1344420692082500 -2177992 47304 -256256 0
9 1344420692085000 -2137912 57528 -236040 0
9 1344420692087500 -2176952 51200 -261584 0
9 1344420692090000 -2136192 59856 -233360 0
9 1344420692092500 -2179968 44784 -256552 0
9 1344420692095000 -2134424 66384 -235672 0
9 1344420692097500 -2171280 44368 -260200 0
