9 1344420684200000 -2156352 53040 -247104 0
9 1344420684202500 -2157896 54408 -248632 0
9 1344420684205000 -2156104 54128 -246512 0
9 1344420684207500 -2157736 53448 -247344 0
9 1344420684210000 -2157048 52768 -246144 0
9 1344420684212500 -2157224 52848 -247792 0
9 1344420684215000 -2155648 53664 -246608 0
9 1344420684217500 -2157664 54392 -245840 0
9 1344420684220000 -2156400 53560 -247392 0
9 1344420684222500 -2156432 53144 -246328 0
9 1344420684225000 -2157104 54280 -246624 0
9 1344420684227500 -2157392 53192 -247416 0
9 1344420684230000 -2156632 53528 -247576 0
9 1344420684232500 -2156232 54032 -246696 0
9 1344420684235000 -2157016 54408 -247328 0
9 1344420684237500 -2156328 53952 -246992 0
9 1344420684240000 -2156216 52376 -246952 0
9 1344420684242500 -2155376 54024 -245560 0
9 1344420684245000 -2157392 54256 -247856 0
9 1344420684247500 -2156784 53360 -248144 0
9 1344420684250000 -2156736 54344 -247216 0
9 1344420684252500 -2157080 53616 -247200 0
9 1344420684255000 -2155696 54760 -245952 0
9 1344420684257500 -2157440 53928 -248144 0
9 1344420684260000 -2156480 53816 -247600 0
9 1344420684262500 -2156808 54624 -247968 0
9 1344420684265000 -2156760 53760 -247096 0
9 1344420684267500 -2157352 53672 -246272 0
9 1344420684270000 -2156752 53976 -247944 0
9 1344420684272500 -2157480 53480 -247696 0
9 1344420684275000 -2156576 53024 -247888 0
9 1344420684277500 -2155032 53304 -246984 0
9 1344420684280000 -2157768 53624 -246736 0
9 1344420684282500 -2156344 53744 -247448 0
9 1344420684285000 -2156528 53832 -247048 0
9 1344420684287500 -2157320 53200 -246760 0
9 1344420684290000 -2156408 52936 -246536 0
9 1344420684292500 -2156400 54048 -246488 0
9 1344420684295000 -2156160 54016 -248216 0
9 1344420684297500 -2155840 54008 -245416 0
