9 1344420702500000 -2156624 54880 -246056 0
9 1344420702502500 -2157384 55224 -246584 0
9 1344420702505000 -2157760 55112 -246256 0
9 1344420702507500 -2156672 55064 -247072 0
9 1344420702510000 -2157000 54072 -247008 0
9 1344420702512500 -2157752 53216 -246144 0
9 1344420702515000 -2156824 54056 -247040 0
9 1344420702517500 -2157456 54176 -246168 0
9 1344420702520000 -2156560 54672 -246192 0
9 1344420702522500 -2156640 53848 -245560 0
9 1344420702525000 -2156104 54168 -246784 0
9 1344420702527500 -2156936 54736 -247016 0
9 1344420702530000 -2157064 54080 -247192 0
9 1344420702532500 -2156192 54304 -248408 0
9 1344420702535000 -2157120 54320 -247128 0
9 1344420702537500 -2157832 54112 -246544 0
9 1344420702540000 -2158232 55472 -246104 0
9 1344420702542500 -2156328 54128 -244952 0
9 1344420702545000 -2156800 54424 -246536 0
9 1344420702547500 -2156224 54152 -245696 0
9 1344420702550000 -2157160 54672 -247280 0
9 1344420702552500 -2156824 55144 -246888 0
9 1344420702555000 -2157080 54744 -245632 0
9 1344420702557500 -2156760 54632 -247720 0
9 1344420702560000 -2156480 54408 -246360 0
9 1344420702562500 -2156936 53288 -246424 0
9 1344420702565000 -2158128 54040 -246000 0
9 1344420702567500 -2157072 53968 -247696 0
9 1344420702570000 -2157304 54104 -245776 0
9 1344420702572500 -2157296 54576 -247208 0
9 1344420702575000 -2157112 54848 -245368 0
9 1344420702577500 -2156528 53536 -247400 0
9 1344420702580000 -2157408 53536 -247688 0
9 1344420702582500 -2156616 54448 -246344 0
9 1344420702585000 -2156448 53544 -247104 0
9 1344420702587500 -2157128 54320 -246872 0
9 1344420702590000 -2156472 54568 -246136 0
9 1344420702592500 -2157216 54384 -246632 0
9 1344420702595000 -2155480 54144 -247056 0
9 1344420702597500 -2156096 54584 -246152 0
