9 1344420671100000 -2156752 54000 -245856 0
9 1344420671102500 -2157320 54704 -245536 0
9 1344420671105000 -2157304 54640 -246608 0
9 1344420671107500 -2157928 54256 -246384 0
9 1344420671110000 -2158048 53288 -248328 0
9 1344420671112500 -2156464 53544 -246656 0
9 1344420671115000 -2156536 54688 -246664 0
9 1344420671117500 -2157896 54328 -246400 0
9 1344420671120000 -2158040 54096 -247360 0
9 1344420671122500 -2157016 54904 -247200 0
9 1344420671125000 -2157312 52816 -246584 0
9 1344420671127500 -2156712 53448 -247064 0
9 1344420671130000 -2157168 52928 -247008 0
9 1344420671132500 -2157576 54016 -247048 0
9 1344420671135000 -2157096 53936 -246960 0
9 1344420671137500 -2156912 54848 -246304 0
9 1344420671140000 -2156504 55024 -246896 0
9 1344420671142500 -2155600 53352 -246904 0
9 1344420671145000 -2155864 54728 -246816 0
9 1344420671147500 -2158008 55216 -247520 0
9 1344420671150000 -2156816 54560 -246560 0
9 1344420671152500 -2157072 54512 -247232 0
9 1344420671155000 -2156176 52928 -246944 0
9 1344420671157500 -2156832 53088 -247264 0
9 1344420671160000 -2156408 53048 -246112 0
9 1344420671162500 -2157072 54192 -246600 0
9 1344420671165000 -2157160 54128 -246544 0
9 1344420671167500 -2156752 53648 -247848 0
9 1344420671170000 -2156952 53520 -247304 0
9 1344420671172500 -2156776 54888 -246336 0
9 1344420671175000 -2157456 54184 -246408 0
9 1344420671177500 -2156968 54080 -245720 0
9 1344420671180000 -2157080 54560 -247160 0
9 1344420671182500 -2157280 54456 -247160 0
9 1344420671185000 -2157416 53480 -246768 0
9 1344420671187500 -2158016 53784 -246896 0
9 1344420671190000 -2157152 54704 -247568 0
9 1344420671192500 -2156392 55416 -246864 0
9 1344420671195000 -2156160 53752 -246768 0
9 1344420671197500 -2157464 54152 -246808 0
