9 1344420679800000 -2156512 53824 -248000 0
9 1344420679802500 -2157520 54712 -246888 0
9 1344420679805000 -2158464 54392 -246504 0
9 1344420679807500 -2157880 52864 -247816 0
9 1344420679810000 -2156616 52680 -246536 0
9 1344420679812500 -2155720 54432 -246184 0
9 1344420679815000 -2157192 54536 -246208 0
9 1344420679817500 -2157472 54544 -246136 0
9 1344420679820000 -2155640 54016 -245928 0
9 1344420679822500 -2157600 53656 -246432 0
9 1344420679825000 -2156864 54832 -245696 0
9 1344420679827500 -2156856 53992 -246336 0
9 1344420679830000 -2157160 52744 -245752 0
9 1344420679832500 -2157248 53872 -246456 0
9 1344420679835000 -2157848 52976 -246704 0
9 1344420679837500 -2157848 53488 -246712 0
9 1344420679840000 -2157024 52272 -247000 0
9 1344420679842500 -2156552 54688 -246944 0
9 1344420679845000 -2157104 54144 -246816 0
9 1344420679847500 -2157264 53128 -246152 0
9 1344420679850000 -2156712 54472 -247032 0
9 1344420679852500 -2157360 54552 -246704 0
9 1344420679855000 -2158320 54192 -246680 0
9 1344420679857500 -2157704 53688 -246184 0
9 1344420679860000 -2156464 54848 -247048 0
9 1344420679862500 -2156824 53664 -246864 0
9 1344420679865000 -2157208 53768 -245616 0
9 1344420679867500 -2156192 53376 -246848 0
9 1344420679870000 -2156536 53728 -246456 0
9 1344420679872500 -2156656 54688 -246576 0
9 1344420679875000 -2156968 54040 -247768 0
9 1344420679877500 -2156512 53656 -247016 0
9 1344420679880000 -2156352 54456 -246480 0
9 1344420679882500 -2156544 54792 -246136 0
9 1344420679885000 -2157232 54896 -247688 0
9 1344420679887500 -2157152 55096 -247288 0
9 1344420679890000 -2156056 54760 -245920 0
9 1344420679892500 -2158120 53216 -246184 0
9 1344420679895000 -2157096 53408 -247464 0
9 1344420679897500 -2156280 53328 -247040 0
