9 1344420674700000 -2157672 55152 -246744 0
9 1344420674702500 -2156896 55344 -246976 0
9 1344420674705000 -2157328 54416 -246240 0
9 1344420674707500 -2157712 53696 -246416 0
9 1344420674710000 -2156848 54960 -246704 0
9 1344420674712500 -2157344 54584 -247360 0
9 1344420674715000 -2157168 54048 -247392 0
9 1344420674717500 -2158368 54960 -245192 0
9 1344420674720000 -2157912 54704 -246224 0
9 1344420674722500 -2157256 53480 -246464 0
9 1344420674725000 -2156768 54008 -247288 0
9 1344420674727500 -2157200 53616 -246912 0
9 1344420674730000 -2157456 54384 -246536 0
9 1344420674732500 -2156928 53624 -246608 0
9 1344420674735000 -2156456 54912 -245592 0
9 1344420674737500 -2156568 53976 -246200 0
9 1344420674740000 -2156848 54856 -246680 0
9 1344420674742500 -2157088 54656 -246208 0
9 1344420674745000 -2157344 54024 -246312 0
9 1344420674747500 -2156928 54232 -246648 0
9 1344420674750000 -2156968 53704 -246704 0
9 1344420674752500 -2156704 53928 -245360 0
9 1344420674755000 -2155656 53800 -246816 0
9 1344420674757500 -2157104 53840 -246968 0
9 1344420674760000 -2156528 53544 -245800 0
9 1344420674762500 -2156744 54080 -247056 0
9 1344420674765000 -2157536 54464 -246600 0
9 1344420674767500 -2157000 53824 -246264 0
9 1344420674770000 -2157936 54280 -245592 0
9 1344420674772500 -2157624 54440 -245816 0
9 1344420674775000 -2156432 55672 -246656 0
9 1344420674777500 -2156952 54344 -246584 0
9 1344420674780000 -2156160 55224 -246984 0
9 1344420674782500 -2156512 54152 -246440 0
9 1344420674785000 -2156640 54760 -246792 0
9 1344420674787500 -2157080 53816 -246160 0
9 1344420674790000 -2156488 55384 -246392 0
9 1344420674792500 -2156528 54152 -246424 0
9 1344420674795000 -2157320 53712 -246792 0
9 1344420674797500 -2156048 54504 -245576 0
