9 1344420689500000 -2156928 53096 -247200 0
9 1344420689502500 -2157624 52680 -247704 0
9 1344420689505000 -2157008 54680 -247320 0
9 1344420689507500 -2157440 53720 -246544 0
9 1344420689510000 -2156576 53888 -246368 0
9 1344420689512500 -2157568 54192 -246928 0
9 1344420689515000 -2157336 54360 -246432 0
9 1344420689517500 -2157336 54272 -247104 0
9 1344420689520000 -2157208 52920 -247024 0
9 1344420689522500 -2156976 53112 -246456 0
9 1344420689525000 -2156016 53848 -246416 0
9 1344420689527500 -2158776 53824 -246792 0
9 1344420689530000 -2156224 54088 -247144 0
9 1344420689532500 -2157056 54592 -247552 0
9 1344420689535000 -2155936 53024 -247416 0
9 1344420689537500 -2157160 54040 -247160 0
9 1344420689540000 -2156464 53728 -248400 0
9 1344420689542500 -2156880 55120 -246696 0
9 1344420689545000 -2156000 54552 -246096 0
9 1344420689547500 -2157248 54472 -246472 0
9 1344420689550000 -2158680 55248 -247216 0
9 1344420689552500 -2157312 53752 -246768 0
9 1344420689555000 -2157600 53112 -247328 0
9 1344420689557500 -2158552 53480 -246280 0
9 1344420689560000 -2158024 53504 -246880 0
9 1344420689562500 -2157840 54080 -246416 0
9 1344420689565000 -2157640 54568 -246520 0
9 1344420689567500 -2156544 55632 -247744 0
9 1344420689570000 -2156040 54880 -246264 0
9 1344420689572500 -2157464 54000 -247152 0
9 1344420689575000 -2156616 55584 -246712 0
9 1344420689577500 -2157768 54416 -246960 0
9 1344420689580000 -2156976 54160 -246920 0
9 1344420689582500 -2156888 54456 -246992 0
9 1344420689585000 -2156896 53864 -247776 0
9 1344420689587500 -2156672 54168 -245912 0
9 1344420689590000 -2156600 53208 -246792 0
9 1344420689592500 -2157064 54944 -247000 0
9 1344420689595000 -2157264 54984 -247088 0
9 1344420689597500 -2158296 54688 -245536 0
