9 1344420710300000 -2157544 54944 -246048 0
9 1344420710302500 -2156000 54592 -246128 0
9 1344420710305000 -2156464 54984 -245984 0
9 1344420710307500 -2156456 53872 -245768 0
9 1344420710310000 -2155640 54152 -247376 0
9 1344420710312500 -2156008 54176 -246176 0
9 1344420710315000 -2157104 54984 -246480 0
9 1344420710317500 -2157784 53976 -247040 0
9 1344420710320000 -2157744 54056 -246448 0
9 1344420710322500 -2157368 53968 -246296 0
9 1344420710325000 -2155264 53776 -246472 0
9 1344420710327500 -2158024 53640 -247376 0
9 1344420710330000 -2156960 54664 -246400 0
9 1344420710332500 -2158128 54176 -245264 0
9 1344420710335000 -2157176 54304 -246784 0
9 1344420710337500 -2157016 54552 -245912 0
9 1344420710340000 -2157192 53896 -248144 0
9 1344420710342500 -2157000 53448 -246272 0
9 1344420710345000 -2156952 52968 -245832 0
9 1344420710347500 -2157608 54536 -246944 0
9 1344420710350000 -2157112 53552 -246640 0
9 1344420710352500 -2157960 54280 -246792 0
9 1344420710355000 -2157248 53632 -247048 0
9 1344420710357500 -2158912 52768 -247016 0
9 1344420710360000 -2157424 53640 -247208 0
9 1344420710362500 -2157112 52704 -245496 0
9 1344420710365000 -2157936 54376 -245824 0
9 1344420710367500 -2158000 53968 -246728 0
9 1344420710370000 -2156968 52920 -247112 0
9 1344420710372500 -2157296 54032 -247352 0
9 1344420710375000 -2156120 52704 -246512 0
9 1344420710377500 -2156856 54560 -246040 0
9 1344420710380000 -2156904 55312 -246120 0
9 1344420710382500 -2157152 53432 -245392 0
9 1344420710385000 -2156072 53584 -247088 0
9 1344420710387500 -2156936 54304 -246272 0
9 1344420710390000 -2155496 52992 -247160 0
9 1344420710392500 -2156136 52448 -245872 0
9 1344420710395000 -2157240 53424 -245840 0
9 1344420710397500 -2157016 53520 -246408 0
