9 1344420716700000 -2157232 53768 -246216 0
9 1344420716702500 -2157088 54088 -247536 0
9 1344420716705000 -2156768 54144 -247224 0
9 1344420716707500 -2156416 53312 -246080 0
9 1344420716710000 -2156216 53640 -245776 0
9 1344420716712500 -2156528 54344 -246136 0
9 1344420716715000 -2155912 53464 -245992 0
9 1344420716717500 -2156696 52872 -247216 0
9 1344420716720000 -2156960 53384 -246192 0
9 1344420716722500 -2157792 54928 -246968 0
9 1344420716725000 -2155944 54304 -246192 0
9 1344420716727500 -2156344 54208 -245824 0
9 1344420716730000 -2157584 54560 -246728 0
9 1344420716732500 -2156096 53288 -247152 0
9 1344420716735000 -2155632 54328 -246624 0
9 1344420716737500 -2158328 53984 -246896 0
9 1344420716740000 -2156920 53192 -246448 0
9 1344420716742500 -2158464 53936 -246688 0
9 1344420716745000 -2156552 53560 -247160 0
9 1344420716747500 -2156864 55384 -247096 0
9 1344420716750000 -2156496 55000 -246272 0
9 1344420716752500 -2157616 55424 -246024 0
9 1344420716755000 -2156384 53480 -247328 0
9 1344420716757500 -2157920 54048 -247568 0
9 1344420716760000 -2155752 53872 -245496 0
9 1344420716762500 -2156744 53856 -246656 0
9 1344420716765000 -2156640 53344 -246928 0
9 1344420716767500 -2156104 54736 -246312 0
9 1344420716770000 -2156536 54688 -245040 0
9 1344420716772500 -2157440 55296 -246560 0
9 1344420716775000 -2156040 54880 -246160 0
9 1344420716777500 -2157072 54512 -245912 0
9 1344420716780000 -2155976 53968 -246008 0
9 1344420716782500 -2156368 53712 -246352 0
9 1344420716785000 -2158056 54040 -247344 0
9 1344420716787500 -2156608 55048 -247048 0
9 1344420716790000 -2157528 54152 -246768 0
9 1344420716792500 -2157640 54376 -245520 0
9 1344420716795000 -2157880 53664 -247176 0
9 1344420716797500 -2155120 53792 -246560 0
