9 1344420675200000 -2157040 54944 -247024 0
9 1344420675202500 -2156528 55496 -246176 0
9 1344420675205000 -2155696 53536 -247240 0
9 1344420675207500 -2156904 54064 -245688 0
9 1344420675210000 -2156104 54200 -246360 0
9 1344420675212500 -2155712 55976 -245672 0
9 1344420675215000 -2156440 54568 -246568 0
9 1344420675217500 -2156432 53544 -246640 0
9 1344420675220000 -2158320 53560 -246712 0
9 1344420675222500 -2156528 54864 -246152 0
9 1344420675225000 -2155896 52696 -246232 0
9 1344420675227500 -2156928 53456 -245920 0
9 1344420675230000 -2155832 53632 -246456 0
9 1344420675232500 -2156720 53448 -246504 0
9 1344420675235000 -2157736 53256 -246336 0
9 1344420675237500 -2156152 54584 -246440 0
9 1344420675240000 -2157832 53408 -247464 0
9 1344420675242500 -2157392 53688 -247160 0
9 1344420675245000 -2157040 54464 -246568 0
9 1344420675247500 -2158168 54488 -246184 0
9 1344420675250000 -2156864 53064 -247328 0
9 1344420675252500 -2156168 54576 -246976 0
9 1344420675255000 -2156472 54840 -247536 0
9 1344420675257500 -2156616 51888 -247400 0
9 1344420675260000 -2157840 52632 -247264 0
9 1344420675262500 -2157736 53928 -246216 0
9 1344420675265000 -2156624 54344 -245976 0
9 1344420675267500 -2156464 54448 -245944 0
9 1344420675270000 -2156968 54456 -246400 0
9 1344420675272500 -2156792 54680 -246360 0
9 1344420675275000 -2156664 53496 -246040 0
9 1344420675277500 -2156672 54512 -246272 0
9 1344420675280000 -2157400 54488 -246480 0
9 1344420675282500 -2156584 54208 -247680 0
9 1344420675285000 -2156400 55160 -247256 0
9 1344420675287500 -2156984 54200 -247000 0
9 1344420675290000 -2155928 55184 -247224 0
9 1344420675292500 -2157784 54504 -247360 0
9 1344420675295000 -2156776 54208 -247160 0
9 1344420675297500 -2156544 53824 -246736 0
