9 1344420687900000 -2158088 55040 -247080 0
9 1344420687902500 -2157896 54680 -247528 0
9 1344420687905000 -2156768 54608 -246120 0
9 1344420687907500 -2158088 53640 -247232 0
9 1344420687910000 -2156784 53376 -246504 0
9 1344420687912500 -2156720 54096 -245808 0
9 1344420687915000 -2156784 53528 -246472 0
9 1344420687917500 -2157160 54376 -245520 0
9 1344420687920000 -2156680 54464 -246728 0
9 1344420687922500 -2157568 53152 -247960 0
9 1344420687925000 -2155840 53784 -247456 0
9 1344420687927500 -2157800 54264 -246632 0
9 1344420687930000 -2157216 53744 -246920 0
9 1344420687932500 -2157000 53624 -246072 0
9 1344420687935000 -2157440 54952 -247152 0
9 1344420687937500 -2157216 54560 -246632 0
9 1344420687940000 -2156848 53488 -247584 0
9 1344420687942500 -2157736 54496 -247320 0
9 1344420687945000 -2156496 53656 -245488 0
9 1344420687947500 -2157216 54768 -246976 0
9 1344420687950000 -2157648 55328 -247848 0
9 1344420687952500 -2156760 54440 -246616 0
9 1344420687955000 -2158392 54088 -247536 0
9 1344420687957500 -2157872 55440 -247712 0
9 1344420687960000 -2156480 54424 -246440 0
9 1344420687962500 -2158248 54400 -247496 0
9 1344420687965000 -2156464 55152 -246512 0
9 1344420687967500 -2156712 54088 -246880 0
9 1344420687970000 -2158376 53544 -246352 0
9 1344420687972500 -2156408 54856 -246192 0
9 1344420687975000 -2155704 54648 -246888 0
9 1344420687977500 -2156216 54488 -245592 0
9 1344420687980000 -2157304 54248 -246680 0
9 1344420687982500 -2156512 55392 -246336 0
9 1344420687985000 -2156176 54808 -246776 0
9 1344420687987500 -2157880 54120 -246472 0
9 1344420687990000 -2157080 54128 -246104 0
9 1344420687992500 -2157072 54248 -247352 0
9 1344420687995000 -2157376 54344 -247320 0
9 1344420687997500 -2156216 54808 -245968 0
