9 1344420694300000 -2157960 55504 -248032 0
9 1344420694302500 -2155632 53744 -247528 0
9 1344420694305000 -2157736 54976 -247600 0
9 1344420694307500 -2156480 52952 -247072 0
9 1344420694310000 -2157536 55392 -246480 0
9 1344420694312500 -2156184 53192 -246784 0
9 1344420694315000 -2159208 55744 -247496 0
9 1344420694317500 -2156272 54272 -247216 0
9 1344420694320000 -2157728 54552 -247568 0
9 1344420694322500 -2157464 54104 -246720 0
9 1344420694325000 -2157536 54208 -246824 0
9 1344420694327500 -2156808 53976 -247936 0
9 1344420694330000 -2158208 53472 -246688 0
9 1344420694332500 -2156104 54736 -246216 0
9 1344420694335000 -2158240 55584 -248232 0
9 1344420694337500 -2156768 54216 -246912 0
9 1344420694340000 -2156256 54136 -246080 0
9 1344420694342500 -2157856 53776 -246976 0
9 1344420694345000 -2156008 54888 -246280 0
9 1344420694347500 -2158568 52928 -247696 0
9 1344420694350000 -2157624 54344 -247776 0
9 1344420694352500 -2158184 55728 -247520 0
9 1344420694355000 -2156824 53720 -246232 0
9 1344420694357500 -2158480 55112 -247240 0
9 1344420694360000 -2154808 52888 -247112 0
9 1344420694362500 -2156648 54072 -248192 0
9 1344420694365000 -2155528 54264 -246360 0
9 1344420694367500 -2158328 55240 -245816 0
9 1344420694370000 -2156328 53216 -246560 0
9 1344420694372500 -2158824 54240 -247408 0
9 1344420694375000 -2156656 53904 -246472 0
9 1344420694377500 -2157904 53760 -246824 0
9 1344420694380000 -2156832 53696 -247592 0
9 1344420694382500 -2157192 54304 -247528 0
9 1344420694385000 -2156208 54016 -247176 0
9 1344420694387500 -2156920 54400 -246432 0
9 1344420694390000 -2156024 53312 -246480 0
9 1344420694392500 -2157472 54408 -246608 0
9 1344420694395000 -2156848 54448 -246544 0
9 1344420694397500 -2158592 54464 -246600 0
