9 1344420696500000 -2156296 53728 -245656 0
9 1344420696502500 -2156944 53560 -247912 0
9 1344420696505000 -2155824 53984 -246912 0
9 1344420696507500 -2156120 54112 -246344 0
9 1344420696510000 -2156976 54200 -246408 0
9 1344420696512500 -2156384 54696 -246120 0
9 1344420696515000 -2156456 54272 -246656 0
9 1344420696517500 -2155088 54208 -245344 0
9 1344420696520000 -2157392 54040 -246968 0
9 1344420696522500 -2156904 55856 -246968 0
9 1344420696525000 -2156584 53608 -246104 0
9 1344420696527500 -2157248 53248 -246968 0
9 1344420696530000 -2156480 53296 -246592 0
9 1344420696532500 -2156616 56072 -246888 0
9 1344420696535000 -2156824 55304 -247704 0
9 1344420696537500 -2156952 53184 -246152 0
9 1344420696540000 -2156696 53976 -246952 0
9 1344420696542500 -2158408 53024 -246432 0
9 1344420696545000 -2158072 55280 -246176 0
9 1344420696547500 -2157384 54392 -246624 0
9 1344420696550000 -2155880 54544 -246624 0
9 1344420696552500 -2157136 54160 -246816 0
9 1344420696555000 -2156504 55080 -246824 0
9 1344420696557500 -2156800 53384 -246760 0
9 1344420696560000 -2157648 53592 -246456 0
9 1344420696562500 -2158464 54512 -247552 0
9 1344420696565000 -2157112 53448 -246448 0
9 1344420696567500 -2156792 53968 -245632 0
9 1344420696570000 -2157688 55008 -247192 0
9 1344420696572500 -2157608 55944 -247192 0
9 1344420696575000 -2156280 52072 -243752 0
9 1344420696577500 -2158192 52808 -247424 0
9 1344420696580000 -2156480 55024 -247376 0
9 1344420696582500 -2157920 56088 -247584 0
9 1344420696585000 -2156472 54720 -246384 0
9 1344420696587500 -2156536 51696 -245392 0
9 1344420696590000 -2161136 54200 -247008 0
9 1344420696592500 -2156600 53840 -247608 0
9 1344420696595000 -2156592 54280 -247016 0
9 1344420696597500 -2156456 53840 -246576 0
