9 1344420690100000 -2156640 54248 -245712 0
9 1344420690102500 -2156608 55336 -246312 0
9 1344420690105000 -2156512 53800 -247176 0
9 1344420690107500 -2156992 54240 -245664 0
9 1344420690110000 -2157240 55496 -245520 0
9 1344420690112500 -2158160 54184 -247152 0
9 1344420690115000 -2157280 55184 -245840 0
9 1344420690117500 -2156680 54680 -246888 0
9 1344420690120000 -2157328 54952 -246728 0
9 1344420690122500 -2157344 55280 -247672 0
9 1344420690125000 -2156824 53656 -246224 0
9 1344420690127500 -2156304 54408 -247784 0
9 1344420690130000 -2157648 54840 -246936 0
9 1344420690132500 -2156864 53736 -245584 0
9 1344420690135000 -2157856 55104 -247352 0
9 1344420690137500 -2157368 53000 -246888 0
9 1344420690140000 -2156776 55224 -248160 0
9 1344420690142500 -2157304 54080 -246224 0
9 1344420690145000 -2156280 53480 -246864 0
9 1344420690147500 -2156872 53272 -247904 0
9 1344420690150000 -2157768 53616 -247088 0
9 1344420690152500 -2157112 54912 -247168 0
9 1344420690155000 -2156944 53952 -246560 0
9 1344420690157500 -2157848 53584 -247320 0
9 1344420690160000 -2157056 54568 -245448 0
9 1344420690162500 -2157376 56040 -248072 0
9 1344420690165000 -2156272 54368 -245896 0
9 1344420690167500 -2156496 54208 -247424 0
9 1344420690170000 -2157016 54496 -245912 0
9 1344420690172500 -2157912 54536 -247192 0
9 1344420690175000 -2156136 53872 -246704 0
9 1344420690177500 -2157648 53392 -247240 0
9 1344420690180000 -2158960 54016 -246600 0
9 1344420690182500 -2156768 54040 -246736 0
9 1344420690185000 -2157992 54400 -247384 0
9 1344420690187500 -2156584 55088 -246184 0
9 1344420690190000 -2157976 54512 -246568 0
9 1344420690192500 -2156600 54376 -246744 0
9 1344420690195000 -2157616 55584 -247024 0
9 1344420690197500 -2159128 53856 -246264 0
