9 1344420677700000 -2157400 53912 -247416 0
9 1344420677702500 -2156896 54168 -247088 0
9 1344420677705000 -2157696 55384 -247304 0
9 1344420677707500 -2156256 53936 -246792 0
9 1344420677710000 -2157488 54288 -246120 0
9 1344420677712500 -2157480 54056 -247344 0
9 1344420677715000 -2158032 53968 -247136 0
9 1344420677717500 -2155824 53304 -245504 0
9 1344420677720000 -2157488 54216 -246096 0
9 1344420677722500 -2155824 51960 -246168 0
9 1344420677725000 -2155888 54712 -247672 0
9 1344420677727500 -2156008 53456 -247024 0
9 1344420677730000 -2158120 54376 -247320 0
9 1344420677732500 -2157256 54216 -245848 0
9 1344420677735000 -2156192 55000 -247104 0
9 1344420677737500 -2156408 53584 -246280 0
9 1344420677740000 -2156880 53144 -246096 0
9 1344420677742500 -2157672 54464 -247536 0
9 1344420677745000 -2155680 54552 -246872 0
9 1344420677747500 -2159128 53864 -246624 0
9 1344420677750000 -2155584 54080 -246848 0
9 1344420677752500 -2157040 54400 -247856 0
9 1344420677755000 -2156504 53360 -246384 0
9 1344420677757500 -2158016 52512 -246576 0
9 1344420677760000 -2155776 52536 -247264 0
9 1344420677762500 -2158264 54464 -246944 0
9 1344420677765000 -2156384 53304 -245880 0
9 1344420677767500 -2157016 54360 -245936 0
9 1344420677770000 -2156400 53096 -247368 0
9 1344420677772500 -2160072 55136 -247128 0
9 1344420677775000 -2156288 53288 -246832 0
9 1344420677777500 -2158488 55336 -248128 0
9 1344420677780000 -2156280 54496 -246064 0
9 1344420677782500 -2157872 53664 -246464 0
9 1344420677785000 -2155992 53168 -245520 0
9 1344420677787500 -2159392 54152 -247632 0
9 1344420677790000 -2155280 54768 -245688 0
9 1344420677792500 -2158024 54960 -246680 0
9 1344420677795000 -2154776 53616 -246864 0
9 1344420677797500 -2157704 54976 -247720 0
