9 1344420671400000 -2155976 54400 -245272 0
9 1344420671402500 -2158096 54440 -246080 0
9 1344420671405000 -2156456 54056 -246392 0
9 1344420671407500 -2157216 53800 -246504 0
9 1344420671410000 -2157856 54952 -246368 0
9 1344420671412500 -2156400 54304 -246400 0
9 1344420671415000 -2156568 55280 -246680 0
9 1344420671417500 -2156280 53504 -246552 0
9 1344420671420000 -2158008 54200 -247136 0
9 1344420671422500 -2157984 53672 -245896 0
9 1344420671425000 -2157112 54664 -247208 0
9 1344420671427500 -2156416 55144 -246928 0
9 1344420671430000 -2156408 53824 -247256 0
9 1344420671432500 -2156488 54968 -247160 0
9 1344420671435000 -2157416 54128 -246760 0
9 1344420671437500 -2156952 54304 -245680 0
9 1344420671440000 -2157072 54744 -246632 0
9 1344420671442500 -2156224 53776 -247408 0
9 1344420671445000 -2156024 53800 -246656 0
9 1344420671447500 -2156648 54184 -247632 0
9 1344420671450000 -2157176 54688 -247256 0
9 1344420671452500 -2156456 54192 -245712 0
9 1344420671455000 -2156944 54048 -246000 0
9 1344420671457500 -2155664 54464 -245984 0
9 1344420671460000 -2155928 54760 -247680 0
9 1344420671462500 -2156064 55560 -247200 0
9 1344420671465000 -2156896 54576 -246592 0
9 1344420671467500 -2156312 54984 -247288 0
9 1344420671470000 -2157528 54192 -246560 0
9 1344420671472500 -2157464 53128 -245992 0
9 1344420671475000 -2156136 54872 -246224 0
9 1344420671477500 -2156528 55232 -247144 0
9 1344420671480000 -2157432 54792 -246440 0
9 1344420671482500 -2158632 54616 -247488 0
9 1344420671485000 -2158336 53232 -246656 0
9 1344420671487500 -2157104 54592 -246984 0
9 1344420671490000 -2157128 53848 -246784 0
9 1344420671492500 -2157616 54760 -246928 0
9 1344420671495000 -2157320 55136 -246824 0
9 1344420671497500 -2158232 53832 -246912 0
