9 1344420709700000 -2157536 54008 -246304 0
9 1344420709702500 -2156088 52704 -246352 0
9 1344420709705000 -2156056 53136 -245760 0
9 1344420709707500 -2157888 54456 -245896 0
9 1344420709710000 -2154968 53936 -245664 0
9 1344420709712500 -2157512 53928 -246208 0
9 1344420709715000 -2156824 55120 -246816 0
9 1344420709717500 -2157208 54144 -246088 0
9 1344420709720000 -2157104 55616 -246496 0
9 1344420709722500 -2157648 53992 -247560 0
9 1344420709725000 -2156952 53488 -246112 0
9 1344420709727500 -2157560 54856 -246192 0
9 1344420709730000 -2157136 54256 -246328 0
9 1344420709732500 -2156712 54104 -246888 0
9 1344420709735000 -2156632 53640 -246568 0
9 1344420709737500 -2157600 55152 -246096 0
9 1344420709740000 -2158048 54088 -247440 0
9 1344420709742500 -2155848 53344 -245688 0
9 1344420709745000 -2157064 52720 -246696 0
9 1344420709747500 -2156432 54176 -246120 0
9 1344420709750000 -2154888 54168 -246928 0
9 1344420709752500 -2157080 53928 -246704 0
9 1344420709755000 -2157760 54576 -246616 0
9 1344420709757500 -2158280 53952 -246640 0
9 1344420709760000 -2157824 53536 -246288 0
9 1344420709762500 -2157896 54864 -246832 0
9 1344420709765000 -2157864 53880 -247120 0
9 1344420709767500 -2156816 53776 -246392 0
9 1344420709770000 -2157224 54168 -245752 0
9 1344420709772500 -2157424 54176 -246384 0
9 1344420709775000 -2157144 54344 -246056 0
9 1344420709777500 -2155432 53472 -246248 0
9 1344420709780000 -2157312 55200 -246384 0
9 1344420709782500 -2156240 54968 -246120 0
9 1344420709785000 -2156096 54792 -246152 0
9 1344420709787500 -2156816 54168 -245904 0
9 1344420709790000 -2157736 55024 -246032 0
9 1344420709792500 -2154776 54920 -245920 0
9 1344420709795000 -2156544 54688 -246648 0
9 1344420709797500 -2156872 54128 -244848 0
