9 1344420701800000 -2157184 53160 -246264 0
9 1344420701802500 -2155512 54728 -246584 0
9 1344420701805000 -2155608 53360 -245808 0
9 1344420701807500 -2156944 55000 -246848 0
9 1344420701810000 -2156288 54344 -245992 0
9 1344420701812500 -2156672 55800 -246664 0
9 1344420701815000 -2155784 54256 -247504 0
9 1344420701817500 -2156912 54272 -246640 0
9 1344420701820000 -2154928 54472 -247960 0
9 1344420701822500 -2156640 53824 -246232 0
9 1344420701825000 -2155528 54944 -246264 0
9 1344420701827500 -2156528 54432 -245928 0
9 1344420701830000 -2157152 53320 -246824 0
9 1344420701832500 -2157552 54560 -247672 0
9 1344420701835000 -2157256 53960 -246680 0
9 1344420701837500 -2157072 52944 -247504 0
9 1344420701840000 -2158024 53160 -245544 0
9 1344420701842500 -2157384 54400 -246672 0
9 1344420701845000 -2156112 53192 -247264 0
9 1344420701847500 -2157352 52592 -246960 0
9 1344420701850000 -2156976 52984 -246832 0
9 1344420701852500 -2157296 54488 -246864 0
9 1344420701855000 -2157024 52840 -247368 0
9 1344420701857500 -2155808 52008 -247176 0
9 1344420701860000 -2157008 53832 -247008 0
9 1344420701862500 -2156536 54160 -246728 0
9 1344420701865000 -2157288 54024 -246696 0
9 1344420701867500 -2157008 54176 -246320 0
9 1344420701870000 -2157576 53736 -246640 0
9 1344420701872500 -2155736 53768 -247080 0
9 1344420701875000 -2156472 53584 -245272 0
9 1344420701877500 -2157128 53208 -246880 0
9 1344420701880000 -2157272 53624 -246672 0
9 1344420701882500 -2156720 53088 -246056 0
9 1344420701885000 -2155904 54184 -246912 0
9 1344420701887500 -2157104 54088 -246760 0
9 1344420701890000 -2156632 54168 -246936 0
9 1344420701892500 -2156368 53280 -246696 0
9 1344420701895000 -2156896 52696 -246592 0
9 1344420701897500 -2156888 52856 -247112 0
