9 1344420696700000 -2156160 53352 -245944 0
9 1344420696702500 -2157144 54704 -246808 0
9 1344420696705000 -2157400 54144 -247744 0
9 1344420696707500 -2156400 52960 -245712 0
9 1344420696710000 -2156624 53224 -247280 0
9 1344420696712500 -2157640 54008 -247024 0
9 1344420696715000 -2157256 53496 -245128 0
9 1344420696717500 -2157216 53600 -247720 0
9 1344420696720000 -2156200 53584 -245584 0
9 1344420696722500 -2157152 53832 -248064 0
9 1344420696725000 -2156448 54280 -246872 0
9 1344420696727500 -2155328 53256 -245816 0
9 1344420696730000 -2160680 54936 -248904 0
9 1344420696732500 -2152632 52832 -245184 0
9 1344420696735000 -2160024 55320 -247984 0
9 1344420696737500 -2155112 53840 -245816 0
9 1344420696740000 -2158016 54872 -246984 0
9 1344420696742500 -2157160 53992 -246128 0
9 1344420696745000 -2158344 54424 -245648 0
9 1344420696747500 -2157344 53656 -246744 0
9 1344420696750000 -2156000 53000 -246632 0
9 1344420696752500 -2157656 53936 -247400 0
9 1344420696755000 -2157240 55264 -246296 0
9 1344420696757500 -2156624 56096 -247648 0
9 1344420696760000 -2155936 52792 -247808 0
9 1344420696762500 -2159904 55744 -246808 0
9 1344420696765000 -2152904 53768 -244864 0
9 1344420696767500 -2157832 55248 -248656 0
9 1344420696770000 -2155640 53464 -246528 0
9 1344420696772500 -2158832 54496 -245912 0
9 1344420696775000 -2155136 54032 -247016 0
9 1344420696777500 -2157888 53960 -246712 0
9 1344420696780000 -2158232 54520 -246432 0
9 1344420696782500 -2157176 54096 -247216 0
9 1344420696785000 -2154632 55528 -245816 0
9 1344420696787500 -2156928 52472 -246472 0
9 1344420696790000 -2158368 53936 -246704 0
9 1344420696792500 -2155112 55016 -247760 0
9 1344420696795000 -2155264 54200 -246216 0
9 1344420696797500 -2157728 53752 -246480 0
