9 1344420701600000 -2157696 53872 -245624 0
9 1344420701602500 -2155840 54712 -245776 0
9 1344420701605000 -2158360 54992 -246704 0
9 1344420701607500 -2156776 54648 -246696 0
9 1344420701610000 -2157896 54168 -247520 0
9 1344420701612500 -2157616 53976 -247264 0
9 1344420701615000 -2158376 53808 -246736 0
9 1344420701617500 -2156776 54008 -246720 0
9 1344420701620000 -2157696 55336 -246368 0
9 1344420701622500 -2157216 52912 -247144 0
9 1344420701625000 -2156824 54144 -247352 0
9 1344420701627500 -2154992 53720 -247296 0
9 1344420701630000 -2158064 54560 -246032 0
9 1344420701632500 -2156272 53624 -247480 0
9 1344420701635000 -2157832 54496 -246472 0
9 1344420701637500 -2156592 54672 -246568 0
9 1344420701640000 -2157120 53416 -246928 0
9 1344420701642500 -2157304 55144 -247368 0
9 1344420701645000 -2157784 53952 -246744 0
9 1344420701647500 -2156744 53128 -246184 0
9 1344420701650000 -2156200 54920 -246528 0
9 1344420701652500 -2157512 53624 -247024 0
9 1344420701655000 -2155424 53856 -247112 0
9 1344420701657500 -2155336 53624 -247144 0
9 1344420701660000 -2156896 54296 -246304 0
9 1344420701662500 -2155968 53880 -245984 0
9 1344420701665000 -2156056 54280 -247760 0
9 1344420701667500 -2157240 53824 -246424 0
9 1344420701670000 -2156264 54136 -245936 0
9 1344420701672500 -2156512 53888 -247024 0
9 1344420701675000 -2156968 54496 -246528 0
9 1344420701677500 -2156904 54440 -246128 0
9 1344420701680000 -2155880 55208 -246544 0
9 1344420701682500 -2157656 53888 -245816 0
9 1344420701685000 -2156816 53128 -246856 0
9 1344420701687500 -2157872 54320 -246904 0
9 1344420701690000 -2157432 54640 -245912 0
9 1344420701692500 -2157352 54528 -246496 0
9 1344420701695000 -2156872 54128 -245864 0
9 1344420701697500 -2156776 53728 -245736 0
