9 1344420675700000 -2157464 55056 -246416 0
9 1344420675702500 -2157728 54464 -246712 0
9 1344420675705000 -2157400 54200 -246584 0
9 1344420675707500 -2157696 53968 -246080 0
9 1344420675710000 -2158376 55176 -248264 0
9 1344420675712500 -2157296 53856 -247440 0
9 1344420675715000 -2156984 53744 -247128 0
9 1344420675717500 -2156880 54192 -246808 0
9 1344420675720000 -2156600 54880 -246736 0
9 1344420675722500 -2157128 53960 -246304 0
9 1344420675725000 -2155904 54584 -246072 0
9 1344420675727500 -2156552 55016 -246928 0
9 1344420675730000 -2157768 55456 -246736 0
9 1344420675732500 -2156480 54520 -248232 0
9 1344420675735000 -2156272 53920 -246440 0
9 1344420675737500 -2156560 54328 -245704 0
9 1344420675740000 -2157776 54248 -247416 0
9 1344420675742500 -2156568 55832 -246520 0
9 1344420675745000 -2157176 54880 -246552 0
9 1344420675747500 -2157848 54960 -245672 0
9 1344420675750000 -2157688 55136 -246968 0
9 1344420675752500 -2156760 55288 -245240 0
9 1344420675755000 -2156880 55144 -247304 0
9 1344420675757500 -2155888 54768 -247608 0
9 1344420675760000 -2156904 54528 -245816 0
9 1344420675762500 -2157296 54448 -246248 0
9 1344420675765000 -2156064 54224 -245536 0
9 1344420675767500 -2158736 55272 -247536 0
9 1344420675770000 -2157032 53912 -246744 0
9 1344420675772500 -2157536 54456 -247200 0
9 1344420675775000 -2155992 54360 -245032 0
9 1344420675777500 -2157384 54064 -246616 0
9 1344420675780000 -2158136 54616 -247608 0
9 1344420675782500 -2156352 55272 -245648 0
9 1344420675785000 -2156688 54104 -246136 0
9 1344420675787500 -2156560 53816 -247368 0
9 1344420675790000 -2155744 54048 -246312 0
9 1344420675792500 -2155648 53304 -245760 0
9 1344420675795000 -2157200 54040 -246472 0
9 1344420675797500 -2155872 55144 -246552 0
