9 1344420673800000 -2154984 54616 -246704 0
9 1344420673802500 -2156824 54552 -246288 0
9 1344420673805000 -2157400 54344 -247000 0
9 1344420673807500 -2156048 53712 -246152 0
9 1344420673810000 -2156384 53816 -246456 0
9 1344420673812500 -2158248 53976 -247016 0
9 1344420673815000 -2156112 54128 -247208 0
9 1344420673817500 -2156464 55744 -246640 0
9 1344420673820000 -2157520 53128 -246256 0
9 1344420673822500 -2157200 54336 -246312 0
9 1344420673825000 -2156944 54024 -247064 0
9 1344420673827500 -2157672 54448 -246208 0
9 1344420673830000 -2157648 54384 -248040 0
9 1344420673832500 -2157576 54000 -246880 0
9 1344420673835000 -2157488 53864 -247096 0
9 1344420673837500 -2157432 55264 -246392 0
9 1344420673840000 -2157592 53568 -245464 0
9 1344420673842500 -2156992 54064 -247456 0
9 1344420673845000 -2157392 54088 -247456 0
9 1344420673847500 -2155936 54776 -246840 0
9 1344420673850000 -2157208 54496 -247192 0
9 1344420673852500 -2157616 55264 -246464 0
9 1344420673855000 -2157368 55176 -246520 0
9 1344420673857500 -2156856 54088 -246800 0
9 1344420673860000 -2156880 53136 -246720 0
9 1344420673862500 -2158192 54048 -246960 0
9 1344420673865000 -2157032 55320 -246360 0
9 1344420673867500 -2156112 54648 -245520 0
9 1344420673870000 -2156296 54344 -246296 0
9 1344420673872500 -2157664 55328 -246744 0
9 1344420673875000 -2158768 53552 -246976 0
9 1344420673877500 -2157392 53000 -246624 0
9 1344420673880000 -2157248 53680 -245648 0
9 1344420673882500 -2157536 53704 -246512 0
9 1344420673885000 -2157176 54312 -246160 0
9 1344420673887500 -2156344 53680 -246120 0
9 1344420673890000 -2156728 54000 -245936 0
9 1344420673892500 -2156728 54072 -246680 0
9 1344420673895000 -2157128 54456 -247984 0
9 1344420673897500 -2157904 54104 -246912 0
