9 1344420670200000 -2157888 54784 -246120 0
9 1344420670202500 -2156968 55096 -247696 0
9 1344420670205000 -2158456 55320 -246560 0
9 1344420670207500 -2156648 54784 -247320 0
9 1344420670210000 -2155696 55136 -247192 0
9 1344420670212500 -2156472 54424 -246616 0
9 1344420670215000 -2156672 53048 -246592 0
9 1344420670217500 -2156984 54384 -246728 0
9 1344420670220000 -2156168 53992 -247080 0
9 1344420670222500 -2157336 52960 -248416 0
9 1344420670225000 -2156448 55080 -246504 0
9 1344420670227500 -2155792 53136 -247296 0
9 1344420670230000 -2157416 52960 -246640 0
9 1344420670232500 -2156064 54928 -245920 0
9 1344420670235000 -2157256 54448 -247016 0
9 1344420670237500 -2157520 54064 -247368 0
9 1344420670240000 -2156592 53768 -246584 0
9 1344420670242500 -2156968 53744 -246680 0
9 1344420670245000 -2155408 54424 -246960 0
9 1344420670247500 -2156944 53672 -246864 0
9 1344420670250000 -2156216 54128 -246864 0
9 1344420670252500 -2156240 53816 -245632 0
9 1344420670255000 -2156128 54904 -246976 0
9 1344420670257500 -2156856 54312 -246104 0
9 1344420670260000 -2157312 55152 -247040 0
9 1344420670262500 -2156920 53960 -247080 0
9 1344420670265000 -2157352 54920 -247696 0
9 1344420670267500 -2155368 54824 -246968 0
9 1344420670270000 -2157088 54344 -247424 0
9 1344420670272500 -2156120 54336 -247952 0
9 1344420670275000 -2155952 54448 -245928 0
9 1344420670277500 -2157192 53920 -247352 0
9 1344420670280000 -2156448 54960 -245456 0
9 1344420670282500 -2156616 55240 -246104 0
9 1344420670285000 -2156208 55256 -246248 0
9 1344420670287500 -2156760 55488 -247152 0
9 1344420670290000 -2157816 53032 -246944 0
9 1344420670292500 -2156864 54200 -246072 0
9 1344420670295000 -2158288 54488 -247472 0
9 1344420670297500 -2157272 54344 -247280 0
