9 1344420673000000 -2156176 55400 -246336 0
9 1344420673002500 -2157208 54072 -246824 0
9 1344420673005000 -2156400 53920 -247024 0
9 1344420673007500 -2157608 52816 -247320 0
9 1344420673010000 -2157488 53304 -247248 0
9 1344420673012500 -2156088 54040 -246736 0
9 1344420673015000 -2157328 54232 -246728 0
9 1344420673017500 -2156896 54552 -245640 0
9 1344420673020000 -2156280 54048 -246632 0
9 1344420673022500 -2156312 54688 -246816 0
9 1344420673025000 -2157048 53208 -247232 0
9 1344420673027500 -2158728 54120 -246736 0
9 1344420673030000 -2157112 53392 -246480 0
9 1344420673032500 -2156240 53920 -247360 0
9 1344420673035000 -2156624 53848 -246856 0
9 1344420673037500 -2157560 54680 -246592 0
9 1344420673040000 -2157064 53752 -246848 0
9 1344420673042500 -2157808 53448 -248024 0
9 1344420673045000 -2156648 53448 -247584 0
9 1344420673047500 -2157272 55712 -247584 0
9 1344420673050000 -2156984 54520 -246016 0
9 1344420673052500 -2156184 54576 -247392 0
9 1344420673055000 -2157616 54576 -245944 0
9 1344420673057500 -2156760 53240 -246296 0
9 1344420673060000 -2157128 54776 -247192 0
9 1344420673062500 -2156848 53800 -247304 0
9 1344420673065000 -2156608 54152 -247368 0
9 1344420673067500 -2157472 54280 -246872 0
9 1344420673070000 -2155976 54344 -247408 0
9 1344420673072500 -2157008 53736 -245856 0
9 1344420673075000 -2158248 54624 -247568 0
9 1344420673077500 -2157008 53608 -246992 0
9 1344420673080000 -2156392 53728 -246648 0
9 1344420673082500 -2157392 55096 -245768 0
9 1344420673085000 -2157496 54976 -245152 0
9 1344420673087500 -2156968 53944 -246800 0
9 1344420673090000 -2156296 53344 -247192 0
9 1344420673092500 -2157816 52680 -246176 0
9 1344420673095000 -2158096 53096 -247200 0
9 1344420673097500 -2156800 54112 -246672 0
