9 1344420674900000 -2157000 53760 -246656 0
9 1344420674902500 -2156248 55048 -246680 0
9 1344420674905000 -2157368 55032 -246504 0
9 1344420674907500 -2157328 54480 -247312 0
9 1344420674910000 -2155520 53624 -245624 0
9 1344420674912500 -2157160 53712 -246760 0
9 1344420674915000 -2156320 53600 -247088 0
9 1344420674917500 -2155920 53608 -247112 0
9 1344420674920000 -2156728 54736 -247072 0
9 1344420674922500 -2156640 54776 -246576 0
9 1344420674925000 -2156520 54968 -246928 0
9 1344420674927500 -2156040 53128 -247712 0
9 1344420674930000 -2156712 55104 -247320 0
9 1344420674932500 -2158056 54528 -245848 0
9 1344420674935000 -2157224 54880 -247848 0
9 1344420674937500 -2157296 56224 -246416 0
9 1344420674940000 -2157328 54384 -246624 0
9 1344420674942500 -2157320 55112 -246920 0
9 1344420674945000 -2156336 53624 -247576 0
9 1344420674947500 -2157792 54168 -246480 0
9 1344420674950000 -2156872 55784 -246328 0
9 1344420674952500 -2157200 53552 -246488 0
9 1344420674955000 -2157472 54480 -246024 0
9 1344420674957500 -2157088 53656 -247528 0
9 1344420674960000 -2156752 54800 -245616 0
9 1344420674962500 -2156656 55128 -246824 0
9 1344420674965000 -2156744 54640 -246512 0
9 1344420674967500 -2156888 53472 -246920 0
9 1344420674970000 -2157504 54248 -247224 0
9 1344420674972500 -2157496 54624 -246792 0
9 1344420674975000 -2156984 53160 -246064 0
9 1344420674977500 -2156832 55368 -246712 0
9 1344420674980000 -2156408 54768 -248360 0
9 1344420674982500 -2156208 53288 -246104 0
9 1344420674985000 -2157256 54568 -247496 0
9 1344420674987500 -2156792 54680 -247304 0
9 1344420674990000 -2157584 55120 -246440 0
9 1344420674992500 -2155664 52976 -247984 0
9 1344420674995000 -2156776 54912 -245976 0
9 1344420674997500 -2156952 54504 -247552 0
