9 1344420681800000 -2158496 54352 -247752 0
9 1344420681802500 -2153896 53176 -246464 0
9 1344420681805000 -2160984 55808 -247272 0
9 1344420681807500 -2153840 53456 -245368 0
9 1344420681810000 -2158168 54872 -248712 0
9 1344420681812500 -2155560 52104 -246256 0
9 1344420681815000 -2159480 55192 -247368 0
9 1344420681817500 -2153016 53800 -246776 0
9 1344420681820000 -2158928 54616 -246896 0
9 1344420681822500 -2157496 53056 -245992 0
9 1344420681825000 -2156712 54872 -246752 0
9 1344420681827500 -2155480 53040 -247096 0
9 1344420681830000 -2158096 54376 -246072 0
9 1344420681832500 -2157000 52648 -246864 0
9 1344420681835000 -2157680 54568 -246936 0
9 1344420681837500 -2155600 54352 -245696 0
9 1344420681840000 -2156880 55320 -246968 0
9 1344420681842500 -2156624 53440 -246280 0
9 1344420681845000 -2158424 54352 -247008 0
9 1344420681847500 -2156480 54928 -246152 0
9 1344420681850000 -2157352 53120 -246928 0
9 1344420681852500 -2158904 53720 -247552 0
9 1344420681855000 -2157192 54608 -246936 0
9 1344420681857500 -2157976 54608 -246456 0
9 1344420681860000 -2157040 53904 -245752 0
9 1344420681862500 -2156616 52760 -247648 0
9 1344420681865000 -2156368 53904 -246792 0
9 1344420681867500 -2158008 52856 -247424 0
9 1344420681870000 -2158560 53816 -247136 0
9 1344420681872500 -2157512 54008 -247280 0
9 1344420681875000 -2156320 54104 -247136 0
9 1344420681877500 -2159376 55072 -246960 0
9 1344420681880000 -2155552 54408 -246992 0
9 1344420681882500 -2158896 54280 -247048 0
9 1344420681885000 -2155400 52200 -246808 0
9 1344420681887500 -2161008 55656 -247784 0
9 1344420681890000 -2154024 52600 -246760 0
9 1344420681892500 -2160088 53688 -246992 0
9 1344420681895000 -2155800 54088 -246296 0
9 1344420681897500 -2159104 55384 -245712 0
