9 1344420695400000 -2157896 55136 -246856 0
9 1344420695402500 -2155480 53960 -246464 0
9 1344420695405000 -2159416 55224 -246064 0
9 1344420695407500 -2155912 54280 -246656 0
9 1344420695410000 -2157192 54416 -245560 0
9 1344420695412500 -2156152 53720 -246856 0
9 1344420695415000 -2156760 54376 -246808 0
9 1344420695417500 -2156480 54336 -245488 0
9 1344420695420000 -2156352 54192 -246960 0
9 1344420695422500 -2157344 52968 -246696 0
9 1344420695425000 -2156528 54776 -246328 0
9 1344420695427500 -2158344 54328 -246256 0
9 1344420695430000 -2156264 54960 -245896 0
9 1344420695432500 -2156888 53344 -245712 0
9 1344420695435000 -2156688 54800 -246776 0
9 1344420695437500 -2156368 54232 -246712 0
9 1344420695440000 -2158936 53712 -245688 0
9 1344420695442500 -2156984 54112 -246504 0
9 1344420695445000 -2157384 54728 -246632 0
9 1344420695447500 -2156576 52952 -246456 0
9 1344420695450000 -2158608 53648 -247592 0
9 1344420695452500 -2156744 54592 -246664 0
9 1344420695455000 -2157432 53648 -246472 0
9 1344420695457500 -2155352 53752 -246016 0
9 1344420695460000 -2156192 54744 -246568 0
9 1344420695462500 -2156680 54776 -246120 0
9 1344420695465000 -2157440 54784 -248240 0
9 1344420695467500 -2157128 53512 -246120 0
9 1344420695470000 -2157472 55336 -245704 0
9 1344420695472500 -2155976 54552 -247312 0
9 1344420695475000 -2156384 54088 -246856 0
9 1344420695477500 -2156008 53152 -247360 0
9 1344420695480000 -2158120 53680 -246344 0
9 1344420695482500 -2159248 54224 -246576 0
9 1344420695485000 -2156680 53752 -245008 0
9 1344420695487500 -2158008 55072 -246400 0
9 1344420695490000 -2156488 53464 -246616 0
9 1344420695492500 -2157128 53824 -246360 0
9 1344420695495000 -2155488 54296 -245944 0
9 1344420695497500 -2157136 53656 -246512 0
