9 1344420716400000 -2156688 54200 -246816 0
9 1344420716402500 -2157576 54400 -246800 0
9 1344420716405000 -2156624 55232 -246520 0
9 1344420716407500 -2156848 53464 -247088 0
9 1344420716410000 -2157192 54376 -247464 0
9 1344420716412500 -2156224 54216 -246136 0
9 1344420716415000 -2158032 53256 -247480 0
9 1344420716417500 -2156296 54600 -246168 0
9 1344420716420000 -2155912 53856 -246344 0
9 1344420716422500 -2158064 53152 -245824 0
9 1344420716425000 -2156400 54264 -246448 0
9 1344420716427500 -2156832 54256 -246680 0
9 1344420716430000 -2157624 53864 -246224 0
9 1344420716432500 -2156848 53032 -246296 0
9 1344420716435000 -2156528 53704 -246008 0
9 1344420716437500 -2156176 54760 -246056 0
9 1344420716440000 -2156712 54096 -247424 0
9 1344420716442500 -2157768 53592 -248160 0
9 1344420716445000 -2156104 54288 -246728 0
9 1344420716447500 -2158088 54712 -248104 0
9 1344420716450000 -2156528 54184 -246208 0
9 1344420716452500 -2156184 54824 -245848 0
9 1344420716455000 -2157752 54192 -245768 0
9 1344420716457500 -2158368 54640 -246424 0
9 1344420716460000 -2157536 55008 -246728 0
9 1344420716462500 -2157096 53616 -245216 0
9 1344420716465000 -2157344 54128 -246752 0
9 1344420716467500 -2156504 53328 -245488 0
9 1344420716470000 -2157288 54440 -245792 0
9 1344420716472500 -2156584 54352 -246672 0
9 1344420716475000 -2157088 54816 -247400 0
9 1344420716477500 -2157056 54264 -247256 0
9 1344420716480000 -2157392 55144 -246280 0
9 1344420716482500 -2157936 54056 -245560 0
9 1344420716485000 -2157152 53768 -246504 0
9 1344420716487500 -2157856 54648 -246600 0
9 1344420716490000 -2157000 54872 -246776 0
9 1344420716492500 -2157424 54192 -246296 0
9 1344420716495000 -2157264 53528 -246800 0
9 1344420716497500 -2157640 53760 -246608 0
