9 1344420681400000 -2158512 54568 -246432 0
9 1344420681402500 -2155904 53784 -246576 0
9 1344420681405000 -2158336 54552 -247720 0
9 1344420681407500 -2156728 53296 -246816 0
9 1344420681410000 -2158112 54432 -246360 0
9 1344420681412500 -2155368 53120 -245376 0
9 1344420681415000 -2157744 53080 -246864 0
9 1344420681417500 -2158072 53880 -247672 0
9 1344420681420000 -2156992 54904 -245880 0
9 1344420681422500 -2155408 55000 -247000 0
9 1344420681425000 -2157280 54592 -246296 0
9 1344420681427500 -2158040 54416 -247568 0
9 1344420681430000 -2156320 54472 -246752 0
9 1344420681432500 -2157624 54600 -247392 0
9 1344420681435000 -2155296 53104 -246776 0
9 1344420681437500 -2158232 54384 -247312 0
9 1344420681440000 -2155760 54432 -245880 0
9 1344420681442500 -2159536 54712 -246392 0
9 1344420681445000 -2155288 53248 -245720 0
9 1344420681447500 -2158144 53968 -247496 0
9 1344420681450000 -2154336 53640 -246320 0
9 1344420681452500 -2158400 53664 -247528 0
9 1344420681455000 -2157256 53672 -246480 0
9 1344420681457500 -2157880 54824 -246840 0
9 1344420681460000 -2157192 54352 -247432 0
9 1344420681462500 -2158376 54904 -246904 0
9 1344420681465000 -2157344 53456 -246352 0
9 1344420681467500 -2156256 54936 -245640 0
9 1344420681470000 -2158200 53672 -246616 0
9 1344420681472500 -2156608 53992 -247000 0
9 1344420681475000 -2158728 54944 -246832 0
9 1344420681477500 -2157376 54056 -246480 0
9 1344420681480000 -2156616 53352 -248312 0
9 1344420681482500 -2156488 53432 -246552 0
9 1344420681485000 -2156912 55184 -247624 0
9 1344420681487500 -2157712 54152 -245872 0
9 1344420681490000 -2156288 54240 -247472 0
9 1344420681492500 -2157296 53048 -247416 0
9 1344420681495000 -2156776 55312 -246504 0
9 1344420681497500 -2156984 54528 -247312 0
